/*--------------------------------*- C++ -*----------------------------------*\
  =========                 |
  \\      /  F ield         | OpenFOAM: The Open Source CFD Toolbox
   \\    /   O peration     | Website:  https://openfoam.org
    \\  /    A nd           | Version:  7
     \\/     M anipulation  |
\*---------------------------------------------------------------------------*/
FoamFile
{
    version     2.0;
    format      ascii;
    class       surfaceScalarField;
    location    "0.03";
    object      phi;
}
// * * * * * * * * * * * * * * * * * * * * * * * * * * * * * * * * * * * * * //

dimensions      [1 0 -1 0 0 0 0];

internalField   nonuniform List<scalar> 
1567
(
-3.84057821346e-09
9.02358917636e-08
-1.38088872577e-08
2.69131203083e-07
4.18199382235e-07
1.55691512452e-09
8.85261607222e-08
4.63598334265e-10
2.69767085789e-07
4.17902484569e-07
-3.96651021432e-10
8.88222814711e-08
-7.55407810801e-09
2.76625818667e-07
4.09856080088e-07
-3.77589369381e-09
9.24898922858e-08
-4.9573721079e-09
2.77488633271e-07
3.85417645212e-07
1.88444177961e-08
3.28956002684e-10
9.20478281821e-08
1.3697560257e-08
2.63780978113e-07
3.64893384349e-07
3.37000811604e-08
1.05165758973e-09
9.08769737608e-08
7.72525238328e-09
2.56740808707e-07
3.48460568995e-07
2.35984976416e-08
1.19430107175e-10
9.06313406908e-08
3.97341193145e-09
2.52474736527e-07
3.38107174163e-07
1.36551708638e-08
8.46712643108e-10
8.96504431666e-08
5.23195961491e-09
2.47623143014e-07
3.28549150667e-07
1.39707521504e-08
1.71403931589e-09
8.77922805908e-08
8.40904257431e-09
2.40401286633e-07
3.18558112336e-07
1.74437757303e-08
2.86794858477e-09
8.47640532615e-08
1.29399647233e-08
2.29743680725e-07
3.07433079751e-07
2.30554665733e-08
4.46350526471e-09
8.01184696286e-08
1.72734267849e-08
2.16322091714e-07
2.94223316191e-07
2.95585775725e-08
6.0170491979e-09
7.39086095218e-08
2.07978412797e-08
2.00980451282e-07
2.78330401041e-07
3.59961043598e-08
7.26591521861e-09
6.6481569796e-08
2.43757248817e-08
1.83478464767e-07
2.58462066294e-07
4.3910772412e-08
8.37332488354e-09
5.80382668224e-08
2.92758421091e-08
1.62473494749e-07
2.32609474264e-07
5.52383498219e-08
9.37050545025e-09
4.87195959089e-08
3.45052154262e-08
1.37553772885e-07
1.99504442132e-07
6.80681075399e-08
9.61025198335e-09
3.92224360709e-08
3.60571759235e-08
1.11415747136e-07
1.63206008857e-07
7.26959777023e-08
8.20991280405e-09
3.10632091544e-08
3.09693432479e-08
8.87021825119e-08
1.31702773766e-07
6.21808854681e-08
5.38607202244e-09
2.56270825885e-08
2.00605099516e-08
7.37702921809e-08
1.11294751435e-07
3.97158770764e-08
2.46794719316e-09
2.3067422723e-08
9.32233529353e-09
6.65668514523e-08
1.01900516073e-07
1.79021246909e-08
6.654959455e-10
2.23193939214e-08
2.50114149862e-09
6.44136626467e-08
9.96412052822e-08
4.00203960266e-09
-2.80203816694e-10
2.25390092331e-08
-1.34388113432e-09
6.52208581142e-08
1.01493977779e-07
-3.86865473245e-09
-6.11361773601e-10
2.31020334523e-08
-2.49661161984e-09
6.68833620296e-08
1.04973902873e-07
-6.58972702759e-09
-8.28619309593e-10
2.38752541942e-08
-3.5787391162e-09
6.93966747169e-08
1.09560867593e-07
-8.79360277362e-09
-4.14868738388e-10
2.4205176375e-08
-2.1273800185e-09
7.07924132324e-08
1.12240745013e-07
-5.52332715549e-09
6.61482885514e-10
2.34066221482e-08
2.48094493561e-09
6.85211325521e-08
1.09365851494e-07
4.46434938953e-09
3.06660845401e-09
2.01374283922e-08
1.18206250021e-08
5.91325251468e-08
9.42629498133e-08
2.57939386378e-08
7.75558223062e-09
1.21217483979e-08
2.95970581014e-08
3.65145525323e-08
5.71913476679e-08
6.53745602328e-08
1.4552511607e-08
-1.90208781677e-09
5.8770866904e-08
-6.08933926181e-09
-1.20681493443e-08
1.308759632e-07
1.38703991516e-08
-1.68329444833e-08
5.47273863237e-08
-5.01076145434e-08
-8.4469312028e-08
1.21941364094e-07
9.560675207e-09
-3.58762781543e-08
3.83025824943e-08
-1.06928942816e-07
-1.79037010069e-07
8.6253327169e-08
7.32601305437e-09
-5.14618833248e-08
3.07196437505e-08
-1.54740941374e-07
-2.57412996165e-07
6.92091779652e-08
1.39290172924e-09
4.90025149635e-09
9.79998340885e-09
2.16756142991e-07
-2.03633971704e-07
2.36281008494e-07
1.40733745925e-08
2.48554187157e-07
1.15705714557e-08
2.64245825752e-07
-2.16437169875e-09
2.73880556382e-07
3.75678010164e-09
2.77995188759e-07
1.24903324876e-08
2.77826324427e-07
2.23665336281e-08
2.73462008999e-07
3.32140748095e-08
2.64806957537e-07
4.42275711457e-08
2.5070583029e-07
5.79671012721e-08
2.28882759596e-07
7.73878530582e-08
1.98026417837e-07
9.93754889438e-08
1.6357460668e-07
1.07129695514e-07
1.34339438908e-07
9.05525299085e-08
1.16418717391e-07
5.63919997255e-08
1.08717461324e-07
2.4363750924e-08
1.07474544743e-07
4.0305373574e-09
1.10484741033e-07
-8.01678192938e-09
1.15227583469e-07
-1.23983193853e-08
1.21284195086e-07
-1.59069086945e-08
1.25775479148e-07
-1.11218238213e-08
1.23189226267e-07
5.81206615148e-09
1.06146916334e-07
4.13863765422e-08
6.23641939011e-08
1.07646259944e-07
-1.79277029863e-08
2.14835653898e-07
-1.03156792969e-07
2.01104093722e-07
-2.16145652859e-07
1.43454273857e-07
-3.08000335769e-07
1.14539307047e-07
1.57899532302e-08
1.56378861734e-07
7.07786890679e-07
2.55344181777e-07
1.28153978112e-06
3.63467509578e-07
1.91552162518e-06
5.25979732803e-07
2.6577854417e-06
7.13146197439e-07
3.61463163962e-06
8.45689333307e-07
4.87321317296e-06
9.68122264386e-07
6.3542676577e-06
1.05120006066e-06
8.18544272232e-06
1.12581625259e-06
1.03703273147e-05
1.17821204514e-06
1.30293884808e-05
1.2257756376e-06
1.62227872094e-05
1.25239071025e-06
2.00933309845e-05
1.25463134236e-06
2.47559090571e-05
1.23351845861e-06
3.03583919062e-05
1.13829903473e-06
3.71344571551e-05
1.05017030451e-06
4.51673542858e-05
7.94224733591e-07
5.49766030462e-05
6.03795887215e-07
6.6460303864e-05
-5.53501795724e-08
8.07527325196e-05
9.65469859326e-05
3.25765808167e-07
3.16341541402e-07
6.43829632285e-07
9.14244226331e-07
1.19339808762e-06
1.30174424536e-06
1.32858092613e-06
2.4310577899e-06
1.51725272663e-06
3.29671318197e-06
1.6261131071e-06
4.59337720583e-06
1.74834978782e-06
6.01045625703e-06
1.84021117118e-06
7.81142599838e-06
1.93152365079e-06
9.92495243366e-06
2.00568372352e-06
1.25152552424e-05
2.06409336454e-06
1.5621636101e-05
2.08996943168e-06
1.94024578546e-05
2.07908426558e-06
2.39564377217e-05
2.02519621125e-06
2.94290336918e-05
1.8953575335e-06
3.60795280702e-05
1.73624019258e-06
4.39082136489e-05
1.40952604446e-06
5.36141403453e-05
1.08521604949e-06
6.47799008008e-05
-1.52194727953e-08
7.94873371996e-05
9.37262001289e-05
-1.69448428799e-07
4.42396901934e-07
-1.0514320417e-07
6.05460129527e-07
6.61262252121e-08
9.35575540305e-07
5.82902897634e-07
1.80769071503e-06
1.07080745446e-06
2.75436184848e-06
1.20696822448e-06
4.35373304365e-06
1.34231786249e-06
5.73729342841e-06
1.39674762716e-06
7.57974113756e-06
1.44856570539e-06
9.6505825615e-06
1.48373523588e-06
1.22038747051e-05
1.50481689929e-06
1.52600257764e-05
1.50555237676e-06
1.89845214408e-05
1.48364461479e-06
2.34701912193e-05
1.43319318349e-06
2.88630143409e-05
1.34291239921e-06
3.54276769857e-05
1.22888604927e-06
4.31360265783e-05
1.02746540152e-06
5.27637206154e-05
7.98901867582e-07
6.3762749638e-05
-1.23873204355e-07
7.89428795446e-05
9.18643986419e-05
-1.79838151666e-07
3.36534126881e-07
7.28777263208e-08
1.20938780306e-07
3.30794067403e-07
3.70799800131e-07
9.05383896986e-07
9.7547704099e-07
1.14050616702e-06
2.43767935388e-06
1.54968374001e-06
3.9000237317e-06
1.65186544439e-06
5.50107319883e-06
1.66673941939e-06
7.36871027601e-06
1.67337979049e-06
9.39358500532e-06
1.66525468779e-06
1.19005773042e-05
1.65203134417e-06
1.48891447341e-05
1.62481955862e-06
1.85410920901e-05
1.5807778508e-06
2.29412143422e-05
1.51320563932e-06
2.82357229798e-05
1.41851299655e-06
3.46860015106e-05
1.30331333181e-06
4.22531645463e-05
1.13752370153e-06
5.1746432849e-05
9.2327601057e-07
6.25765642948e-05
4.97589484054e-07
7.77179844728e-05
9.21609800364e-05
-1.78151332985e-06
-1.4766056534e-08
3.54835918188e-07
-2.31200345286e-08
8.89711254706e-08
7.59131669673e-08
1.44944206604e-07
3.51941490454e-07
3.39069543485e-07
1.0336353382e-06
1.37084232684e-06
1.64746644976e-06
3.07680890705e-06
1.86827724984e-06
5.21900134614e-06
1.91464144924e-06
7.1356009312e-06
1.86595330942e-06
9.17707750069e-06
1.81904737014e-06
1.16125583898e-05
1.76989500465e-06
1.45240125738e-05
1.71568703268e-06
1.80873492239e-05
1.65289074309e-06
2.23857091547e-05
1.57263479971e-06
2.75667979439e-05
1.47899188729e-06
3.38781542677e-05
1.36948960264e-06
4.12876217742e-05
1.26307681886e-06
5.05795857426e-05
1.16229409991e-06
6.11715045256e-05
1.28459923357e-06
7.58170503165e-05
8.9240512273e-05
2.28820945643e-06
-1.65010379782e-08
3.78135113443e-07
-1.17267253351e-08
7.05322754711e-08
9.24021640781e-08
4.22369860698e-08
2.94436349652e-07
2.74247458292e-07
8.29760291294e-07
1.16193947986e-06
1.60763357252e-06
2.66746150002e-06
2.05508614718e-06
4.89767126904e-06
2.17392368246e-06
6.91915185782e-06
2.12634028957e-06
8.96255345533e-06
2.05868353619e-06
1.13290563006e-05
1.9889677068e-06
1.41566262541e-05
1.91561863675e-06
1.76244768121e-05
1.83868456996e-06
2.18102278105e-05
1.74695848197e-06
2.68688187822e-05
1.65033672022e-06
3.30251794814e-05
1.53974926011e-06
4.0266835552e-05
1.48182728391e-06
4.9298867356e-05
1.46284365978e-06
5.96095045166e-05
2.05082684193e-06
7.33583992809e-05
8.47351858448e-05
4.38213134348e-06
-4.07871536386e-08
4.12393148699e-07
-7.65256948281e-08
9.29850571869e-08
1.02118488582e-08
-1.80082472135e-08
3.17290122939e-07
2.23803560751e-07
1.0299613883e-06
1.10519371432e-06
1.75335311745e-06
2.734955606e-06
2.24180058573e-06
4.70869478928e-06
2.4303174457e-06
6.68732728238e-06
2.42438323974e-06
8.69026084208e-06
2.36521157997e-06
1.10221414896e-05
2.29437436001e-06
1.37706130094e-05
2.2096288485e-06
1.71486131026e-05
2.12183395811e-06
2.12164795984e-05
2.01776292226e-06
2.6148559449e-05
1.91272008998e-06
3.21394869134e-05
1.79142709757e-06
3.92084882136e-05
1.75834376888e-06
4.79373656482e-05
1.75134710815e-06
5.79715625154e-05
2.72359828464e-06
7.04405797312e-05
8.05337568276e-05
4.57206137907e-06
-4.08629776009e-08
4.53441351407e-07
-8.94323344158e-08
1.30555577253e-07
-4.64025286776e-08
-4.9489314148e-08
2.75105219506e-07
1.39323347065e-07
9.26530017768e-07
9.57295679322e-07
1.75082706086e-06
2.46411751528e-06
2.32327523631e-06
4.37348647751e-06
2.63135370093e-06
6.30752744233e-06
2.71877738145e-06
8.33403948885e-06
2.71524487624e-06
1.06486199524e-05
2.66045728865e-06
1.33470583546e-05
2.57152596546e-06
1.6650284748e-05
2.47137913389e-06
2.06036836082e-05
2.35263551863e-06
2.54054379543e-05
2.23368328253e-06
3.12222914788e-05
2.09250340206e-06
3.81156114013e-05
2.05462051665e-06
4.65164263738e-05
2.01296867496e-06
5.62934176346e-05
2.94767298639e-06
6.74745947832e-05
7.69682708841e-05
4.05975560743e-06
-3.73563418849e-08
5.01177338314e-07
-9.37414915502e-08
1.78127100736e-07
-8.00932436304e-08
-6.37120882323e-08
2.47706789805e-07
3.98792765214e-08
8.42654609258e-07
7.23412697631e-07
1.64911322491e-06
2.02897182178e-06
2.32880244967e-06
3.85575537043e-06
2.80841616873e-06
5.75225423542e-06
3.03250785945e-06
7.84252637601e-06
3.11866290151e-06
1.01908133277e-05
3.09285644702e-06
1.2857629878e-05
3.00748607897e-06
1.61148530012e-05
2.88891495232e-06
1.997185402e-05
2.75102626845e-06
2.46373164629e-05
2.61130415598e-06
3.02719470923e-05
2.4404857686e-06
3.69863466626e-05
2.36858011229e-06
4.50497958596e-05
2.25390398188e-06
5.45931139081e-05
2.92033268725e-06
6.46655330792e-05
7.38095833803e-05
3.5103774874e-06
-2.36667544096e-08
5.4641450854e-07
-8.24214378811e-08
2.30702546058e-07
-9.07858003341e-08
-5.88023707739e-08
2.46851197953e-07
-3.64561150408e-08
8.1949876227e-07
4.96517690275e-07
1.61999941396e-06
1.57491242661e-06
2.40162771451e-06
3.24586319066e-06
3.03419153116e-06
5.06781858866e-06
3.401899237e-06
7.20369426608e-06
3.59188002094e-06
9.57980240983e-06
3.62304620289e-06
1.2310251104e-05
3.53729173098e-06
1.55266381163e-05
3.41100740807e-06
1.93009066406e-05
3.24079857479e-06
2.38490112652e-05
3.06888663167e-06
2.92905691443e-05
2.85658585215e-06
3.58203777377e-05
2.72223644264e-06
4.35493715989e-05
2.50148794921e-06
5.28813163571e-05
2.81504882189e-06
6.20683234751e-05
7.09926022778e-05
2.89978615352e-06
4.20188893719e-09
5.75007863539e-07
-5.2953516482e-08
2.8436538992e-07
-7.34547779031e-08
-3.82032382484e-08
2.54605445881e-07
-7.23521543621e-08
8.0535787175e-07
3.35957086293e-07
1.59088122046e-06
1.17410414266e-06
2.47667509011e-06
2.5512049733e-06
3.26216620581e-06
4.22979855375e-06
3.80180963097e-06
6.38206361723e-06
4.12061649104e-06
8.78405570109e-06
4.21394915157e-06
1.16026929867e-05
4.19676072005e-06
1.4849470775e-05
4.05639421584e-06
1.85751057137e-05
3.8542665794e-06
2.30270516402e-05
3.63613710816e-06
2.82798280794e-05
3.36786123153e-06
3.46176858038e-05
3.14364874303e-06
4.20234273918e-05
2.78352089568e-06
5.11656799019e-05
2.73381538744e-06
5.96602792345e-05
6.84294374604e-05
2.35711329172e-06
3.62605893316e-08
5.83216396721e-07
-1.07206794632e-08
3.28364703634e-07
-3.16851154361e-08
-3.71221210861e-09
2.9887643292e-07
-6.70327226797e-08
8.4364138828e-07
2.36102184048e-07
1.57017598484e-06
7.9439030686e-07
2.46263898541e-06
1.77531861962e-06
3.35444905474e-06
3.21414379026e-06
4.11465091086e-06
5.27600636377e-06
4.65293104959e-06
7.72169231298e-06
4.89751082546e-06
1.06875792469e-05
4.94340074692e-06
1.39943653271e-05
4.84255078296e-06
1.77718441889e-05
4.61581216868e-06
2.21395688159e-05
4.33897594547e-06
2.72329116255e-05
3.99815644905e-06
3.33741292525e-05
3.65438088994e-06
4.04763010428e-05
3.12376449956e-06
4.94458059919e-05
2.7081298846e-06
5.74056928592e-05
6.60414950821e-05
1.90990336438e-06
7.27711987665e-08
5.69276279156e-07
4.89022041286e-08
3.49038061368e-07
2.98038810938e-08
4.70846827828e-08
3.890620528e-07
8.10662250536e-09
9.38150800628e-07
1.37276573e-07
1.51852560239e-06
4.49671106715e-07
2.29292867812e-06
1.02845304622e-06
3.20689441357e-06
2.12111704398e-06
4.16716971343e-06
3.93685486142e-06
4.98064382353e-06
6.35764833286e-06
5.49204775316e-06
9.47539059126e-06
5.74664206304e-06
1.28950884773e-05
5.71520542746e-06
1.67757483497e-05
5.52205440299e-06
2.11419869744e-05
5.21607051847e-06
2.61037615641e-05
4.7653065378e-06
3.21008808503e-05
4.26993312027e-06
3.89090302722e-05
3.53273211787e-06
4.77221697851e-05
2.70267935836e-06
5.53113549152e-05
6.37217645826e-05
1.5509250995e-06
1.18901863048e-07
5.28495658579e-07
1.18575161928e-07
3.45066614684e-07
1.04835951379e-07
1.07788339465e-07
4.7128586562e-07
1.09800527192e-07
9.03265898301e-07
4.81405478226e-08
1.3348030885e-06
1.67371664978e-07
1.98070930502e-06
4.40851493555e-07
2.82189232914e-06
1.2280490166e-06
3.90787184849e-06
2.63242539607e-06
4.96273463152e-06
4.88010206563e-06
5.87865853514e-06
7.91482228564e-06
6.45235227401e-06
1.14806696085e-05
6.66646772409e-06
1.55218413276e-05
6.57593674385e-06
1.9940694358e-05
6.25694962599e-06
2.48614895383e-05
5.70058778123e-06
3.07716389589e-05
5.01326157419e-06
3.73327112521e-05
4.02981250882e-06
4.60012620123e-05
2.79356244063e-06
5.3328465315e-05
6.14126864411e-05
1.30608929789e-06
1.67206819451e-07
4.59710827896e-07
1.91774447407e-07
3.16673229774e-07
2.12049647954e-07
1.51036916975e-07
4.17317169858e-07
1.01421939133e-07
6.77135520852e-07
-1.10130513954e-09
1.01385991744e-06
-2.58565249771e-08
1.51568937828e-06
8.34202962872e-08
2.28616716166e-06
5.65738571024e-07
3.36953032772e-06
1.56923800319e-06
4.64334849832e-06
3.44150219421e-06
5.91649611214e-06
6.22202987406e-06
6.94223988949e-06
9.75094783261e-06
7.54685303402e-06
1.39246382981e-05
7.69542430269e-06
1.84850862286e-05
7.4245900261e-06
2.3467412585e-05
6.78113784694e-06
2.9362457148e-05
5.87438619592e-06
3.57586780438e-05
4.61997341381e-06
4.42860615119e-05
2.99023929822e-06
5.14156839716e-05
5.91222866736e-05
1.13035213875e-06
1.73230790631e-07
3.89691406554e-07
1.94231921777e-07
2.96492668046e-07
2.13945240676e-07
1.81169039249e-07
2.84222450019e-07
9.4606211442e-08
4.08798574965e-07
-1.70743945547e-08
6.62412283187e-07
-1.38080570892e-07
1.07455321004e-06
-1.35371833004e-07
1.67959845589e-06
1.517808891e-07
2.60957955365e-06
8.05784443317e-07
3.9133304075e-06
2.18214718554e-06
5.51756678971e-06
4.44353768194e-06
7.03670524497e-06
7.77532510842e-06
8.21146208754e-06
1.19321863679e-05
8.7997792016e-06
1.66666175459e-05
8.72708861525e-06
2.18415827685e-05
8.0599293026e-06
2.78432521461e-05
6.93948401242e-06
3.41896744498e-05
5.33226256868e-06
4.26570640701e-05
3.28257823224e-06
4.95959313108e-05
5.69039050819e-05
9.98188571653e-07
1.34111552448e-07
3.40939821371e-07
1.41336913033e-07
2.90861297473e-07
1.48051631239e-07
1.98285237166e-07
1.76522645852e-07
8.88844035726e-08
2.25025397873e-07
-2.92519419687e-08
3.17031480387e-07
-1.47649707422e-07
5.25648470705e-07
-2.25317498351e-07
9.43555676431e-07
-1.2974092575e-07
1.63037746976e-06
2.2722732513e-07
2.82095771505e-06
1.02831284975e-06
4.56744738799e-06
2.61395959248e-06
6.63612518354e-06
5.43324703578e-06
8.50770465515e-06
9.48884617858e-06
9.78228723205e-06
1.43607857319e-05
1.01008009904e-05
1.99030612498e-05
9.48076579033e-06
2.62149324883e-05
8.15470398583e-06
3.26563867065e-05
6.14490283322e-06
4.11888319557e-05
3.63370170951e-06
4.794116434e-05
5.48485329933e-05
8.67619134855e-07
7.65494262247e-08
3.15650923333e-07
7.22334459305e-08
2.92183605125e-07
6.37404321767e-08
2.13092617882e-07
5.61378446848e-08
1.02400197347e-07
5.75953771027e-08
-1.97857465075e-08
7.83041811472e-08
-1.23470148752e-07
1.26831323417e-07
-2.29603379112e-07
3.44214424138e-07
-2.79504738403e-07
8.63104289351e-07
-2.14750386601e-07
1.7472728887e-06
1.38837042986e-07
3.32479828145e-06
9.44428949737e-07
5.69475976855e-06
2.86649023119e-06
8.30643170296e-06
6.52623376367e-06
1.04594235029e-05
1.14658959515e-05
1.14743116927e-05
1.74895448782e-05
1.11379880909e-05
2.43643295609e-05
9.61805669262e-06
3.12287006999e-05
7.13727041347e-06
4.00039270301e-05
4.07759227661e-06
4.65965731461e-05
5.31024669582e-05
7.33640370115e-07
2.45860134478e-08
3.09896782696e-07
5.76065750893e-09
3.04609829496e-07
-2.43855905916e-08
2.39626530477e-07
-6.66368768166e-08
1.38700140109e-07
-1.18221455137e-07
2.3648291135e-08
-1.69176746325e-07
-7.39884621424e-08
-2.38797672324e-07
-1.6190744627e-07
-2.1498096131e-07
-2.93337972518e-07
1.2361019319e-07
-4.56756262562e-07
9.51543651222e-07
-5.20128812683e-07
2.38978260727e-06
-3.53563067674e-07
4.56833909402e-06
6.87569787294e-07
7.67262077103e-06
3.34115518944e-06
1.08183799389e-05
8.03512748704e-06
1.29234986564e-05
1.44301290918e-05
1.29401110131e-05
2.2437412243e-05
1.13039804715e-05
2.99666840855e-05
8.28561870204e-06
3.92555225168e-05
4.564673415e-06
4.5750549379e-05
5.18396158928e-05
5.15568583311e-07
-8.55200178744e-09
3.16649783945e-07
-4.10861089591e-08
3.28540419199e-07
-9.44449239675e-08
2.8364271518e-07
-1.70663145574e-07
2.01083474433e-07
-2.71696302855e-07
1.02925547957e-07
-3.73226002571e-07
2.25196167461e-09
-4.55866472161e-07
-8.7892444052e-08
-5.05984358117e-07
-2.32143513773e-07
-3.71735525461e-07
-4.98867698203e-07
2.03420854364e-07
-8.14956345947e-07
1.53836839727e-06
-1.1192763692e-06
3.82284262011e-06
-8.43499424386e-07
6.91779640958e-06
7.92959072718e-07
1.06491913747e-05
4.88547017157e-06
1.39960667287e-05
1.09783646714e-05
1.50390759359e-05
2.01331149144e-05
1.33389849745e-05
2.90733294437e-05
9.71861812754e-06
3.91376906656e-05
5.21262767755e-06
4.56010825118e-05
5.11878125878e-05
3.62669739009e-07
-3.16356497265e-08
3.34541146924e-07
-8.07051746599e-08
3.6764614949e-07
-1.5882710633e-07
3.48351197096e-07
-2.6679265825e-07
2.88608611831e-07
-4.01344916856e-07
2.06982541812e-07
-5.46612871062e-07
1.12771661017e-07
-6.4425341868e-07
-1.73747380092e-08
-6.40332855336e-07
-2.22648292625e-07
-4.3958809347e-07
-5.65738843501e-07
4.17024278326e-08
-1.03014454781e-06
8.90323323785e-07
-1.46793922991e-06
2.67487044295e-06
-1.63545485096e-06
5.79111597348e-06
-9.30572471451e-07
1.01773229903e-05
1.96794576015e-06
1.47547924876e-05
7.94815332453e-06
1.70357348381e-05
1.80438857465e-05
1.55973343853e-05
2.87306550947e-05
1.1613194406e-05
3.96339824834e-05
5.89502190487e-06
4.66553999893e-05
5.13991221719e-05
2.21433252321e-08
-4.23364703693e-08
3.58797962467e-07
-9.8832677535e-08
4.13475407107e-07
-1.86269515717e-07
4.19919946174e-07
-3.0299067971e-07
3.81464437746e-07
-4.36090165671e-07
3.06917674634e-07
-5.52765622462e-07
1.92742966942e-07
-5.91706321861e-07
-9.23199690068e-09
-4.76535400843e-07
-3.47086547168e-07
-1.64310047633e-07
-8.50662468202e-07
3.30206493231e-07
-1.43739535606e-06
1.11661555228e-06
-1.94593747711e-06
2.40064954775e-06
-2.25592586222e-06
4.94125524753e-06
-2.02410255183e-06
8.6873859131e-06
1.48189142195e-07
1.38558826729e-05
5.72005095033e-06
1.82584046662e-05
1.58190039343e-05
1.79818855451e-05
2.88667912754e-05
1.36844233086e-05
4.11412074218e-05
6.76587812452e-06
4.90098252397e-05
5.23581468988e-05
-6.32702633799e-08
-4.86702914446e-08
3.85900779816e-07
-1.10187464189e-07
4.64077849611e-07
-2.03178289161e-07
4.95814502096e-07
-3.20538626102e-07
4.73340410687e-07
-4.33332501764e-07
3.85841318124e-07
-4.66959866313e-07
1.89155201222e-07
-3.27575289168e-07
-1.78199271985e-07
1.81427373623e-08
-7.15033015205e-07
5.07935986912e-07
-1.36917319381e-06
1.06627249426e-06
-2.02461720588e-06
1.69821630376e-06
-2.5846213303e-06
2.60956729369e-06
-2.97658667329e-06
4.23298273914e-06
-3.01162588414e-06
7.35585848985e-06
-1.30802317969e-06
1.25450802775e-05
3.36554524065e-06
1.79687656254e-05
1.4548587805e-05
1.98198677577e-05
2.92737163856e-05
1.55392350835e-05
4.40599171289e-05
7.28460681435e-06
5.30135269014e-05
5.34917569196e-05
-4.79486810475e-08
-3.77895029236e-08
4.06941297073e-07
-8.95741927042e-08
5.05171526833e-07
-1.60203489045e-07
5.49638118123e-07
-2.24772720497e-07
5.13399934853e-07
-2.11251546873e-07
3.40825332842e-07
-4.19224811361e-08
-1.36890379151e-08
3.11947928757e-07
-5.64760357794e-07
8.12369500337e-07
-1.25810905786e-06
1.43128584052e-06
-2.05019002311e-06
2.1930153638e-06
-2.87519041783e-06
3.10302065767e-06
-3.61296144526e-06
4.03022350456e-06
-4.05122257082e-06
4.93063605465e-06
-3.91140653645e-06
6.86043060629e-06
-2.53440621723e-06
1.04123452872e-05
1.73349629011e-06
1.59937738175e-05
1.29443558944e-05
1.97536193419e-05
2.95506247612e-05
1.64214309799e-05
4.79008446713e-05
7.43087563682e-06
5.82916886363e-05
5.46235874768e-05
-1.22991588639e-07
2.31580569955e-09
4.04784018683e-07
-1.21079873373e-08
5.09446825506e-07
-1.79711475043e-08
5.39305357316e-07
3.35530701013e-08
4.38708843272e-07
2.32773708794e-07
1.13706266605e-07
6.09109011414e-07
-4.21022563448e-07
1.1220273315e-06
-1.115787158e-06
1.75853074264e-06
-1.94631383287e-06
2.50113648679e-06
-2.86263207495e-06
3.34281558051e-06
-3.81148641987e-06
4.37121157431e-06
-4.79232207689e-06
5.67666399988e-06
-5.73359237154e-06
6.7849400509e-06
-5.56346905568e-06
7.60983168863e-06
-3.5855590306e-06
9.57230502839e-06
7.43819687948e-07
1.3879831256e-05
1.17844516811e-05
1.7756197974e-05
3.09397390072e-05
1.54149866531e-05
5.24661106503e-05
6.25631582946e-06
6.42488625559e-05
5.4865102108e-05
-4.10726618368e-07
9.2940867015e-08
3.47270636268e-07
1.74284486662e-07
4.18154820603e-07
3.28970829672e-07
3.70456446309e-07
6.3697664803e-07
1.16085950309e-07
1.06403988581e-06
-3.28096547627e-07
1.56210833093e-06
-9.4040962746e-07
2.1433261741e-06
-1.72390545458e-06
2.83622754854e-06
-2.67316648387e-06
3.79070688709e-06
-3.85876564846e-06
5.10147257885e-06
-5.19545533806e-06
6.51608808571e-06
-6.52013103433e-06
7.48856443464e-06
-7.3005043417e-06
7.93742786128e-06
-6.90537969177e-06
8.07649501625e-06
-4.65571467261e-06
8.56945399099e-06
2.46922969904e-07
1.0648077208e-05
1.17997463015e-05
1.40661228877e-05
3.28683017933e-05
1.23702860505e-05
5.70581136878e-05
4.36721377586e-06
6.90933036038e-05
5.38125990765e-05
-8.67997778915e-07
2.68477731875e-07
1.81317468097e-07
5.45453123772e-07
1.36420370914e-07
9.7704233673e-07
-5.6338387071e-08
1.44983871956e-06
-3.4543029935e-07
1.94894860203e-06
-8.20727180466e-07
2.53983108943e-06
-1.52696782896e-06
3.34246643159e-06
-2.52230753182e-06
4.34083322792e-06
-3.68164914623e-06
5.52148083373e-06
-5.11988341261e-06
6.80929012781e-06
-6.76867050005e-06
7.83969083849e-06
-8.13346752279e-06
8.18601910691e-06
-8.57248786993e-06
7.78323064851e-06
-7.79636137186e-06
7.26455802508e-06
-5.57995571046e-06
6.9079878625e-06
1.44243109757e-08
7.60242598704e-06
1.31192144084e-05
8.61448775203e-06
3.75585245444e-05
5.70071547514e-06
6.22382153299e-05
4.93929228411e-07
7.03715470904e-05
4.96682081035e-05
-1.29355407227e-06
5.10114061653e-07
-9.82318472016e-08
9.17564802332e-07
-2.45508169132e-07
1.37162863339e-06
-4.98216310584e-07
1.90956789508e-06
-8.77683582343e-07
2.61020522566e-06
-1.51124567219e-06
3.49356338155e-06
-2.43067630513e-06
4.50461412804e-06
-3.54583690571e-06
5.55036362097e-06
-4.9891033184e-06
6.6167458636e-06
-6.6536982152e-06
7.31368868843e-06
-8.14326898856e-06
7.26206799992e-06
-8.99884754739e-06
6.50933024543e-06
-9.06147044053e-06
5.43712392813e-06
-8.32103744e-06
4.31921256212e-06
-6.18702389815e-06
3.07060124495e-06
4.15819878804e-07
1.98233855885e-06
1.61434709472e-05
5.6456766704e-07
4.37843446616e-05
-1.80732471308e-06
6.4229334984e-05
-3.93424998484e-06
6.8081809418e-05
4.18064616518e-05
-1.70462886892e-06
4.82363434322e-07
-4.01172621881e-07
9.00481859246e-07
-6.94075627531e-07
1.46858230503e-06
-1.11589722695e-06
2.15181517197e-06
-1.70984828055e-06
2.87330799911e-06
-2.5885708457e-06
3.62046569773e-06
-3.76208724482e-06
4.4128093276e-06
-5.08421561722e-06
5.09693907123e-06
-6.4969405736e-06
5.35781180721e-06
-7.75734079064e-06
4.97373995503e-06
-8.69950488144e-06
4.08639732754e-06
-9.28704846706e-06
2.91581687029e-06
-9.36850300698e-06
1.52361664393e-06
-8.6971352221e-06
-5.45951826704e-07
-6.02940740197e-06
-3.53927776349e-06
1.50792804392e-06
-7.81217326683e-06
2.16949461755e-05
-7.45688655787e-06
4.56235052915e-05
-8.16357092687e-06
6.2666820636e-05
-6.75102958391e-06
6.232140005e-05
3.13348511819e-05
-1.67839360412e-06
3.54017483413e-07
-8.16274360353e-07
6.69361899074e-07
-1.32924260003e-06
1.1104130379e-06
-2.00943640481e-06
1.69417850386e-06
-2.87770985602e-06
2.30518600256e-06
-3.87371738285e-06
2.78986458547e-06
-4.94149213391e-06
3.04404222138e-06
-6.00858025614e-06
2.87284716502e-06
-7.03367234304e-06
2.31883872122e-06
-8.05382978625e-06
1.50721156065e-06
-8.96279882102e-06
4.24630469975e-07
-9.54747270292e-06
-9.73963856909e-07
-9.57138464163e-06
-3.1075155847e-06
-8.54541463468e-06
-6.49753816024e-06
-5.40620789296e-06
-1.23195152879e-05
3.38411041024e-06
-1.49590973524e-05
2.41443736119e-05
-1.49949740639e-05
4.56125454505e-05
-1.32114347415e-05
5.80168574955e-05
-8.94758428603e-06
5.39313998273e-05
1.84204307718e-05
-1.39546155756e-06
2.76194348707e-07
-1.1400303867e-06
5.03120589336e-07
-1.7835087574e-06
7.45826872154e-07
-2.52780207616e-06
9.22727336781e-07
-3.36901569059e-06
9.7599683734e-07
-4.29406158715e-06
8.73049648046e-07
-5.28719998492e-06
6.3108274405e-07
-6.33220740087e-06
2.50572660312e-07
-7.37480626249e-06
-3.69487980985e-07
-8.34975208377e-06
-1.32708750604e-06
-9.16458536395e-06
-2.75472664101e-06
-9.59272920145e-06
-4.71741241944e-06
-9.45485135015e-06
-7.59112595622e-06
-8.12335491537e-06
-1.22897800588e-05
-1.94186232348e-05
-2.22821578448e-05
-2.14948899965e-05
-1.72349861166e-05
-1.06649134136e-05
-1.20199098284e-06
3.03033875753e-08
3.88260117822e-08
2.76266152141e-08
-2.33592242052e-08
-1.39857766219e-07
-3.60853624818e-07
-7.46446051315e-07
-1.36039325759e-06
-2.26769760268e-06
-3.56860181332e-06
-5.35111046018e-06
-7.89568181729e-06
-3.71620897438e-06
1.4258931585e-06
-4.39571267286e-06
-6.77028934477e-08
3.26167508218e-06
-5.13917324556e-06
2.38849732486e-06
4.65235788449e-06
-3.43092576251e-06
2.69907238746e-06
5.8847067358e-06
-1.44729376251e-06
2.51609603909e-06
6.77923018605e-06
3.15532608953e-07
2.23687151223e-06
7.36830053227e-06
1.77164643802e-06
1.85558136118e-06
7.68452619279e-06
2.8093405975e-06
1.50979951186e-06
7.75228376192e-06
3.45761171631e-06
1.21426158963e-06
7.61347632272e-06
3.76598468526e-06
9.64110917741e-07
7.31185658488e-06
3.78292974194e-06
8.01628758591e-07
6.87493207068e-06
3.5990777649e-06
6.85624837351e-07
6.33116079173e-06
3.26685306315e-06
5.92696142665e-07
5.71117950657e-06
2.81672923338e-06
5.0364717935e-07
5.02974559782e-06
2.26175853819e-06
4.15184502743e-07
4.29892528033e-06
1.61423265206e-06
2.91899240911e-07
3.50309198215e-06
8.62598602887e-07
2.09294699592e-07
2.68795884145e-06
7.6266118634e-08
-1.31749515932e-07
2.0531310325e-06
-9.04997916961e-07
-2.76648365399e-07
1.42281983708e-06
-1.84158266598e-06
-1.6901480338e-07
7.19177367988e-07
-2.70077470989e-06
-1.49722231065e-07
-9.30588876025e-08
-3.62464281841e-06
-9.37477195179e-08
-1.28039097954e-06
-4.61516226152e-06
-4.74598239185e-07
-2.66724677302e-06
-6.15965563006e-06
-6.942314298e-07
-4.45209051041e-06
-8.13122054227e-06
-9.38086475671e-07
-6.61041883251e-06
-1.05528177512e-05
-9.26124788766e-07
-8.9331416507e-06
-1.31318143494e-05
-7.41930715629e-07
-1.12727483179e-05
-1.56461668003e-05
-5.55960904242e-07
)
;

boundaryField
{
    inletfuel
    {
        type            calculated;
        value           nonuniform List<scalar> 3(-8.66281175208e-08 -2.59861669273e-07 -4.33173599103e-07);
    }
    inletair
    {
        type            calculated;
        value           nonuniform List<scalar> 
20
(
-9.21001190483e-07
-1.47121902289e-06
-2.15663192825e-06
-3.00516148138e-06
-4.05016366751e-06
-5.33143028033e-06
-6.89642245623e-06
-8.80169475334e-06
-1.11146301451e-05
-1.39154461502e-05
-1.72996267873e-05
-2.13807562107e-05
-2.62939169581e-05
-3.2199675094e-05
-3.9288802303e-05
-4.77880077223e-05
-5.79663914875e-05
-7.01440290336e-05
-8.46996885583e-05
-0.000102085635407
)
;
    }
    outlet
    {
        type            calculated;
        value           nonuniform 0();
    }
    axis
    {
        type            empty;
        value           nonuniform 0();
    }
    leftside
    {
        type            calculated;
        value           uniform 0;
    }
    burnerwall
    {
        type            calculated;
        value           uniform 0;
    }
    front
    {
        type            wedge;
        value           nonuniform List<scalar> 
814
(
-1.11747981744e-19
-3.23549045053e-18
-1.03805301635e-17
-1.12165006377e-17
-5.86388468832e-18
-2.81547578534e-18
5.4773155117e-19
4.16498102524e-18
4.43957621942e-18
3.26551993255e-18
-2.42680230677e-18
9.2132018486e-19
2.1586469601e-18
-3.14697775696e-19
-2.73356521936e-20
-8.42490168521e-20
-3.05705502703e-19
3.47982615522e-19
1.21614308287e-17
4.47472206976e-18
-5.24672222419e-18
-8.3624343715e-20
-6.663388495e-18
-2.7696886372e-18
-3.38232082016e-18
-2.04631681122e-18
-3.38621956542e-17
-5.77141240965e-18
-1.87455646186e-17
-1.96993677868e-19
-3.60811859047e-18
-9.43698719427e-18
-7.41921188408e-18
-4.6010035917e-18
-2.37807093214e-18
1.31498950825e-18
3.61308327207e-18
7.08578372611e-18
8.5679455908e-18
-1.01781471511e-20
3.65386655018e-19
7.02930574982e-19
-1.58113140412e-18
-2.63102403737e-20
-2.74989858672e-19
-8.94404483e-19
9.90237442826e-19
2.26228504244e-17
1.11783697585e-17
4.50479548262e-18
3.64512925281e-18
-1.946002964e-17
-9.33944350209e-18
-9.69302168543e-18
-4.20579842552e-18
-9.06608087038e-17
-1.45861875438e-17
-5.00807080925e-17
-7.78979687605e-19
-1.90074134435e-18
-1.54691530533e-18
2.34158150338e-18
4.62605046369e-18
5.06734284662e-18
3.69292885295e-18
4.49726245641e-18
8.89742166524e-18
9.23213964552e-18
2.29686715634e-18
5.21235206753e-19
1.15231531449e-19
-3.58755435781e-18
7.01846842691e-19
-7.08213176396e-19
-1.68389123577e-18
1.67585088091e-18
1.37040825694e-17
9.08465888277e-18
1.70180975097e-17
7.2297528806e-18
-2.76257306141e-17
-1.24001748754e-17
-9.10376151791e-18
6.06754158181e-18
-3.13935145457e-17
-1.256955087e-17
-6.28414306718e-17
-3.14468578972e-20
-4.39937153956e-21
-5.97618156021e-22
3.49433009803e-20
-2.39745275822e-20
-9.51134862775e-21
5.69267379922e-19
9.81414795435e-20
3.45878468178e-20
-6.77039706408e-18
-3.60715963404e-18
-2.84646971985e-18
-1.95221270355e-18
1.14360708367e-19
1.31127895809e-18
2.41160335409e-18
4.0758448815e-18
5.66400979603e-18
6.35669627877e-18
4.83513007977e-18
4.59172047953e-18
4.7123856731e-18
-5.5945355948e-18
2.87923841779e-18
-1.85523115646e-18
-2.34449117221e-18
2.66625731583e-18
3.55916880165e-18
5.65988872605e-18
1.23950094494e-17
3.99924135361e-18
-2.29194170297e-17
-1.06116858955e-17
-3.10971628206e-18
2.0958915243e-17
-1.52016803977e-18
2.57482933883e-18
-3.84562706037e-17
-3.07996443139e-17
-1.65539637785e-18
-1.98465605477e-17
-2.42410563301e-17
-8.03404681886e-18
6.97548821841e-19
1.06821999109e-17
8.20403185737e-18
2.9067603897e-18
1.17079592236e-17
2.01170811075e-17
4.53033315867e-17
3.84693392503e-17
-2.90484036514e-17
1.88943027641e-17
-8.20602397882e-18
-1.01253546286e-17
1.63465996668e-17
-2.52146743096e-18
1.15620510538e-17
8.23891677249e-18
-6.15758213781e-18
-4.89454799644e-17
-2.36506502367e-17
2.71802856198e-17
1.63899785135e-16
7.25204383727e-17
9.90984996556e-17
7.46537859367e-17
-3.14557197016e-17
-5.04536783242e-17
-5.21439809739e-17
-2.43623711968e-17
3.17152665205e-17
2.75670697147e-17
4.69740038213e-17
6.64549517339e-18
-2.03344223222e-17
2.76572318378e-17
5.53664889421e-17
7.52168408019e-17
5.55807568796e-17
1.92174405061e-17
-2.70252352304e-17
7.86200316644e-17
1.52074736467e-17
5.75415033348e-17
7.23533126813e-17
5.05815211524e-17
-6.12732313593e-18
-3.50923715367e-17
-3.99441664114e-18
-4.49583182898e-18
-1.15578554474e-17
1.16154186953e-16
1.6276291612e-16
-5.91843531451e-18
-1.08990091009e-16
-3.63752914117e-17
-2.62423722842e-17
-2.019112168e-17
1.42943520416e-18
2.69492705827e-17
4.87813420453e-17
2.3265638907e-18
-1.73197489294e-17
5.69751356932e-17
1.34473145043e-16
1.85308528469e-16
1.43633445226e-16
9.74207297039e-17
1.18987325986e-16
-7.98750636371e-18
7.36278770913e-17
1.1169030811e-16
1.20385028349e-16
2.49582072289e-17
3.70787783576e-17
2.71978558251e-17
1.48240079939e-17
8.12899823539e-17
1.57561583515e-17
8.30032738008e-18
1.13937339279e-16
1.83131469235e-17
-1.00007826787e-16
-1.70007068774e-16
-4.21883485126e-17
-2.29302285009e-17
-2.01905385251e-17
-1.42905499182e-17
-2.47590613496e-18
8.33791226484e-18
-1.0100487863e-17
-8.9005821424e-18
2.61225144205e-17
6.47316195874e-17
1.06129514343e-16
1.52171329799e-16
1.42219821961e-16
1.23026775027e-16
3.48265651131e-17
3.61160609349e-17
3.96485442107e-17
3.31871856596e-17
7.3325650262e-18
2.38401542912e-17
3.672025553e-17
3.41147715786e-17
6.52278582027e-17
1.35980992934e-17
7.22474453107e-18
3.54823467015e-18
4.18295369317e-18
-2.25679061155e-16
-3.44084531014e-16
-2.84670586634e-17
-2.46213309112e-17
-2.49243715431e-17
-2.42805263486e-17
-1.88846885645e-17
-8.07374953538e-18
-1.66368077697e-17
-2.22758147363e-17
-4.93325425124e-18
1.09212216956e-17
2.76150758253e-17
4.58697596151e-17
3.55180607386e-17
1.44018420954e-17
-1.80896064014e-17
-3.95606986073e-17
-2.94805097002e-17
-3.50959286793e-17
-3.58237923346e-17
-1.45937399085e-18
4.15690475651e-17
3.35949740666e-17
4.51117547374e-17
1.53698597481e-17
8.95578524152e-18
-4.28242971611e-18
-4.58399241213e-17
-1.49697283592e-16
-1.85678066892e-16
-2.04116721679e-17
-2.66077365723e-17
-3.08111654956e-17
-3.5074170694e-17
-3.73170307218e-17
-3.41402748889e-17
-3.77800774684e-17
-4.10846879005e-17
-3.6328054014e-17
-3.11666046249e-17
-2.61605740108e-17
-2.35071379513e-17
-3.84372782296e-17
-6.02728347807e-17
-9.25897924802e-17
-1.45302430447e-16
-7.54652280912e-17
-7.92133055746e-17
-8.28393942459e-17
-1.62460922452e-17
8.44267772004e-17
3.10650713348e-17
3.31384264981e-17
1.04980805398e-17
-6.43350894253e-19
-1.51898870724e-17
-6.14842045482e-17
-1.21528789713e-16
-1.45421376114e-16
-6.03865821442e-18
-5.56701651297e-17
-4.31912364563e-17
-8.79528774691e-17
-7.11445893811e-17
-1.86847914575e-17
-9.2177979627e-17
-6.71110721188e-17
-1.11720598905e-16
-7.37171579869e-17
-1.12452501286e-16
-8.71825467685e-17
-1.53842896703e-16
-8.93731020867e-17
-9.3429260944e-17
-9.62672323895e-17
-8.96213067591e-17
-9.86584031788e-17
-1.38026987308e-16
-3.63661326565e-17
2.07416279117e-17
4.81502048115e-17
7.12340140558e-17
4.46076759771e-17
1.76325979576e-17
2.66020358809e-17
-6.85190977719e-17
-1.28416845996e-16
-1.63229012744e-16
-1.84557077103e-17
-7.86827687603e-17
-1.09622812831e-16
-1.09557478798e-16
-1.02914630672e-16
-8.05957791081e-17
-1.02867849265e-16
-8.93576553136e-17
-1.02172304953e-16
-8.65065997749e-17
-9.17029142224e-17
-7.72206999325e-18
-1.03839857138e-16
-8.81091961165e-17
-9.4985057898e-17
-9.1949595666e-17
-7.92408484631e-17
-6.78969492096e-17
-7.74164577791e-17
-2.80908767312e-17
1.5350606639e-17
5.05372298908e-17
6.94861180164e-17
1.7231270722e-17
-2.27723040118e-17
-1.90195827093e-17
-9.13534011719e-17
-1.49894860064e-16
-2.03285646327e-16
-5.06774038673e-17
-6.31011890143e-17
-7.76357266024e-17
-8.3830314244e-17
-8.77379351644e-17
-9.09709650415e-17
-1.0104761012e-16
-5.86373336189e-18
-6.31034808567e-17
-1.63793346901e-16
-1.1355350679e-16
-1.50502489422e-16
-1.28152332574e-16
-1.4806102711e-16
-2.08823357463e-16
-1.1680718388e-16
-7.33171154638e-17
-3.4852347122e-17
-9.53666534932e-17
-2.32984671527e-17
8.92401380875e-18
3.24716679721e-17
3.69937473163e-17
1.02580556112e-17
-3.84259528708e-18
-4.84357618242e-17
-1.0487296796e-16
-1.56629017095e-16
-2.15843305271e-16
-2.32056966304e-17
-2.93420026358e-17
-3.88102929922e-17
-4.7826564833e-17
-6.35939120301e-17
-1.56022143833e-16
-1.38878407395e-16
-1.03971413445e-16
-1.07410372484e-16
-1.38019292294e-16
-1.22109187822e-16
-1.46253175888e-16
-1.45088878824e-16
-1.57545467653e-16
-1.64762557505e-16
-1.23477448526e-16
-8.92754219889e-17
-6.12648246616e-17
-4.40892822338e-17
-1.599631378e-17
-2.17207122457e-18
3.80836543846e-18
-1.15102499705e-17
-2.0423820572e-17
-7.82482127245e-17
-6.02295156402e-17
-8.78540255805e-17
-8.68653717957e-17
-7.21592503734e-17
-1.79974585713e-17
-2.8736425352e-17
-6.75497992427e-17
-7.44690901285e-17
-1.52574105971e-16
-2.27836689221e-16
-2.01586473968e-16
-1.85916147895e-16
-1.7441117316e-16
-1.70324915417e-16
-2.3512810582e-16
-1.97894067983e-16
-3.45181848238e-16
-2.40463943461e-16
-2.17373649461e-16
-1.72013726047e-16
-1.24642443079e-16
-8.86194036155e-17
-5.67148574448e-17
1.51483849593e-17
-6.98064265391e-18
-9.0113259343e-18
-2.33236570712e-17
-4.22821931025e-17
-8.24567001074e-17
-8.81222163232e-17
-8.91274301188e-17
-6.16510994689e-17
-4.29117914847e-18
-5.27771478366e-17
-1.11729858852e-16
-1.0916171268e-16
-1.06248625884e-16
-1.22473892664e-16
-1.45297537952e-16
-1.52329016098e-16
-1.59832462154e-16
-9.43089993422e-17
-2.05444409754e-16
-2.03557054151e-16
-1.96388122234e-16
-2.59937673685e-16
-2.41551745033e-16
-2.92821997063e-16
-2.09796238143e-16
-1.61260713825e-16
-1.18741962929e-16
-7.84096538664e-18
-6.31439162381e-18
-6.29749230922e-18
-9.84109176664e-18
-2.64494457817e-17
-6.18393926862e-17
-1.23831819374e-16
-1.86326250727e-16
-1.01729491857e-16
-5.68965256459e-17
4.69911453802e-18
-6.01383841338e-17
-7.25513194996e-17
-1.28426766951e-16
-1.26237800557e-16
-1.25366000203e-16
-1.31555809432e-16
-1.43999939012e-16
-2.17886812006e-16
-1.94801869176e-16
-2.17351511676e-16
-2.23472740055e-16
-2.99067888528e-16
-2.80635471333e-16
-2.69410569515e-16
-2.0850363248e-16
-2.02143321803e-16
-9.88839340478e-17
-1.03767752715e-16
-4.44613005788e-17
-2.68224363771e-17
-2.17723034275e-17
-2.88611733519e-17
-4.71367185255e-17
-7.48429846661e-17
-9.85518028924e-17
-9.27430501907e-17
-5.22443108041e-17
-1.2226840097e-17
4.70428639867e-17
-1.14191708374e-17
-1.52758780066e-17
-2.41873213389e-17
-2.9217139467e-17
-3.45188638155e-17
-4.47394716905e-17
-1.19029118156e-16
-1.28962533876e-16
-1.38251895864e-16
-1.5554765059e-16
-1.72606040321e-16
-2.08484258702e-16
-1.49975408192e-16
-1.90555919664e-16
-1.79551425854e-16
-1.79063085221e-16
-1.33226481428e-16
-1.07820971896e-16
-6.110018622e-17
-3.12028584822e-17
-1.55090055951e-17
-1.10856241651e-17
-1.69759694993e-17
-3.3654334725e-17
-4.86956409871e-17
-5.74506476012e-17
-6.10219032089e-17
-6.42345116273e-17
8.35667121143e-19
3.38744165758e-18
4.524875887e-17
3.95592279147e-17
3.24718662866e-17
2.38146466511e-17
-5.17856117008e-17
-1.08529566891e-16
-1.03498718449e-16
-1.16429129679e-16
-2.61337413692e-16
-2.93397249623e-16
-2.45696764324e-16
-2.40250001537e-16
-2.28471480866e-16
-3.4509154243e-16
-2.43199011892e-16
-1.92407198686e-16
-1.29543747284e-16
-7.39564752598e-17
-3.6302726667e-17
-4.49277259519e-18
5.20396013404e-17
-1.60898306577e-17
-4.99657149567e-17
-1.46164572152e-16
-8.6284784988e-17
-8.69672999801e-17
-3.54514813668e-18
-4.50187094892e-18
-2.36243968967e-18
-2.07723700582e-18
-1.96309240833e-18
-2.22425851551e-18
-9.61738248978e-18
-1.90170491219e-17
3.04188588635e-17
1.14028109255e-18
8.64237542834e-17
4.08094355892e-18
-3.81987843882e-17
-8.14048564798e-17
-1.21048536487e-16
-1.91454852597e-16
-2.12055529121e-16
-3.32726755097e-16
-3.51436580686e-16
-2.23298293903e-16
-1.49995879937e-16
-9.09327825195e-17
4.05524064891e-17
-2.35389410667e-17
-3.85211122218e-17
-1.54395760324e-16
-9.9113841121e-17
-9.25933451113e-17
-3.35600522041e-17
-3.32700253083e-17
-3.11812132021e-17
-3.03956974862e-17
-2.94134270061e-17
-2.79048444145e-17
-2.64850354883e-17
-2.5362183625e-17
-2.17116404313e-17
-1.37048549262e-16
-9.1492688596e-17
-8.53559531567e-17
-8.06674473639e-17
-7.7333684483e-17
-7.85062204123e-17
-9.0920315353e-17
-1.03003611213e-16
-3.76462731942e-17
-3.00430128249e-17
-8.77432769529e-17
-9.00721080837e-18
-4.54990053882e-17
-9.79431115981e-17
-8.10141580575e-17
-9.00021435e-17
-1.02852256562e-16
-1.06341921652e-16
-1.0502767855e-16
3.70028121167e-18
4.15721748998e-18
4.90740646851e-18
5.3011108195e-18
5.37307175115e-18
5.08575944502e-18
4.33924142495e-18
3.06564080487e-18
6.14737509433e-19
-1.10851621951e-17
-1.6296269739e-17
-2.31348342655e-17
-2.94438341379e-17
-3.49140723814e-17
-4.01913747991e-17
-4.77443437883e-17
-5.59765994972e-17
-4.46947948431e-17
-3.60441446417e-17
-4.7478796298e-17
-2.70246183335e-17
-3.42996489874e-17
-5.15617416406e-17
-5.0181091978e-17
-4.90785076987e-17
-5.0923076317e-17
-5.35269093795e-17
-5.59811941251e-17
8.71033575778e-17
9.07390656912e-17
1.21277257724e-16
1.23071664141e-16
1.23280282701e-16
1.2404338243e-16
1.2373207785e-16
1.19649671801e-16
2.30263617605e-17
3.21745914357e-17
2.59295127083e-17
1.73534829413e-17
9.77679916413e-18
1.60938991876e-18
-1.07127874862e-17
-1.39739603919e-16
-1.1992674113e-16
-1.26905738787e-16
-1.27234806638e-16
-1.55618749883e-17
-5.00283385688e-17
-4.97555114202e-17
-4.83251711356e-17
-4.02872771667e-17
-3.97983688145e-17
-4.2605211006e-17
-4.52681423452e-17
-4.79928599634e-17
-4.78520477628e-20
-5.30033361753e-17
-4.81529913079e-17
-4.0645629503e-17
-3.66230029028e-17
-3.29160621878e-17
-2.85998779598e-17
-2.4317808468e-17
-2.60987705345e-17
-1.22456096724e-16
-9.92027685166e-17
3.54981236539e-18
-1.96667833617e-17
-1.68865239478e-17
-1.90925314841e-17
-1.37749626046e-16
-1.13254507401e-16
-1.19088046904e-16
-1.21245196869e-16
-1.11465531227e-16
-1.09984464795e-16
-1.13696658024e-16
-3.16317326218e-16
-2.5231458932e-16
-2.5183462985e-16
-2.4909326667e-16
-2.36083910964e-16
-2.17479943956e-16
-3.42140745846e-17
-5.02105617102e-17
-5.38911602562e-17
-2.98911860146e-16
-3.54763310088e-16
-1.0387292178e-16
-8.80961704635e-17
-1.48582778737e-16
-8.07676155224e-17
-2.53231291818e-17
-5.7292976275e-17
-4.37461235981e-17
-4.87470390424e-18
-1.58698887276e-17
-1.68323638336e-17
-6.30727847304e-18
-1.15306862954e-17
-1.14783692225e-17
2.49660380805e-18
8.19312290327e-19
-9.84863933253e-19
-1.78236149599e-18
-1.14705439912e-17
-1.10227988471e-17
-6.56039578392e-18
-1.06255528e-16
-5.60935858038e-17
1.5036324118e-18
-2.42145889238e-17
-1.94132015047e-17
-1.0089284736e-18
-1.15541408253e-17
-1.18928705124e-17
-2.1069579285e-18
-8.07668427698e-17
-4.84819996342e-17
-1.26870718633e-17
-9.17983975194e-17
-5.89290553053e-17
8.95576637977e-19
-9.80637781077e-18
-8.69006298856e-18
3.22027726444e-18
2.28071734297e-18
1.1641256697e-18
-3.25181294226e-18
-3.26649429731e-18
-2.40518214964e-18
3.65240546509e-18
3.44835587023e-18
-4.51981004485e-19
2.8440310369e-18
4.42035047243e-18
3.58875138387e-18
2.70829858833e-18
8.82448701967e-17
5.77141545036e-17
8.69170889785e-19
1.41297158162e-18
1.01823055732e-18
-3.40007979009e-18
-7.34410638885e-18
-9.06402761654e-18
-9.58039477153e-18
-9.49204067806e-18
-9.05786582843e-18
-8.48562334682e-18
-7.90055658899e-18
-7.63203519558e-18
-9.9209863025e-18
-1.05660713142e-17
-9.06800977997e-18
-8.35494058845e-18
-7.42372878329e-18
-6.98314294728e-18
-8.27902373789e-18
-8.52397135006e-18
-9.19430939449e-18
-1.13941846538e-17
-1.88212100248e-17
-3.71869692512e-17
-1.63760549595e-17
5.60766311063e-18
-1.81643630636e-18
-3.69640319658e-18
-6.67790269199e-18
-8.6453842984e-18
-8.71369552302e-18
-4.13735967204e-18
-6.14760545426e-18
-7.43198469412e-18
-7.81330056015e-18
-7.79716261702e-18
-7.58121289748e-18
-7.28066089171e-18
-6.95076004303e-18
-6.74040437651e-18
-7.04784588601e-18
-7.37858695882e-18
-7.29245410067e-18
-6.95064758783e-18
-6.4248895703e-18
-5.92879710057e-18
-5.7517116215e-18
-5.81781544017e-18
-6.6317236783e-18
-9.58200282355e-18
-1.78001359777e-17
-2.95635475307e-17
-7.22209102766e-18
1.32785700509e-17
5.88329780701e-18
3.94930875169e-18
1.66245582094e-18
8.29802616999e-19
2.13276398835e-18
)
;
    }
    back
    {
        type            wedge;
        value           nonuniform List<scalar> 
814
(
1.06825818049e-19
3.23776629581e-18
1.0384189923e-17
1.12184300402e-17
5.86501858809e-18
2.81756333032e-18
-5.43695627327e-19
-4.15923469911e-18
-4.43180875596e-18
-3.25587805834e-18
2.43834986802e-18
-9.07681752797e-19
-2.14468186787e-18
3.26745077455e-19
3.52001640798e-20
8.79168210916e-20
3.06739452861e-19
-3.48380651422e-19
-1.21622980846e-17
-4.47594023842e-18
5.24608827585e-18
8.45160579193e-20
6.66795102004e-18
2.78040705503e-18
3.40362492602e-18
2.06574335662e-18
3.38766708807e-17
5.78120144028e-18
1.87470237855e-17
1.80586099919e-19
3.58751885203e-18
9.43254480986e-18
7.41766241079e-18
4.60027027353e-18
2.38069947173e-18
-1.30835571737e-18
-3.60215118292e-18
-7.0698267268e-18
-8.5490512643e-18
3.45139906405e-20
-3.37736126564e-19
-6.73510348588e-19
1.60658921948e-18
4.27722007194e-20
2.82569228554e-19
8.96379585697e-19
-9.91249070841e-19
-2.26247973088e-17
-1.11811109161e-17
-4.5065942932e-18
-3.64355490584e-18
1.94691611832e-17
9.36223736392e-18
9.7383682793e-18
4.24643302846e-18
9.06915018037e-17
1.46026730364e-17
5.00822706269e-17
7.77779971498e-19
1.97524379601e-18
1.60445535598e-18
-2.30991276378e-18
-4.60635448245e-18
-5.04986870675e-18
-3.67006251929e-18
-4.46331571191e-18
-8.85476350396e-18
-9.18011508273e-18
-2.23106177072e-18
-4.39079689663e-19
-2.81518005881e-20
3.66232577584e-18
-6.54532855046e-19
7.29201888729e-19
1.68863304181e-18
-1.68004088534e-18
-1.37117504916e-17
-9.09426051286e-18
-1.70241479768e-17
-7.2256527519e-18
2.76540947859e-17
1.24730053231e-17
9.25226217886e-18
-5.93799376966e-18
3.14946641925e-17
1.26189703116e-17
6.28449897673e-17
-3.29600474593e-20
-5.39030117882e-21
4.80719000838e-22
3.46390853144e-20
-2.41753856082e-20
-6.70447294364e-21
5.69073707462e-19
9.80635168649e-20
3.90629418489e-20
6.70732159662e-18
3.60454616162e-18
2.85120900434e-18
1.95404973536e-18
-1.14065761278e-19
-1.30910758013e-18
-2.40659397776e-18
-4.06755654734e-18
-5.65215898246e-18
-6.3405339911e-18
-4.81320799046e-18
-4.56384651223e-18
-4.68238914858e-18
5.619485226e-18
-2.86413439286e-18
1.86159413601e-18
2.34550124788e-18
-2.66834241321e-18
-3.56255382444e-18
-5.66395020677e-18
-1.23980528296e-17
-3.99819140952e-18
2.29291426027e-17
1.06399071558e-17
3.16571391497e-18
-2.09085557019e-17
1.55827405053e-18
-2.55687323292e-18
3.84563174757e-17
3.18910856892e-17
1.891195407e-18
1.98501053562e-17
2.43276438554e-17
8.19972614327e-18
-5.82212406983e-19
-1.06551197077e-17
-8.29678620749e-18
-3.13671557789e-18
-1.20922676441e-17
-2.06848641243e-17
-4.60513657979e-17
-3.92177909624e-17
2.84253416883e-17
-1.92599077662e-17
8.06395735947e-18
1.0171069478e-17
-1.62305513432e-17
2.64288628305e-18
-1.13917909485e-17
-8.09971209428e-18
6.18084864331e-18
4.86288512862e-17
2.27566464692e-17
-2.90495696954e-17
-1.65681468773e-16
-7.3548343421e-17
-9.95545860411e-17
-7.4772869382e-17
3.15040271863e-17
5.03332222631e-17
5.19423597397e-17
2.40719408477e-17
-3.20316822563e-17
-2.76603496311e-17
-4.72336800213e-17
-6.5356986079e-18
2.05123437886e-17
-2.71924172534e-17
-5.46863021543e-17
-7.44050337291e-17
-5.48949631839e-17
-1.8978890851e-17
2.73122349805e-17
-7.85718210125e-17
-1.53376477655e-17
-5.78529868693e-17
-7.26735878388e-17
-5.09676580921e-17
5.84295005275e-18
3.50570024293e-17
4.43155584834e-18
6.15612508927e-18
1.48380592325e-17
-1.13531505855e-16
-1.60357782205e-16
6.56872605022e-18
1.0875214883e-16
3.67492938814e-17
2.63264465161e-17
2.03040436433e-17
-1.32495220972e-18
-2.69910012947e-17
-4.89401317226e-17
-2.31024440555e-18
1.71584448039e-17
-5.70343169067e-17
-1.34500887736e-16
-1.85207398495e-16
-1.43382799316e-16
-9.72437198032e-17
-1.18817792382e-16
8.06003758001e-18
-7.37026239995e-17
-1.11808327813e-16
-1.20579130822e-16
-2.51921626934e-17
-3.73438407515e-17
-2.74084145273e-17
-1.48840375304e-17
-8.09445213988e-17
-1.4718927099e-17
-6.77130356323e-18
-1.12149028566e-16
-1.73529713895e-17
1.00297859338e-16
1.69867819987e-16
4.06661008915e-17
2.25283254409e-17
1.98735692861e-17
1.38538021471e-17
1.91541923116e-18
-8.87345678712e-18
9.67266118639e-18
8.51493864009e-18
-2.64919767715e-17
-6.50787588365e-17
-1.06509162155e-16
-1.52568706163e-16
-1.42518226214e-16
-1.23212813275e-16
-3.47910635501e-17
-3.59562754375e-17
-3.93709210068e-17
-3.28220150871e-17
-6.94101050766e-18
-2.34686957857e-17
-3.64506132049e-17
-3.41041887369e-17
-6.58309857151e-17
-1.51006212197e-17
-9.15542100282e-18
-5.95904966635e-18
-5.98346961657e-18
2.25372343073e-16
3.44091201304e-16
3.20336485474e-17
2.67071024368e-17
2.6566343955e-17
2.61418261351e-17
2.09449434386e-17
1.01541605177e-17
1.84028586051e-17
2.38023152062e-17
6.45084027148e-18
-9.67458643329e-18
-2.68502915142e-17
-4.54652809799e-17
-3.53558006621e-17
-1.44163091406e-17
1.78560690555e-17
3.91544531259e-17
2.88863864925e-17
3.43977248669e-17
3.51319526823e-17
8.65046761456e-19
-4.19002382791e-17
-3.33039567279e-17
-4.36645861889e-17
-1.27087183353e-17
-5.77213314012e-18
7.40372244744e-18
4.77475175584e-17
1.50059634114e-16
1.85213392209e-16
8.03728025582e-18
1.48776291305e-17
1.95883938795e-17
2.3456327597e-17
2.5665619834e-17
2.30145994826e-17
2.69986297707e-17
3.06874031222e-17
2.64927411505e-17
2.26446139161e-17
1.97390206757e-17
1.95125492238e-17
3.65249675306e-17
5.98821778867e-17
9.3422828198e-17
1.46084412262e-16
7.81164795595e-17
8.22557534963e-17
8.56856050816e-17
1.83443733993e-17
-8.36739627491e-17
-3.41376637787e-17
-4.05870984881e-17
-2.22262915249e-17
-1.33073984904e-17
1.04524890869e-18
5.23729656539e-17
1.19968830581e-16
1.48007929494e-16
1.31264959639e-17
6.03325603191e-17
5.17597836613e-17
9.33487044028e-17
7.99620615246e-17
2.42055168504e-17
9.77674340986e-17
7.5407877745e-17
1.17352223339e-16
8.04934930985e-17
1.16682643976e-16
9.08977133212e-17
1.56060093847e-16
8.99603670245e-17
9.2852260716e-17
9.50379228147e-17
8.79866411069e-17
9.68756110889e-17
1.36591734134e-16
3.56013100942e-17
-1.99413998051e-17
-4.53668242836e-17
-6.62933865983e-17
-3.71539540132e-17
-9.09378669293e-18
-1.70058749784e-17
7.30946533375e-17
1.28440186149e-16
1.61192618765e-16
1.7467526907e-17
7.79813547453e-17
1.08840747468e-16
1.08249872981e-16
1.01587163907e-16
7.92336726602e-17
1.01492472359e-16
8.79595684676e-17
1.00835060476e-16
8.52983995688e-17
9.06920294617e-17
7.11190927268e-18
1.03326697221e-16
8.78583318004e-17
9.49640096733e-17
9.20942320385e-17
7.94677939943e-17
6.81277875466e-17
7.75699163685e-17
2.80868070169e-17
-1.56108667764e-17
-5.10848733438e-17
-7.03269401084e-17
-1.84120930927e-17
2.12655724538e-17
1.78862452739e-17
9.08048277591e-17
1.49942945918e-16
2.03695947091e-16
4.83355543849e-17
6.04078000876e-17
7.45901555547e-17
8.05047762726e-17
8.42127883117e-17
8.72867157458e-17
9.72354966276e-17
3.04342342302e-18
5.89805136027e-17
1.60929552937e-16
1.10161806203e-16
1.48371022838e-16
1.26069194932e-16
1.46764285092e-16
2.08298749713e-16
1.16972775557e-16
7.37589635736e-17
3.52388892969e-17
9.55840586466e-17
2.29039106005e-17
-9.97467572523e-18
-3.42851352105e-17
-3.96581796203e-17
-1.35756280114e-17
-5.34411590158e-19
4.55214832585e-17
1.03769354324e-16
1.57015468724e-16
2.17305972124e-16
3.01280997659e-17
3.69367042264e-17
4.72484679933e-17
5.71979045492e-17
7.39710949023e-17
1.6365281638e-16
1.51601411919e-16
1.17652738551e-16
1.22004595037e-16
1.53037753265e-16
1.36426466969e-16
1.59127547501e-16
1.55377042114e-16
1.64931976281e-16
1.68965678849e-16
1.24814695847e-16
8.87679530955e-17
6.05499426252e-17
4.43740842531e-17
1.83461102818e-17
6.85536678782e-18
3.55264918546e-18
2.17266123078e-17
3.30491264593e-17
9.34140709808e-17
6.94396994021e-17
8.97967989191e-17
8.3938225899e-17
6.51472973178e-17
1.8755260722e-17
2.95507462101e-17
6.81733176417e-17
7.54590642184e-17
1.53344279147e-16
2.28731795999e-16
2.02888742109e-16
1.87459007159e-16
1.7615275816e-16
1.72213910233e-16
2.36620197987e-16
1.9978062268e-16
3.46452073963e-16
2.41848167326e-16
2.18389804198e-16
1.72645394696e-16
1.24918666123e-16
8.87474996783e-17
5.69267733341e-17
-1.47579106824e-17
7.71216126753e-18
1.0090159238e-17
2.47637955915e-17
4.40044421072e-17
8.41059510626e-17
8.90863719018e-17
8.92138720074e-17
6.10523889971e-17
3.05198019126e-18
5.78122359355e-17
1.14956890136e-16
1.15102630101e-16
1.12880839923e-16
1.29929924866e-16
1.53705482558e-16
1.61813225555e-16
1.70580189123e-16
1.02869346096e-16
2.15118621708e-16
2.1807615387e-16
2.11295912998e-16
2.74525779756e-16
2.54801719351e-16
3.01392018543e-16
2.18278183061e-16
1.66977457131e-16
1.22117299957e-16
1.10179808007e-17
9.98613930747e-18
1.20064023601e-17
1.78433804171e-17
3.68945063477e-17
7.34138480316e-17
1.33481298397e-16
1.9206826087e-16
1.0028082567e-16
5.034168467e-17
-1.62709918494e-17
4.69021332376e-17
5.85913881785e-17
1.17851783492e-16
1.08970608955e-16
1.06075904002e-16
1.0985878233e-16
1.19391792795e-16
1.959104213e-16
1.62348628293e-16
1.80402155679e-16
1.82170376583e-16
2.61625775678e-16
2.33132662879e-16
2.21831988351e-16
1.70166733026e-16
1.61248405222e-16
6.95949002951e-17
7.69096459973e-17
2.54208204804e-17
1.01707415697e-17
7.80956340601e-19
-4.00185466269e-19
1.15796311769e-17
3.77262511385e-17
7.22608914262e-17
8.46389810132e-17
6.3199959404e-17
4.42361665299e-17
7.87058157913e-19
1.42527939088e-17
1.82696625831e-17
2.74599975881e-17
3.28706498769e-17
3.86262034978e-17
4.93724138054e-17
1.22577816141e-16
1.349197225e-16
1.45117042599e-16
1.63478394082e-16
1.81711185095e-16
2.18789886664e-16
1.58511342749e-16
2.02707928861e-16
1.92082219541e-16
1.91426138665e-16
1.4461985555e-16
1.17108827739e-16
6.78283689888e-17
3.62565675584e-17
2.01569367402e-17
1.69116632415e-17
2.34574082661e-17
3.95649416932e-17
5.2320226401e-17
5.71412618513e-17
5.53936261807e-17
5.33032648023e-17
4.08396140097e-18
1.75794138459e-18
-4.1812066594e-17
-3.32942479984e-17
-2.54649126373e-17
-1.59529934786e-17
5.77902154761e-17
1.15760846921e-16
1.15524574123e-16
1.30375562893e-16
2.73046913747e-16
3.07762683344e-16
2.67114423317e-16
2.64174785702e-16
2.54558471909e-16
3.67118952949e-16
2.72089032435e-16
2.19878931524e-16
1.52559386708e-16
9.15575839591e-17
4.96387273231e-17
1.61299159866e-17
-3.99487052522e-17
2.51329150133e-17
5.34899304405e-17
1.41529714732e-16
6.75968331377e-17
5.63037098262e-17
-1.11125797809e-18
-4.29659401314e-19
-3.04030969576e-18
-3.95386238237e-18
-4.80009111096e-18
-5.36918463583e-18
1.05798712693e-18
9.27699887426e-18
-3.85649879667e-17
-1.37905495072e-17
-9.72919541568e-17
-2.06438549588e-17
1.91451375487e-17
5.95525724041e-17
9.61577635421e-17
1.63349975165e-16
1.80944496156e-16
3.05563910793e-16
3.24581490697e-16
1.9557788073e-16
1.28071704587e-16
7.40629094065e-17
-5.23415708156e-17
1.41546797443e-17
3.5337413072e-17
1.64231912139e-16
1.220687231e-16
1.28649023108e-16
3.69223173006e-17
3.8893866178e-17
3.73284770488e-17
3.72730550943e-17
3.71479535462e-17
3.6615422803e-17
3.63382726963e-17
3.6589716065e-17
3.45866709658e-17
1.48005983338e-16
1.09179152491e-16
1.05807500304e-16
1.04299262697e-16
1.04501664368e-16
1.09780129186e-16
1.26923483785e-16
1.44364293097e-16
7.81054000665e-17
7.47765748266e-17
1.39082750958e-16
5.16495636175e-17
8.46412352174e-17
1.24678301499e-16
1.00683520362e-16
9.46914490964e-17
8.52087025331e-17
6.87403987637e-17
4.91683734349e-17
3.7845159276e-20
6.04919009577e-20
-1.34844453236e-20
3.59431247407e-19
1.04945503026e-18
2.08046581684e-18
3.59112802319e-18
5.70016615137e-18
9.0910427133e-18
2.18899698451e-17
2.83589572996e-17
3.66382401121e-17
4.46165789328e-17
5.19461414441e-17
5.94490355377e-17
6.9496163824e-17
8.07617077722e-17
7.260976935e-17
6.72520542781e-17
8.11710078463e-17
6.04901736337e-17
6.49386869647e-17
7.58367006117e-17
6.42108764439e-17
4.77759726621e-17
3.55504221195e-17
2.59932710871e-17
1.90117912467e-17
-8.91273929319e-17
-9.48356191823e-17
-1.25305924896e-16
-1.2952248423e-16
-1.30723269052e-16
-1.32395684481e-16
-1.33009368537e-16
-1.29981950054e-16
-3.14309667263e-17
-4.52141703241e-17
-4.08474069559e-17
-3.4485144332e-17
-2.95435361477e-17
-2.43830046458e-17
-1.56531492872e-17
1.13797293673e-16
8.39117840401e-17
8.55432616534e-17
8.04049176167e-17
-2.99057695186e-17
-3.37085696981e-18
1.26222626964e-18
1.05997813943e-17
2.58928650282e-17
5.13972403509e-17
7.70598473663e-17
9.98023404951e-17
1.18264550452e-16
3.2855189147e-20
5.79224209074e-17
5.49190687707e-17
5.02202350591e-17
4.7300993803e-17
4.34019194018e-17
3.83858152788e-17
3.33171657081e-17
3.4376381837e-17
1.29689388946e-16
1.0636729078e-16
3.10616518781e-18
2.64924192161e-17
2.37313020092e-17
2.60913143544e-17
1.44506089552e-16
1.20964089635e-16
1.27891921197e-16
1.31457765939e-16
1.22226876874e-16
1.20402763846e-16
1.21760562568e-16
3.1917574782e-16
2.51177456595e-16
2.4407874966e-16
2.35504761248e-16
2.19333414454e-16
1.99608701417e-16
3.39349010947e-17
4.91645155687e-17
5.51956356206e-17
3.00106003344e-16
3.56926660767e-16
1.04288318265e-16
8.9231756497e-17
1.50260780819e-16
8.16998986397e-17
2.36763659921e-17
5.50276789695e-17
4.20586583288e-17
7.75537714338e-18
1.95197017594e-17
1.9577423054e-17
-3.02537188103e-18
-1.02931758515e-18
1.85561819669e-18
3.80309421448e-18
6.6522704112e-18
6.71741613431e-18
7.95916410775e-19
1.04283013458e-17
1.02293366506e-17
3.7566289471e-18
1.04696512251e-16
5.4122133535e-17
6.02786275303e-18
3.26396249367e-17
2.55402410374e-17
2.02697889103e-18
1.25161942782e-17
1.25749856039e-17
8.4645093466e-18
8.47155767903e-17
5.30624844349e-17
-1.660848059e-18
7.98303881906e-17
4.65559942763e-17
3.30697189007e-18
1.37357898124e-17
1.13054551595e-17
3.55840095524e-18
4.47161636206e-18
3.44247061733e-18
-3.2124972783e-18
-3.05528890317e-18
-1.89688611279e-18
3.65258390575e-18
3.86689152902e-18
5.44418271244e-18
2.282866941e-18
4.06362510315e-19
-2.9417266223e-19
-7.92075674812e-18
-9.09169448883e-17
-6.1003408136e-17
6.08593614116e-19
-1.40864660569e-18
-1.46417085713e-18
4.04061595216e-18
6.89492556759e-18
8.14219392128e-18
8.50024084244e-18
8.43315838503e-18
8.11098047546e-18
7.67622600679e-18
7.22856977833e-18
7.0791371868e-18
9.46709679789e-18
1.01908962086e-17
8.75570820852e-18
8.09297080714e-18
7.20487696506e-18
6.80489372977e-18
8.1474984693e-18
8.44399207616e-18
9.15490256234e-18
1.13744760156e-17
1.8817583792e-17
3.73322066356e-17
1.64549010609e-17
-5.41060527593e-18
2.0882509027e-18
4.01783559733e-18
7.01246090616e-18
8.94739048584e-18
8.97642728028e-18
4.8772521105e-18
6.18298502551e-18
6.95474609045e-18
7.24102635052e-18
7.24362453414e-18
7.09617814622e-18
6.8680624461e-18
6.61029921145e-18
6.45969402443e-18
6.81719257537e-18
7.18832504466e-18
7.13395382948e-18
6.81699459988e-18
6.31124247388e-18
5.83079355602e-18
5.66264984056e-18
5.72815436552e-18
6.56921731011e-18
9.5350920586e-18
1.77611050253e-17
2.94468660636e-17
7.22682046237e-18
-1.32624179649e-17
-5.76173905804e-18
-3.77117053871e-18
-1.46003483699e-18
-6.38571193323e-19
-1.98047958776e-18
)
;
    }
    procBoundary0to1
    {
        type            processor;
        value           nonuniform List<scalar> 
27
(
-5.68031379616e-08
-1.69995885714e-07
-2.81606370262e-07
-3.36723394367e-07
-4.33865798099e-06
5.45316290693e-06
2.53042999745e-05
4.32737353094e-05
5.06806247645e-05
4.34759813613e-05
3.50978988979e-06
-1.23643854028e-06
-1.91745755448e-06
-2.69450192268e-06
-3.56205360454e-06
-4.50650899368e-06
-5.50567957296e-06
-6.52927998923e-06
-7.52677962724e-06
-8.44332208151e-06
-9.16245014326e-06
-9.4813625439e-06
-9.03930303103e-06
-1.16920993009e-05
-7.18925210254e-06
-1.36498082999e-05
-1.80501676437e-05
)
;
    }
}


// ************************************************************************* //
