/*--------------------------------*- C++ -*----------------------------------*\
  =========                 |
  \\      /  F ield         | OpenFOAM: The Open Source CFD Toolbox
   \\    /   O peration     | Website:  https://openfoam.org
    \\  /    A nd           | Version:  7
     \\/     M anipulation  |
\*---------------------------------------------------------------------------*/
FoamFile
{
    version     2.0;
    format      ascii;
    class       volVectorField;
    location    "0.01";
    object      U;
}
// * * * * * * * * * * * * * * * * * * * * * * * * * * * * * * * * * * * * * //

dimensions      [0 1 -1 0 0 0 0];

internalField   nonuniform List<vector> 
814
(
(0.881839637396 3.48824811844e-15 61.3478241501)
(-3.1429825421 3.205730885e-16 60.7741765031)
(4.33668353774 1.94801287276e-16 57.4773241342)
(0.858267247911 3.31215407685e-15 64.5508518118)
(-1.46506873706 1.03929168974e-15 63.439678737)
(2.22682292342 2.59593767734e-16 58.2153402636)
(0.584426926701 -4.56381067627e-15 65.7508450203)
(-1.153094893 -1.34583553913e-14 64.3081442534)
(1.32814037134 -1.87394143817e-14 57.2105922067)
(0.356116956876 -8.9686852496e-13 64.0049230418)
(-1.85140951499 -1.43784834172e-12 61.8101900173)
(2.55497941577 -5.08454456638e-12 50.0865918592)
(0.222193739547 -1.1693597727e-10 63.0988636182)
(-0.708624723761 -8.19110384911e-11 60.2926646665)
(1.40542908692 -1.50898324206e-11 47.5746188)
(0.188764626889 -1.64158882774e-10 63.3997485892)
(-0.0848702658901 -8.51584973682e-11 60.0622629682)
(1.12549608314 7.18736664007e-12 47.1646022693)
(0.0950195998465 -9.51619699412e-11 62.24166257)
(-0.0147142511184 -6.705756592e-11 58.3240998882)
(0.705701171768 5.72597129288e-11 45.5800679388)
(0.100986109141 -4.86427178058e-11 60.5317524506)
(0.0983672488364 -4.25157230505e-11 56.1131486891)
(0.562183476727 7.71375684826e-11 43.9762592303)
(0.113128571971 -2.45895930027e-11 58.6357237294)
(0.206330565178 -2.46032654339e-11 53.8879497122)
(0.532254906834 4.2545079673e-11 42.6872620004)
(0.121586896646 1.00738951568e-10 56.5011558629)
(0.300486145506 2.94395525008e-12 51.6753394797)
(0.555097772348 2.65374482943e-11 41.6023692647)
(0.13129192124 3.55828670986e-11 54.1732790463)
(0.351607899035 2.09331440404e-11 49.5107275645)
(0.551733534067 6.71859892675e-11 40.5911783479)
(0.142110371069 3.19093802595e-11 51.7294249645)
(0.360616795972 8.54896548266e-11 47.4103267682)
(0.511024666934 1.03352874705e-10 39.5733470701)
(0.152645035967 2.6217361343e-11 49.2563690426)
(0.362143016208 6.91090007702e-11 45.3839716048)
(0.480641849999 7.50977494778e-11 38.529210364)
(0.159063837996 -1.1710377342e-11 46.8291199078)
(0.376928898041 -7.22363164134e-11 43.4400022211)
(0.495139063389 2.69771945981e-11 37.4680856508)
(0.157233898754 1.35631886198e-10 44.4829363913)
(0.385171483221 -1.73898589651e-11 41.5638802916)
(0.512386363062 -5.35036651601e-11 36.3750644418)
(0.152777371982 2.37244302074e-11 42.203077189)
(0.377408451093 -6.0481377301e-12 39.7113776819)
(0.509878085725 -2.10868752041e-11 35.2130014497)
(0.150079676499 3.40137069701e-12 39.9978830039)
(0.371877831217 -3.82360310901e-12 37.8827717453)
(0.511798396332 -1.01384819463e-11 33.9998951337)
(0.140889626943 4.44958844282e-13 37.8931168914)
(0.350595731859 -5.63220178221e-13 36.103272731)
(0.492789200403 1.93137787037e-12 32.76580621)
(0.124812958369 1.89365233091e-13 35.9026590642)
(0.318680233471 3.90171273122e-13 34.389167727)
(0.456541411407 1.64215933791e-12 31.5271236831)
(0.109219031568 2.15555616727e-13 34.0725260434)
(0.277577557249 5.85483636596e-13 32.7880466343)
(0.393805819872 9.29589211602e-13 30.3298785917)
(0.0902025065636 7.51000028826e-13 32.4333249075)
(0.225454399715 2.08837018597e-12 31.335700867)
(0.31572583752 2.84105149028e-12 29.2174922731)
(0.0745175151534 3.54975137656e-11 31.0104593357)
(0.185501801906 1.12062415366e-10 30.066820366)
(0.256675376332 3.33594692475e-11 28.2350006333)
(0.0588035391101 1.78936818871e-11 29.8207038623)
(0.144510292713 4.58846051308e-11 29.0040800216)
(0.197480087704 2.75829244868e-11 27.413286403)
(0.0467580918671 -1.15938945818e-10 28.8525689463)
(0.114943873065 1.20685660022e-11 28.1425346589)
(0.156273609638 8.14244421116e-11 26.7577291162)
(0.0362154975048 -2.57210585813e-12 28.0865990412)
(0.0878490130871 1.90760191545e-11 27.4657209735)
(0.117257443377 4.32525083141e-11 26.2556855263)
(0.0268049445123 6.78011908693e-11 27.4873430906)
(0.0649422381941 -8.7013761736e-11 26.9417665262)
(0.0853525158901 -9.26967075107e-11 25.8814337386)
(0.0206777466625 -7.43880732422e-12 27.016855388)
(0.0511274000681 -3.95865777439e-11 26.5353964445)
(0.0667509131501 -4.91360679814e-11 25.6036206155)
(0.0159203440146 -1.83298111493e-11 26.6278188265)
(0.0401478124149 -5.40576874279e-11 26.2013796358)
(0.0527725380102 -8.957584743e-11 25.3803766147)
(0.0155089566283 -7.54035460013e-12 26.260018676)
(0.0383639379179 -1.88531620439e-11 25.8813044635)
(0.0511902542263 -1.27953731578e-11 25.1569149104)
(0.0171676460041 -3.44011552253e-11 25.8265512271)
(0.0433234631108 -1.00981665777e-10 25.4888174093)
(0.0613526631842 -1.56964611069e-11 24.8473745511)
(0.0237283677866 -5.50715865286e-12 25.2037033786)
(0.061087719714 -1.09809797436e-11 24.9014327604)
(0.0911577848409 1.51257456941e-11 24.3298513902)
(0.033937062821 8.20676211754e-12 24.2663327815)
(0.0873817908672 2.56412716499e-11 23.9944012724)
(0.133071360942 5.63582055045e-11 23.4817830266)
(-1.14351571834 -4.13499392149e-11 12.5811965752)
(0.526713415146 -3.01990845635e-11 17.1979247916)
(0.547138669145 -2.34194297384e-11 24.9982587911)
(0.257423403461 -1.35100651054e-11 28.0255880933)
(0.356200106115 -1.86103696848e-12 29.6247672478)
(0.496858259234 -3.61843723153e-14 30.6792875936)
(0.595385553235 1.64248179221e-12 31.3304228754)
(0.614673432399 1.65213711764e-11 31.6359609507)
(0.574876583303 3.44541274639e-11 31.6609991565)
(0.542237690398 3.59422125751e-11 31.4899847365)
(0.555213321643 2.38113235879e-11 31.198553752)
(0.5659653608 1.18611009669e-11 30.7961694238)
(0.564106509503 1.36646835487e-11 30.2664028477)
(0.575593374727 -3.22701748307e-12 29.6419837852)
(0.565699023701 1.79336316199e-11 28.9505717082)
(0.527130712886 2.62562029109e-12 28.1964587856)
(0.452581409858 8.80675232747e-14 27.421229871)
(0.360477952692 4.1603370432e-12 26.674723937)
(0.288948204685 4.00385325222e-12 26.0081127016)
(0.220158653035 1.24157591214e-11 25.4596327647)
(0.17169233704 4.45901519976e-11 25.0424563177)
(0.125780895058 3.54743038854e-11 24.7458205722)
(0.0885439386295 -4.45941388241e-11 24.5491094035)
(0.0657891273362 -4.02155258479e-11 24.4253474803)
(0.0507693239683 -3.8804858651e-11 24.3367866935)
(0.0520035857589 3.14428988794e-11 24.2326414917)
(0.0695334105576 3.84502312864e-11 24.0261017967)
(0.112159518339 4.59406032492e-11 23.5948615648)
(0.170627675909 1.00922272706e-10 22.819314067)
(0.0435798675313 -3.45668224167e-12 2.07094647074)
(0.119069954155 -4.59641839608e-11 2.2330684163)
(0.190339741744 -6.86691624921e-12 2.09309580682)
(0.211957204824 -1.13640304616e-12 2.15752233473)
(0.22550075763 -1.68593962989e-13 2.05186904435)
(0.222623677741 -2.39860870444e-14 2.06103606185)
(0.195245329695 -3.04434505101e-15 2.00935000709)
(0.176504812868 -6.0139342967e-15 2.01261686049)
(0.137889932484 -1.08890001818e-13 1.99813039471)
(0.118330065489 -1.296600646e-14 2.00301747671)
(0.0883094853076 -4.68437496385e-15 2.00085400936)
(0.0784607070975 -6.52012380363e-14 2.00280476688)
(0.0575212232644 -5.49669916882e-14 2.00063195751)
(0.0499363129025 -2.27154150694e-15 2.00073376064)
(0.0308256691793 -1.16331809502e-16 2.00014548247)
(0.0307040292862 -8.17373827751e-18 2.00061486643)
(0.0172097286929 -1.36733229754e-17 2.00084751085)
(0.0249042753844 5.23834200127e-16 2.00089037189)
(0.00806194557692 3.53703587426e-14 2.00030982555)
(0.00819294592338 1.07164699937e-15 1.99585744052)
(0.525551951352 -7.25445738171e-12 1.56963508095)
(0.184312283873 -7.93627071628e-11 1.50740573431)
(0.210812568135 -1.50466346125e-11 1.59491937474)
(0.27976870486 -2.81668775677e-12 1.82885673256)
(0.223188791967 -4.4129688506e-13 1.84779192194)
(0.291542055109 -6.6108781798e-14 1.98958131476)
(0.233017271919 -1.45184198438e-14 1.97494167801)
(0.243581692954 -2.29217965194e-13 2.0264945735)
(0.18277752702 -1.43057913798e-11 2.01786413265)
(0.16404718386 -7.23092622245e-13 2.03669555348)
(0.110926372825 -1.54255151483e-13 2.03295899302)
(0.0956323003487 -7.91078333258e-12 2.03578657453)
(0.0608845926817 -6.42489366413e-12 2.02822258321)
(0.0554461691975 -8.52075568093e-14 2.02582180556)
(0.0307673455499 -1.24087714275e-15 2.02189526779)
(0.0359296118845 -9.54076044847e-17 2.02114953793)
(0.0193065896819 -1.05328882416e-15 2.0205070071)
(0.0343964564702 1.60224373054e-14 2.0196083744)
(0.0137525455636 3.94311761348e-12 2.02434544119)
(-0.00670377670984 2.32611570366e-14 2.0079654692)
(-0.180665101078 -2.13858981138e-11 0.309508696124)
(0.176202856571 -7.33419423623e-11 2.16948726367)
(0.6219448621 -2.36799478784e-11 1.45843505114)
(0.576632076624 -6.74290869828e-12 1.91724397347)
(0.49586627171 -1.4426070841e-12 1.79546373489)
(0.477793642591 -2.47917838391e-13 1.99886626776)
(0.336356036807 -4.71529834337e-14 1.98354472175)
(0.319186637816 -3.68905558876e-13 2.05499475858)
(0.219720160933 -1.32479769627e-11 2.04540045601)
(0.192303271915 -1.12597164602e-12 2.06721136036)
(0.118930421369 -2.78510904011e-13 2.05987309784)
(0.0990172695138 -7.65382624486e-12 2.06119341489)
(0.0552720963678 -6.39614207757e-12 2.04973262044)
(0.0518933094317 -1.25658959146e-13 2.04463309058)
(0.0248427528944 -2.45641855712e-15 2.03749235613)
(0.0342332686442 -1.05004595887e-15 2.03473679502)
(0.017042778738 -5.64403774898e-14 2.03291788205)
(0.0390808528994 2.90477095881e-14 2.03108529525)
(0.0171506879787 3.94303422182e-12 2.04737090305)
(-0.00416958526884 3.31055424416e-14 2.02097392377)
(-1.80516237977 -5.39016263991e-11 1.37688526088)
(0.602256577487 -6.35956251552e-11 1.41154943196)
(-0.107346227304 -2.87723074434e-11 1.02364435043)
(0.799152732504 -7.48496103468e-12 1.77192645891)
(0.450157629696 -2.39060280231e-12 1.69159198551)
(0.608371362386 -5.21097121015e-13 1.98320463106)
(0.395597287788 -2.73731798815e-13 1.9894946832)
(0.384759400853 -6.9702947199e-13 2.09717830127)
(0.249686381275 -1.21796939846e-11 2.08623610261)
(0.216507950166 -1.54623461749e-12 2.10868248751)
(0.123768470715 -4.50040971125e-13 2.09620732895)
(0.0996567192721 -7.60293832603e-12 2.09308491308)
(0.0471891361182 -6.25112560865e-12 2.07803866215)
(0.0455179110604 -1.76079592626e-13 2.06914401505)
(0.0162937850453 -2.7098478121e-15 2.05896545868)
(0.0298842888848 -2.02115211545e-14 2.05356405338)
(0.0128001450757 -2.9373709084e-12 2.05011245283)
(0.0447015160653 3.95637077634e-14 2.04766332842)
(0.0232565906479 5.91477626169e-12 2.07291962947)
(0.0939599061057 -7.67019719495e-14 2.03754062472)
(1.18616680031 1.17792578515e-11 5.30750469748)
(1.70969987053 -1.12844921128e-10 1.55887357482)
(1.92037810825 -4.09302281133e-11 2.14252581214)
(1.74264156095 -1.48732357153e-11 1.87304845128)
(1.21534361065 -5.56679760775e-12 1.99325697486)
(1.02479536118 -1.76675401659e-12 2.10001822504)
(0.623010847191 -1.00014261728e-11 2.11488137056)
(0.514207833235 -1.04623169341e-11 2.18357137695)
(0.300352202494 -1.1690382947e-11 2.16384530001)
(0.248377909885 -2.04134519905e-12 2.17157928338)
(0.130696310834 -8.57388926668e-13 2.15051469219)
(0.101203407582 -1.48883324952e-11 2.13839724583)
(0.0403217143575 -6.28962447053e-12 2.11908764734)
(0.0396434370894 -2.51925549806e-13 2.10438872593)
(0.00838030734293 9.85790482877e-14 2.09088618)
(0.0254846730544 -4.91919428758e-14 2.08184964871)
(0.0086724257067 -2.96151880089e-12 2.07559812659)
(0.05045134757 5.80322588879e-14 2.07222808918)
(0.03187049571 5.81562647435e-12 2.09442975143)
(0.169686762582 -3.12100021755e-12 2.04589700444)
(0.880352815513 -8.6159923163e-11 11.0168452294)
(0.713365167268 -1.88176606293e-10 8.29010985713)
(1.18886247339 -5.64866763939e-11 6.48176164205)
(1.28169589177 -1.94891591394e-11 3.83555508758)
(1.11146367343 -7.49115197234e-12 3.20030309756)
(0.995081985705 -2.72902085047e-12 2.59737245922)
(0.668181306285 -8.80453875318e-12 2.47460650549)
(0.556910840593 -1.76737363059e-11 2.35542104276)
(0.32817398329 -1.17541760557e-11 2.30290301687)
(0.269128004543 -2.62674238225e-12 2.26294024107)
(0.137241840343 -5.61063905431e-12 2.22654270741)
(0.104332741888 -1.42552098318e-11 2.19888933428)
(0.0370145282046 -1.24407688108e-11 2.17351410282)
(0.0367867242215 -3.74305049357e-13 2.15075754751)
(0.00389392530894 4.37755246804e-12 2.1332935505)
(0.0234929066439 -5.16390797065e-14 2.11962581358)
(0.00688329478699 -2.91399348174e-12 2.10914081291)
(0.0566550321114 8.43053782633e-14 2.10387423647)
(0.0401611636551 7.5361780432e-12 2.11289262562)
(0.218192516059 -2.88929660566e-12 2.04379362642)
(-0.0643765962011 -8.77940101058e-11 12.6433602981)
(-0.109976260424 -2.52510512822e-10 8.30459642224)
(0.141349694174 -6.70461217312e-11 6.97519900158)
(0.825291196159 -2.14838851568e-11 4.34260161484)
(0.883245522146 -8.23648953521e-12 3.79302259999)
(0.781334037867 -3.49118457506e-12 2.99761414154)
(0.6309111913 -1.80117122409e-11 2.80192926005)
(0.515640421669 -1.74009151419e-11 2.5472740618)
(0.333794998173 -1.15458811734e-11 2.46877298459)
(0.270918900116 -3.18635600051e-12 2.37405745648)
(0.142532863512 -5.88214756673e-12 2.32263324573)
(0.109450595612 -1.35029133515e-11 2.27379647711)
(0.0394763427947 -1.18235101968e-11 2.24082658061)
(0.0394743461873 -5.53345964371e-13 2.2082822153)
(0.00563748326771 4.24742333211e-12 2.18626781245)
(0.0263387366832 -3.28520501423e-14 2.16732533294)
(0.00961484784753 -2.79006077119e-12 2.15143841181)
(0.0635839111037 1.02182642637e-13 2.14338128366)
(0.0462119924577 7.08423377054e-12 2.13283091442)
(0.219421166111 -2.67998852265e-12 2.04777306336)
(-0.200631415125 -7.98573859855e-11 13.6776216341)
(-0.288301263787 -1.14075692604e-10 8.06649505452)
(-0.127141831565 -5.86358789065e-11 6.55463674343)
(0.41342913666 -2.14443350521e-11 4.72036008847)
(0.599779204464 -8.34079648199e-12 4.00520209477)
(0.572107499334 -3.96721383274e-12 3.35627590086)
(0.514243440978 -1.64105051806e-11 3.04875377697)
(0.430012446965 -1.70537922831e-11 2.7485811829)
(0.312006132139 -1.12046835676e-11 2.63669240075)
(0.255018187567 -4.11077016143e-12 2.49822953499)
(0.146976638957 -1.47746093858e-11 2.43315903158)
(0.116060968961 -1.2790741889e-11 2.36106058449)
(0.0491751084975 -1.11606739069e-11 2.31966242765)
(0.0491882213716 -8.27818620399e-13 2.27655693105)
(0.0154072430869 3.95087476271e-12 2.24962075232)
(0.0353818833582 1.67524041412e-14 2.2252214357)
(0.0181188395045 -2.58748148557e-12 2.20339634165)
(0.0716438019391 1.03706475092e-13 2.19222414268)
(0.0517463827458 6.47773556681e-12 2.16172113545)
(0.203607882472 -2.45229475189e-12 2.07338918672)
(-0.0929215495844 -6.79426402659e-11 14.8914958671)
(-0.394752276218 -6.9732017054e-11 8.08219121109)
(-0.182344472676 9.35503453279e-11 6.13319643979)
(0.14701924217 -1.19946342567e-11 4.8014809075)
(0.395493466689 -7.82574144573e-12 4.17667667016)
(0.397711952386 -4.05573752478e-12 3.58875011182)
(0.37136351835 -5.16424407938e-12 3.24490169096)
(0.333173870981 -1.5849475675e-11 2.93450686299)
(0.266965126788 -1.09832806218e-11 2.79762711555)
(0.227959204922 -1.52687288422e-11 2.62929122581)
(0.149215402276 -2.29565207632e-11 2.54994130334)
(0.123471894227 -1.21708337313e-11 2.45741415267)
(0.06535319085 -1.03681385061e-11 2.40777881555)
(0.0653124466164 -1.34616828184e-12 2.35467437744)
(0.0327309488252 3.37110519048e-12 2.32279960348)
(0.0500081830189 8.68448548764e-14 2.29328866989)
(0.031839458794 -2.31362416406e-12 2.26565235316)
(0.0805562026467 8.85605712839e-14 2.25143411994)
(0.0583578424396 5.72192815132e-12 2.20382284352)
(0.181918832034 -2.19507804776e-12 2.11865293061)
(0.0268814659485 -3.55949703447e-11 16.1708728165)
(-0.44437858336 1.29139119632e-10 8.31510117336)
(-0.233854115966 6.33606740072e-11 6.0063436463)
(0.00189457235766 -7.10072308336e-12 4.85316436609)
(0.232282522717 -7.37543438447e-12 4.35791357401)
(0.242582778314 -4.65144039114e-12 3.73628865466)
(0.243872194059 -1.81100917343e-11 3.41260327711)
(0.231052408544 -1.56085519522e-11 3.09694218651)
(0.211393347837 -1.04247749202e-11 2.95198186667)
(0.191437812772 -1.4968561474e-11 2.7602269757)
(0.147700837778 -2.15451098302e-11 2.66888198893)
(0.130164009128 -1.14484804985e-11 2.55919844782)
(0.0850377482873 -9.72602503161e-12 2.50284659283)
(0.0848598380152 -6.73137941461e-12 2.44149082377)
(0.0547311230412 -1.31920838906e-12 2.40506349694)
(0.0676062216468 7.5940232911e-14 2.37140200102)
(0.048369403155 -1.98993781869e-12 2.33846558747)
(0.0887697660163 6.36860936028e-14 2.32153682172)
(0.0644149771698 4.87411626902e-12 2.26069877656)
(0.164360693362 -1.919156217e-12 2.17946561585)
(0.0984233992996 -1.71686168786e-11 17.34381534)
(-0.464496771059 5.98634240769e-11 8.67534013607)
(-0.311928765074 -8.68406647555e-11 6.00037780409)
(-0.0737490250331 -1.3835029023e-11 4.91630302183)
(0.116878469993 -7.35255602012e-12 4.47882503263)
(0.124428699366 -5.53899262622e-12 3.86125289743)
(0.143396045503 -1.71604217806e-11 3.54816393351)
(0.138703251933 -1.44157762784e-11 3.24937107374)
(0.152368864212 3.63132679412e-12 3.09447892981)
(0.148560667068 -1.41760670497e-11 2.88824865743)
(0.141229303003 -2.00248597573e-11 2.78488466229)
(0.132493134762 -1.06258761346e-11 2.66322080693)
(0.103855203208 -1.44150067117e-11 2.60258046361)
(0.103435252244 -6.79300828089e-12 2.53588763017)
(0.0770327341546 -5.58985073282e-12 2.49573478466)
(0.0845294270615 5.3421569249e-14 2.45928459947)
(0.0643212767152 -1.65106690544e-12 2.42170919121)
(0.0942935643107 3.50540120847e-14 2.40254630498)
(0.0679282261872 3.8524274802e-12 2.33308837711)
(0.145375494945 -1.65430188909e-12 2.25265633845)
(0.132618902863 -2.1907099238e-11 18.3618355503)
(-0.452626015263 -1.26328084902e-10 9.13615503474)
(-0.362953271358 -6.62293993801e-11 6.09842661101)
(-0.105540562911 -1.61759280045e-11 5.02433646814)
(0.0478468829534 -7.57581945847e-12 4.57102749581)
(0.0414818653036 -7.61320054514e-12 3.99425381306)
(0.0699246912521 -2.92583037653e-11 3.67308437111)
(0.0617688807836 -1.32091441212e-11 3.39923950064)
(0.0910254087739 2.81270687547e-12 3.22816129437)
(0.102514437154 -1.32973440088e-11 3.01367570026)
(0.127610266008 -1.81107366207e-11 2.89333413127)
(0.129827353818 -3.77958625213e-12 2.76700423506)
(0.117986080623 -1.2567276835e-11 2.70500119262)
(0.117004218638 -6.72981469827e-12 2.63673748034)
(0.0953285313255 -5.57832843633e-12 2.5942953493)
(0.0972121497653 3.06676051508e-12 2.55649845759)
(0.0764406118088 -1.4448357096e-12 2.51497463981)
(0.0955345676323 -3.30396523405e-14 2.4943381806)
(0.0652997330479 -8.30142006265e-13 2.42055503205)
(0.127734306919 -1.61377411315e-12 2.34145817172)
(0.174007331022 -1.86238399952e-11 19.2554925216)
(-0.419340499209 -7.65321344007e-11 9.67824558815)
(-0.370854229906 7.1820006699e-11 6.27889757922)
(-0.116976077363 -6.22458688326e-12 5.15790833371)
(0.0219107769375 -7.64243104192e-12 4.6657863728)
(-0.00876338243049 -1.00284190664e-11 4.14044496624)
(0.0139118597221 -2.76956278626e-11 3.80683529129)
(0.00238036367324 -1.27395271174e-11 3.54323004562)
(0.0312619414611 -1.20473875514e-11 3.35612643485)
(0.0519889805633 -1.24852663917e-11 3.13988463109)
(0.105459540598 -1.64031682343e-11 2.99573870829)
(0.122110894276 -9.98797540132e-12 2.87178319848)
(0.125332482555 -1.10482564673e-11 2.80860582342)
(0.123211967332 -6.49147054823e-12 2.74322702943)
(0.106705189872 -5.75233838478e-12 2.70016680129)
(0.103188596234 2.66857811478e-12 2.6625808693)
(0.0826271586384 -6.29513160396e-12 2.61774607808)
(0.0916831539404 -1.97547557557e-13 2.59660970009)
(0.0572547006387 -1.24650891252e-12 2.52085477468)
(0.107123324726 -4.4948057375e-12 2.45196117364)
(0.259403757247 -7.76369871777e-12 20.0594108299)
(-0.35273984725 -5.66191016362e-12 10.3057980208)
(-0.343842465769 2.78912034385e-10 6.51472142376)
(-0.112774445739 1.91879018461e-11 5.32079553054)
(0.0173310421439 -7.10487127157e-12 4.80169503591)
(-0.0318858430078 -1.35045987575e-11 4.30589131192)
(-0.033815193149 -3.91591721463e-11 3.95665425382)
(-0.0441732320011 -1.25990242512e-11 3.68734624802)
(-0.0141406986486 -1.15056283669e-11 3.47630069151)
(0.00143294104374 -1.17896305866e-11 3.2606740604)
(0.0742645907865 -2.26679320866e-11 3.09679179728)
(0.109841189629 -9.33125990277e-12 2.97786660184)
(0.124326178874 -9.71586817581e-12 2.91399771437)
(0.122038955452 -6.21297239138e-12 2.85503118159)
(0.110163563672 -1.24848085875e-11 2.81285437862)
(0.101542829788 7.79779782783e-12 2.7771195094)
(0.0820808770457 -5.25489354257e-12 2.72968413641)
(0.082303158119 -3.17094366416e-13 2.70879504949)
(0.0451711297587 -1.62835479721e-12 2.63110720183)
(0.080749143944 -3.91158934865e-12 2.58014239572)
(0.40868566005 1.00468520922e-10 20.6968482291)
(-0.209628669525 6.0828437418e-11 11.0699142527)
(-0.319983058519 3.21479882218e-10 6.82908668275)
(-0.0801749951661 1.1558274299e-10 5.5310236388)
(0.00755260584765 -2.95907244255e-12 5.00393843709)
(-0.0498545237991 -1.62971782829e-11 4.50179326316)
(-0.0721564681637 -3.44375837219e-11 4.1268234542)
(-0.0821802803425 5.44419661727e-12 3.84004780611)
(-0.0531306157263 -2.56195846403e-11 3.59302605131)
(-0.0416850901986 -1.14091031391e-11 3.36988518189)
(0.0422494770052 -2.02207277497e-11 3.20152506602)
(0.093581131101 -8.81964046133e-12 3.08470888726)
(0.117060984676 -1.3273041843e-11 3.0230869643)
(0.114501555629 -5.89299682324e-12 2.97212200736)
(0.106429128828 -1.46192437518e-11 2.93209295116)
(0.0928602663536 6.51445298364e-12 2.8997926017)
(0.075178284219 -4.51026720254e-12 2.85073262129)
(0.0672602986807 -3.98602775549e-13 2.83063863682)
(0.0304934253234 -1.85751087862e-12 2.75019524191)
(0.0506130681318 -5.5645555345e-13 2.71999828668)
(0.534871470641 7.80192833774e-11 21.1710443578)
(-0.0562783586079 8.97276005919e-11 11.8990573645)
(-0.279767585651 2.54547708853e-10 7.26041770386)
(-0.0139159169986 1.76837580609e-10 5.81164948984)
(-0.00783900790735 2.22662458032e-12 5.25843460549)
(-0.0692862583095 -2.09201469716e-11 4.73069623405)
(-0.104120557683 -5.66144311373e-11 4.31701976376)
(-0.113448052047 5.66459121348e-13 3.99953582756)
(-0.0880123487532 -2.29251169696e-11 3.71120583123)
(-0.0710271015878 -1.20398840233e-11 3.47998483495)
(0.014175455934 -3.47195548928e-11 3.31007382983)
(0.0744400835368 -8.67558277555e-12 3.19531149647)
(0.106290516379 -1.12058858516e-11 3.13727186445)
(0.102589934414 -1.77999735374e-12 3.09476023131)
(0.0974287329289 -1.30639076714e-11 3.05792008138)
(0.078785190102 5.41130199483e-12 3.03034848965)
(0.0631300461823 -3.88921012757e-12 2.98092628887)
(0.0469864497593 -4.4841382939e-13 2.96225850634)
(0.0137274921787 -1.94728964641e-12 2.8786997641)
(0.0203356145309 -4.21115641117e-13 2.86473244212)
(0.623070611136 -2.78392347529e-11 21.5220118814)
(0.0959278786707 9.59570037953e-11 12.8149478961)
(-0.172371788455 3.11499856217e-10 7.83550311228)
(0.0182479228308 2.2120418056e-10 6.15344417468)
(-0.0378973139449 7.59235367229e-12 5.55162706757)
(-0.0876033147287 -2.41336434912e-11 4.98497754667)
(-0.131613793349 -4.87660307158e-11 4.52202340765)
(-0.136103953649 -2.6684428769e-12 4.1642161814)
(-0.113443189076 -2.09696437627e-11 3.83285547628)
(-0.0872244365868 -1.22839590797e-11 3.59630383827)
(-0.00987342470978 -2.94875683563e-11 3.42052797769)
(0.055510864943 -8.55398772939e-12 3.31265124062)
(0.0943228261643 -9.39132476198e-12 3.25774059708)
(0.0885824465962 -1.70967243914e-12 3.22366880405)
(0.0855033964016 -1.14756855906e-11 3.19065677848)
(0.0614143463316 4.4056288497e-12 3.16861457292)
(0.0476313785214 -3.33544396011e-12 3.12025432782)
(0.0224546888272 -4.75630732952e-13 3.10412922049)
(-0.0058634703995 -1.91263233622e-12 3.01754017995)
(-0.00929983065719 -1.86530421427e-13 3.01984446272)
(0.665192415824 8.24435970665e-11 21.7567920918)
(0.187089841229 1.20349544183e-11 13.6542250025)
(-0.163394864176 1.44897576991e-10 8.43965698826)
(-0.011703016563 1.67926762041e-10 6.49926489506)
(-0.0669285056617 9.18788019934e-12 5.86389183715)
(-0.108219849324 -2.65649727422e-11 5.25308369358)
(-0.149938696424 -4.28092614e-11 4.73667780242)
(-0.149425652573 -6.4529047767e-12 4.32803762803)
(-0.129388300311 -3.45350275022e-11 3.95878120194)
(-0.0942702864988 -1.2376439564e-11 3.71631295952)
(-0.0279001464636 -2.51893963726e-11 3.53537362621)
(0.0407225701501 -1.42792799529e-11 3.43808916644)
(0.0828242019672 -3.52985079036e-12 3.38641690691)
(0.0747418402105 -1.47935653014e-12 3.36000780254)
(0.0727406540515 -1.00142163955e-11 3.33098153503)
(0.042796642052 3.49909281382e-12 3.31461409736)
(0.0306466518452 -2.83703527743e-12 3.26860612968)
(-0.00507260632929 -4.92275849287e-13 3.25630786237)
(-0.0247849105505 -1.85471790242e-12 3.16789597544)
(-0.0353851989352 -6.03645716626e-14 3.18380052707)
(0.59267700426 -2.14363197035e-11 21.8444048062)
(0.15989679074 1.16606174604e-10 14.2613026238)
(-0.175325364364 1.48805071561e-10 9.01499768234)
(-0.0745221487414 1.32806828029e-10 6.88321498323)
(-0.0746085463028 5.43168310671e-12 6.19940932626)
(-0.115517736216 -6.44243573079e-11 5.53428159377)
(-0.156911160132 -3.95866096896e-11 4.95802012846)
(-0.152633208772 -9.03689234793e-12 4.4876485277)
(-0.134189058233 -2.97258521951e-11 4.0906009805)
(-0.0960305871999 -1.1842544331e-11 3.84159492678)
(-0.0384637482547 -2.10673421322e-11 3.66054877871)
(0.0321397667287 -1.28895351645e-11 3.57410897805)
(0.0735686219084 -3.06207369122e-12 3.52655939425)
(0.0622411030904 -1.40008490264e-12 3.5054490271)
(0.0605805002874 -1.43463486108e-11 3.48003758787)
(0.0244571102316 2.60483556371e-12 3.4686976896)
(0.0138264390614 -2.38500438905e-12 3.42622459065)
(-0.0338679192748 -5.55104504365e-13 3.41868754092)
(-0.0448049630508 -4.64280415863e-12 3.33213013232)
(-0.066685440774 -2.60080297703e-12 3.34880843979)
(0.488152456634 -6.20059951503e-12 21.8146442781)
(0.105417696078 2.56848417094e-11 14.7527770059)
(-0.200631056946 2.16679706449e-10 9.61707396739)
(-0.13260263397 1.16817173201e-10 7.34635983816)
(-0.0849405738984 3.26211138062e-12 6.56465087714)
(-0.122255975697 -5.75773747679e-11 5.83092230337)
(-0.156787940127 -3.66305174243e-11 5.18206941629)
(-0.148101202147 -1.05292532064e-11 4.64611111271)
(-0.129734266798 -2.49488406575e-11 4.22927137282)
(-0.093991001642 -1.08691597486e-11 3.97568220888)
(-0.0400467849544 -1.71345030511e-11 3.80372621984)
(0.0307613638558 -1.15174608666e-11 3.72326904426)
(0.0666261793228 1.63272719081e-12 3.67927700141)
(0.050825860947 -1.19394137657e-12 3.66122944179)
(0.0495295295301 -1.21113966713e-11 3.63912465219)
(0.00741475853909 1.76131070505e-12 3.63160303739)
(-0.00142898016 -1.89291301424e-12 3.59388314594)
(-0.0614283331225 -6.0015166299e-13 3.59094494304)
(-0.0664175115976 -4.12563781062e-12 3.51239262246)
(-0.0992407836439 -2.28895611664e-12 3.52843729941)
(0.37686888009 9.94488748104e-12 21.7259240449)
(0.0428367043232 7.03413256524e-11 15.1676196065)
(-0.228869543826 2.55666515164e-10 10.2358282477)
(-0.197418309549 1.10437923019e-10 7.84573490844)
(-0.101035202081 2.7889165175e-12 6.93785948637)
(-0.124673267836 -5.15004054168e-11 6.13252973781)
(-0.152187162787 -3.36240843282e-11 5.4016653613)
(-0.136529931044 -9.31406022483e-12 4.80151337998)
(-0.118649375686 -5.6672404543e-12 4.37348766672)
(-0.0826876175945 -9.21215004562e-12 4.11944259975)
(-0.0320740745693 -1.39063986528e-11 3.96180252697)
(0.0314607080543 -1.53938711583e-11 3.88242786593)
(0.0616418486988 8.92617506098e-13 3.84275059277)
(0.0408460113325 -9.87077497826e-13 3.82740917977)
(0.0399132509654 -1.02377047156e-11 3.80910931431)
(-0.00770455347751 -3.307287715e-12 3.80436958126)
(-0.0143729508655 2.20816430369e-12 3.77211978314)
(-0.0852861854913 -5.82956597837e-13 3.77254696615)
(-0.0845255721263 -3.66511380726e-12 3.70666307975)
(-0.121975776635 -2.0540821489e-12 3.72482599977)
(0.288354039476 -3.37305990584e-11 21.6349041387)
(-0.00487384065127 1.44910722256e-10 15.5662879018)
(-0.263502357464 1.5138607491e-10 10.8801941535)
(-0.257916538669 9.682002748e-11 8.37586768304)
(-0.113775337308 3.03128798442e-12 7.31547200636)
(-0.123679548258 -4.90618675969e-11 6.43245789325)
(-0.14177688629 -5.98210940942e-11 5.61481450764)
(-0.119960218744 -1.0444327151e-11 4.95167227987)
(-0.102831364505 -1.9101489872e-11 4.52225706566)
(-0.0656316136277 -8.27178271503e-12 4.27501930384)
(-0.0188950055685 -1.83096523916e-11 4.12472191821)
(0.0347665848031 -8.03309493866e-12 4.05123298864)
(0.0604605412606 3.85473448227e-13 4.01598494047)
(0.0335554568599 -7.67845322042e-13 4.00408852887)
(0.0324220702434 -8.60398510114e-12 3.99024107347)
(-0.0205595763929 -7.36572675794e-12 3.98799260266)
(-0.025007849897 5.59958156621e-12 3.9613301783)
(-0.104602069862 -5.11060269097e-13 3.96376963771)
(-0.0989942541309 -3.17985305236e-12 3.91127498949)
(-0.135968973688 -1.82895362118e-12 3.92891588384)
(0.21163532988 3.58103524233e-13 21.5926106261)
(-0.0382313078371 1.20385594505e-10 16.009834316)
(-0.31275155061 1.39466504116e-10 11.5729619863)
(-0.337250539535 8.76381399349e-11 8.96648720115)
(-0.132984972406 4.43119680265e-12 7.70296359421)
(-0.119407173608 -4.47236103228e-11 6.73098252461)
(-0.130632685679 -5.11301940413e-11 5.81731674776)
(-0.10313127893 -1.10147369246e-11 5.09706441365)
(-0.0794745899876 -1.42708608052e-11 4.67220659747)
(-0.0516934132927 -6.64553731234e-12 4.43957980898)
(-0.00393421442174 -7.19720050486e-12 4.29444862112)
(0.0425897595583 -6.61134759823e-12 4.23156620942)
(0.0621184803256 -4.71126295404e-14 4.19949709848)
(0.0299577908183 -5.5215849432e-13 4.19164562278)
(0.0277186017172 -7.10563758801e-12 4.18241703589)
(-0.0306908276837 -6.93519976156e-12 4.1827525005)
(-0.0334145884173 5.1492923525e-12 4.16179079437)
(-0.119713345114 -3.66974169137e-13 4.16561739051)
(-0.110160052842 -4.72540291965e-13 4.12495896335)
(-0.14460202395 -1.58698136781e-12 4.14129642534)
(0.156623089121 1.70677557217e-11 21.6219113376)
(-0.0649216045308 3.63479450346e-11 16.5088931112)
(-0.340681435644 1.18743609338e-10 12.2993477556)
(-0.389930272969 8.20242990987e-11 9.59631140357)
(-0.177322229671 1.3547103308e-11 8.08897166531)
(-0.135096795515 3.11743378958e-12 7.0107524273)
(-0.124790233946 -4.15919228748e-11 6.00105754009)
(-0.0911682818306 -1.11138039227e-11 5.23326186108)
(-0.0564342598948 -1.11498158069e-11 4.8203813151)
(-0.0381527027752 -5.30386030824e-12 4.60913786034)
(0.0133887214262 -5.30947308963e-12 4.47455230409)
(0.053766020384 -5.17687605075e-12 4.42309967594)
(0.0666667202685 -3.40659342163e-13 4.39392332768)
(0.030529563129 -3.57940291347e-13 4.3905143088)
(0.0261581865626 -5.77182750253e-12 4.38532291704)
(-0.0376052767483 -6.44387555117e-12 4.38858755796)
(-0.0392502274095 8.08940665451e-12 4.3731844117)
(-0.131041432397 -1.95701765484e-13 4.37838670894)
(-0.118673675256 -2.70194720254e-13 4.34776156815)
(-0.150195296899 -1.41244106654e-12 4.36283808082)
(0.103623283592 1.59397134418e-11 21.7141541801)
(-0.099448727741 -8.00341790266e-12 17.044371102)
(-0.369928751193 9.92059292084e-11 13.0456949193)
(-0.4444336503 7.84743266096e-11 10.2516949445)
(-0.250066145157 2.28933400126e-11 8.50988179693)
(-0.162741829303 4.3228541327e-12 7.26003187398)
(-0.120253920236 -3.11879151988e-11 6.16788193636)
(-0.0835809939451 -9.94990150489e-12 5.36201250924)
(-0.031460089082 -8.82550583755e-12 4.97032078031)
(-0.0242916540481 -4.39613124273e-12 4.78472501894)
(0.0336952861855 -3.83091208613e-12 4.66671178608)
(0.0681366442259 -3.93977940644e-12 4.62666750761)
(0.0739087045862 -4.74575196471e-13 4.60012372734)
(0.0352535124248 -1.91910242554e-13 4.60153375618)
(0.0277785054732 -4.564403623e-12 4.59953578723)
(-0.0408884763081 -5.85002823983e-12 4.60583331423)
(-0.0424400413499 7.28749391147e-12 4.59538992753)
(-0.138842784502 -4.24416143028e-14 4.60189931978)
(-0.124854372778 -8.56032830481e-14 4.57969079069)
(-0.154096429648 -1.32062780344e-12 4.59440911001)
(0.0628741259491 -6.29162492026e-11 21.8534271496)
(-0.121076641192 3.00368135477e-11 17.6088776909)
(-0.368554645644 1.89304925542e-10 13.8021547293)
(-0.438843153035 8.95913208441e-11 10.9247009377)
(-0.327969561251 3.4923894242e-11 8.95019266128)
(-0.22444848531 1.68118430616e-11 7.46875139966)
(-0.121192197784 1.9899906763e-11 6.3079752214)
(-0.0752638693874 1.81148114213e-11 5.4837347688)
(-0.00925636055645 -6.18326947891e-12 5.1216123841)
(-0.00540557636358 -1.25474138676e-11 4.96582467831)
(0.0595441987889 -3.11482312077e-12 4.87028883709)
(0.0847983587511 -2.97416962841e-12 4.84137855349)
(0.0842381214558 -4.76685289734e-13 4.81888002372)
(0.0442866274081 2.54572086121e-14 4.82503942515)
(0.032343469743 7.40331139597e-13 4.82673119671)
(-0.0407182160657 -1.60458597799e-12 4.8353781361)
(-0.0431564008881 3.90960993163e-12 4.82944478338)
(-0.143587145162 6.05823002559e-14 4.83691287981)
(-0.128837566733 -5.97256350709e-14 4.82145365026)
(-0.156782267501 -5.13358305095e-12 4.83689963406)
(0.0361970706735 -3.11423538299e-11 22.0231580823)
(-0.12761304264 4.47385123977e-11 18.1579769238)
(-0.345333572831 1.47783642895e-10 14.5203379893)
(-0.421869595893 9.33150566118e-11 11.5667855482)
(-0.37794607785 4.8508106981e-11 9.35839190991)
(-0.249414284156 3.69221225558e-11 7.65629048873)
(-0.11085435977 6.5823249653e-11 6.3906030493)
(-0.0505870395638 2.17952934924e-11 5.59702548295)
(0.0183948821789 -2.69704356561e-12 5.26741910787)
(0.0226188512531 -9.69922441267e-12 5.15397074849)
(0.0927147103899 -2.80027210967e-12 5.08324697219)
(0.106715653806 -2.2756907631e-12 5.06462944539)
(0.0993227393992 -4.01656766979e-13 5.05164396969)
(0.0586460923894 1.87637732892e-13 5.06059722737)
(0.0404787225651 9.99044723813e-13 5.06805588868)
(-0.0373725971412 -1.41194937617e-12 5.07817288135)
(-0.041517448119 3.56194542503e-12 5.07687379623)
(-0.145947957162 1.44670080776e-13 5.08492996604)
(-0.131005246437 -6.58124835082e-14 5.07482870895)
(-0.158592506723 -4.56226538268e-12 5.09173582086)
(0.0237145655292 3.77087455273e-11 22.1948853593)
(-0.116302347962 -4.37826479542e-11 18.6633816609)
(-0.298509328291 1.039104792e-10 15.1799124712)
(-0.38593184252 8.89116906329e-11 12.1693563863)
(-0.370318520253 5.90013563317e-11 9.76092777666)
(-0.279685242611 5.17657660807e-11 7.85305284509)
(-0.102851199481 6.50930233175e-11 6.42156959027)
(-0.000796104686168 2.04733795004e-12 5.69676743292)
(0.0575975469405 1.26098133466e-11 5.42061336259)
(0.0712019091556 -2.226438762e-11 5.35151919823)
(0.132098008365 -3.48947910692e-12 5.31008694865)
(0.139018336211 -1.94446476454e-12 5.29730576388)
(0.122720851252 -3.19543161222e-13 5.29828108514)
(0.078187116311 2.96685604764e-13 5.30889705273)
(0.0535185748021 1.21158171836e-12 5.32325323871)
(-0.0307383579601 -1.07475809555e-12 5.33490445712)
(-0.0372661017593 3.13721247085e-12 5.33832620741)
(-0.1463492811 2.09137310915e-13 5.34692933902)
(-0.131765798618 -8.53810866993e-14 5.34145454014)
(-0.160027263525 -4.18725162857e-12 5.36048184579)
(0.0339021364418 1.536750466e-10 22.3250535632)
(-0.0784210916219 3.96515127299e-11 19.0905388504)
(-0.228985387866 1.52442055684e-10 15.7541095241)
(-0.316809816247 1.5954466635e-11 12.7120200793)
(-0.31106777408 5.5558900479e-11 10.1448496468)
(-0.26497410924 6.30414413284e-11 8.03465814805)
(-0.0660477345344 1.04315984416e-10 6.40732485872)
(0.0775609185458 1.22404003274e-11 5.78728470947)
(0.121628858532 1.11310301951e-11 5.5900552361)
(0.140753758938 -1.46209988329e-11 5.56516035897)
(0.180876267193 -4.1342707028e-12 5.5490216899)
(0.179607245604 -8.48236929584e-12 5.54672522794)
(0.156554986108 -7.60367410896e-13 5.55792242221)
(0.103863589133 2.49598245305e-13 5.57272503319)
(0.0722534185421 -2.31190687437e-12 5.59257629601)
(-0.0202228029962 -3.92158833205e-12 5.60652053406)
(-0.0303464680442 2.64853245157e-12 5.61392768164)
(-0.144691244315 2.54111874858e-13 5.62338855053)
(-0.13127332819 -9.74239229707e-14 5.62195710412)
(-0.161528945435 -3.81226187993e-12 5.64431020135)
(0.0673510195149 1.21337782696e-10 22.3220884785)
(-0.000868965320076 1.682909583e-10 19.3795592625)
(-0.111278655963 1.41095204989e-10 16.1874160929)
(-0.185261441378 1.10953843256e-10 13.1439016885)
(-0.169176494095 6.38171242281e-11 10.4351681556)
(-0.152800156723 6.0882518598e-11 8.12428805172)
(0.0329223907614 7.92693627079e-11 6.30103782078)
(0.177028636939 1.72094628393e-11 5.88087011506)
(0.213350217047 9.79869952268e-12 5.78202640017)
(0.229426533014 -8.38443556408e-12 5.79856642769)
(0.243756312312 -4.12170754593e-12 5.80386316604)
(0.234433370401 -6.86068570472e-12 5.81713002559)
(0.198919171294 -1.16890012618e-12 5.83596713336)
(0.137092484463 1.44920392302e-13 5.85529288988)
(0.0958753902953 -1.80488035609e-12 5.87874649623)
(-0.00585812846158 -3.30161029142e-12 5.89461280754)
(-0.0209789777561 2.18003438958e-12 5.90469191002)
(-0.141008490607 2.77416906275e-13 5.91509975281)
(-0.129546068715 -9.92013147397e-14 5.91636781646)
(-0.162915683688 -3.39352306612e-12 5.94360393056)
(0.133753045275 9.9165412294e-11 22.0590615338)
(0.112346863413 1.323242086e-10 19.3696426486)
(0.0638007722434 1.21138099672e-10 16.3485846595)
(0.000955353454712 9.58550653793e-11 13.3220039848)
(0.0466761570339 6.25478882554e-11 10.4975110546)
(-0.0102153865671 5.15101687343e-11 7.99585927794)
(0.22117936796 5.35366787817e-11 6.19282743205)
(0.323717049774 1.73804247075e-11 5.99104082698)
(0.329726182528 8.59413101288e-12 6.01584547264)
(0.331103431611 -3.90169941675e-12 6.06160266903)
(0.325543428494 -3.55827586253e-12 6.09321625779)
(0.304434734436 -5.54021953227e-12 6.11397353947)
(0.250550034408 -1.42491612949e-12 6.14031798496)
(0.17522820911 1.87423834195e-14 6.16130629247)
(0.123017761956 -1.44395899786e-12 6.18611521544)
(0.0109610748677 -2.78325122245e-12 6.20228566904)
(-0.0098971741001 1.73831885532e-12 6.21361401872)
(-0.136305430899 2.75666431147e-13 6.22417036354)
(-0.127217458941 -1.01323945472e-13 6.22646114502)
(-0.163950589448 -2.9600087383e-12 6.25991311652)
(0.222423885792 2.14193506497e-10 21.4243299407)
(0.251688927587 1.30200378176e-10 18.9464054249)
(0.253051509172 9.22296321823e-11 16.0861440974)
(0.245165666712 2.23589681903e-11 13.1173480231)
(0.271840380511 4.15267026422e-11 10.2664466269)
(0.218557188643 3.69711034119e-11 7.7244734213)
(0.465616401561 3.26525476835e-11 6.2350562994)
(0.480459919122 1.42861837462e-11 6.1986418707)
(0.467975148455 7.26244377896e-12 6.33184080448)
(0.453515900453 -1.16292978362e-12 6.38335730531)
(0.425431946292 -2.77605773697e-12 6.43313722061)
(0.38099989713 -4.36750340473e-12 6.44752967541)
(0.308195303654 2.93062893632e-12 6.47551403856)
(0.137831953143 -2.45629980335e-13 0.422498245442)
(-0.383525300122 -2.6459318023e-13 -0.242576931478)
(0.26508159851 -1.50536851724e-12 0.671697983517)
(0.0775330139049 -8.4246072648e-13 -0.0816451256184)
(0.278960838168 -1.79928104312e-12 0.885489728923)
(0.156287866848 -1.06171461365e-12 0.198924442235)
(0.247253918953 -1.78469596478e-12 1.05627421453)
(0.166340934339 -1.06514855199e-12 0.461021173549)
(0.211195673736 -1.65158973021e-12 1.28096024544)
(0.144603608186 -9.8555978137e-13 0.809631636061)
(0.191206394371 -1.46106519021e-12 1.48520358431)
(0.132203148549 -8.67829387059e-13 1.112287146)
(0.176029636093 -1.25295027535e-12 1.6709585055)
(0.120428646299 -7.38574303854e-13 1.363683172)
(0.166077878097 -1.04717639029e-12 1.84283651185)
(0.12422223699 -6.09191540053e-13 1.57356931921)
(0.144351763935 -8.85495674155e-13 2.0175712553)
(0.106023358245 -4.91151208654e-13 1.77001306418)
(0.125851158724 -1.09551943266e-12 2.18996235077)
(0.0907857678268 -4.47285198067e-13 1.9599077508)
(0.105009940171 -1.09351113501e-12 2.36340842086)
(0.0769175363396 -4.01404714358e-13 2.13543902633)
(0.0816906272845 -7.24649750791e-13 2.53974678342)
(0.0636498728368 -3.07875275371e-13 2.30194945679)
(0.0607420961341 -4.62170522109e-13 2.70903675235)
(0.0540930538118 -2.15974206438e-13 2.44399966356)
(0.0361413908637 -2.79979409573e-13 2.87502772097)
(0.0409131240273 -1.42872275601e-13 2.56654211353)
(0.0193183761531 -1.66168218248e-13 3.02491221961)
(0.0437648414021 -9.09309871935e-14 2.67360508678)
(0.0276323436738 -1.95047289997e-13 3.16619334094)
(0.066987707224 -6.38438762806e-14 2.70920008223)
(-0.0333362993049 -2.10713729603e-13 3.35009668844)
(-0.0195901484676 -5.11951729572e-14 2.8174551442)
(-0.0474314408729 -2.21265152763e-13 3.56841153599)
(-0.0331104797349 -4.73614588777e-14 3.01698801754)
(-0.0567827455241 -2.23515440778e-13 3.78836917026)
(-0.0354650075418 -4.71838392943e-14 3.19452663705)
(-0.0627947022888 -2.52987943071e-13 4.00853282697)
(-0.0365156076021 -1.00524659376e-13 3.36987200805)
(-0.0664119637756 -4.32053899451e-12 4.23361657886)
(-0.0370533199967 -5.36863157305e-12 3.54704577237)
(-0.068610298438 -3.85256732217e-12 4.46704010132)
(-0.0373038630659 -4.51271472253e-12 3.72911072065)
(-0.0697745335984 3.13447635641e-13 4.71132703055)
(-0.0373111884802 1.07612233257e-12 3.9184123361)
(-0.0700238145719 3.15504598568e-14 4.96908228237)
(-0.03704851677 6.48180986463e-13 4.11744134917)
(-0.0696532765703 5.20435956251e-14 5.24287983953)
(-0.0365928006794 6.79617310256e-13 4.32860227561)
(-0.0690598338857 1.54699072638e-13 5.5348760477)
(-0.0360928534901 7.75460802911e-13 4.55379850424)
(-0.0682504461235 1.98023470399e-13 5.84584523775)
(-0.0355828154822 7.60467863255e-13 4.79310639137)
(-0.0670793051793 1.69143277695e-13 6.17813991327)
(-0.0349319280919 6.45288759988e-13 5.04863003809)
)
;

boundaryField
{
    inletfuel
    {
        type            fixedValue;
        value           uniform (0 0 60);
    }
    inletair
    {
        type            fixedValue;
        value           uniform (0 0 2);
    }
    outlet
    {
        type            zeroGradient;
    }
    axis
    {
        type            empty;
    }
    leftside
    {
        type            fixedValue;
        value           uniform (0 0 0);
    }
    burnerwall
    {
        type            fixedValue;
        value           uniform (0 0 0);
    }
    front
    {
        type            wedge;
    }
    back
    {
        type            wedge;
    }
    procBoundary0to1
    {
        type            processor;
        value           nonuniform List<vector> 
27
(
(0.0474777211191 1.24098695189e-11 22.8009105031)
(0.122836997396 3.61422690304e-11 22.5577288725)
(0.189613503755 6.49561040017e-11 22.0983342449)
(0.24906999861 9.75804095409e-11 21.5010602197)
(0.214366052453 3.29302374182e-13 6.49357957092)
(0.150461025229 1.92281063605e-12 6.51577340935)
(0.0283463961858 -2.18788508106e-12 6.5304230212)
(0.00150163562161 1.32647795595e-12 6.54038459482)
(-0.132164793918 2.47574952149e-13 6.55016905353)
(-0.125148066516 -1.36245660013e-13 6.5524048052)
(-0.164968427407 -2.54739313559e-12 6.59324680842)
(0.342708808831 1.59632189879e-10 20.2329932425)
(0.438400535322 2.00866004038e-10 17.9514047106)
(0.511223692672 1.01645085491e-10 15.2584424166)
(0.569476838211 4.19648865394e-11 12.4041529914)
(0.599384807839 3.24674986522e-11 9.6312974604)
(0.568208645572 2.48942683479e-11 7.30531264611)
(0.642991487475 1.85836406167e-11 6.40080867799)
(0.635278445662 9.87318545022e-12 6.55556720828)
(0.60757446629 -7.96089542806e-12 6.72544352262)
(0.568451685657 -1.96682415623e-12 6.77297427995)
(0.522732648488 -2.30002004679e-12 6.81551174048)
(0.446057910481 1.25686591049e-12 6.82084593745)
(0.214366052453 3.29302374182e-13 6.49357957092)
(0.359715141354 -1.77032473631e-12 6.84038673587)
(-0.0660122537746 1.09241359622e-13 6.5319409275)
(-0.0342853558352 5.0013220349e-13 5.31985295503)
)
;
    }
}


// ************************************************************************* //
