/*--------------------------------*- C++ -*----------------------------------*\
  =========                 |
  \\      /  F ield         | OpenFOAM: The Open Source CFD Toolbox
   \\    /   O peration     | Website:  https://openfoam.org
    \\  /    A nd           | Version:  7
     \\/     M anipulation  |
\*---------------------------------------------------------------------------*/
FoamFile
{
    version     2.0;
    format      ascii;
    class       volVectorField;
    location    "0.08";
    object      U;
}
// * * * * * * * * * * * * * * * * * * * * * * * * * * * * * * * * * * * * * //

dimensions      [0 1 -1 0 0 0 0];

internalField   nonuniform List<vector> 
814
(
(0.922137104356 3.2311380536e-15 61.176705354)
(-3.09716619605 2.95984396506e-16 60.6104068039)
(4.25143722563 2.25029307811e-16 57.4954174991)
(0.821654150668 3.1261827971e-15 63.3104817362)
(-1.64004820319 8.31093672898e-16 62.160824857)
(1.97824022915 2.49751191212e-16 57.4031727346)
(0.525282285602 -6.36432483383e-15 63.455159125)
(-1.10581474596 -1.51632493123e-14 62.0171690111)
(1.37363080064 -2.33869423948e-14 55.5368373539)
(0.280035662749 -9.96146983774e-13 61.671430064)
(-1.41792055281 -1.5725374347e-12 59.4901237791)
(2.77927424893 -6.80084878863e-12 45.1286769461)
(0.252044565014 -1.39029350177e-10 61.4702482075)
(-0.3583131652 -7.80224343239e-11 58.6027190629)
(1.42762410947 -1.75803093724e-11 45.0667648543)
(0.167440674141 -1.78154508958e-10 62.3635648003)
(-0.223473947268 -8.31301547467e-11 58.9338753747)
(0.798125084638 2.48987493735e-11 45.9306993705)
(0.00999156116253 -8.59404793512e-11 61.8675668201)
(-0.205406205034 -6.16734539105e-11 57.926500686)
(0.364829201435 5.4168529443e-11 45.492382193)
(0.0353711380611 -4.28822231912e-11 61.1025684177)
(-0.10104716264 -3.70426152275e-11 56.7240485178)
(0.220065342065 6.59957732712e-11 45.0058607659)
(0.0398173412054 -2.14231169542e-11 60.3691974136)
(-0.011810755867 -2.11133564712e-11 55.6934843998)
(0.175391963152 3.49931695977e-11 44.9315719007)
(0.0311526307882 4.84841120503e-11 59.4882189833)
(0.0551937885967 2.03079952711e-13 54.7468623949)
(0.166985761021 2.12413585661e-11 45.0787793457)
(0.0404779934669 2.22967416968e-11 58.4105734875)
(0.107442847879 1.64374556159e-11 53.83547142)
(0.16008805626 4.38800550787e-11 45.2854349209)
(0.0570156356342 2.88118167001e-11 57.1773099887)
(0.135143354032 8.9157708462e-11 52.9574793488)
(0.137551891219 9.16609122956e-11 45.4846640155)
(0.0735157060379 2.44414726129e-11 55.8558766622)
(0.150886510535 6.5899406256e-11 52.1212559371)
(0.107641802528 7.31894489256e-11 45.6686269407)
(0.0903642910712 -4.15156596013e-12 54.5018924242)
(0.186902349472 -3.54819980469e-11 51.3220001983)
(0.147095357021 4.18810744946e-11 45.8459968036)
(0.107088664005 1.12603168334e-10 53.0598428239)
(0.240303613947 4.07149496259e-12 50.441451117)
(0.242992743758 -2.02457486926e-11 45.8746584108)
(0.129313214452 2.17012603561e-11 51.295957238)
(0.301350971686 1.08481054017e-11 49.1910884058)
(0.359178861524 1.06588192761e-11 45.4220340171)
(0.161101851803 6.52392429405e-12 48.9733553224)
(0.389547844239 1.13795202627e-11 47.3136735651)
(0.523734930152 1.81425695425e-11 44.2319413344)
(0.20494203115 4.27954447609e-12 45.909158011)
(0.507612849428 1.15691116523e-11 44.6265143904)
(0.73122180925 2.11257219865e-11 42.1327381592)
(0.231146501858 2.87794609948e-12 41.9784206881)
(0.590690630707 8.06383451396e-12 41.0145606387)
(0.885583769398 1.30508220515e-11 39.0282056663)
(0.237663550324 1.29150748593e-12 37.3819093171)
(0.613075516523 3.52218672356e-12 36.6844594311)
(0.933284705831 4.9034437693e-12 35.1521745827)
(0.221180918394 5.92904507974e-13 32.6571135939)
(0.570533401282 1.49299401484e-12 32.1767791921)
(0.872727415542 1.12821610634e-12 31.0514075721)
(0.194364524616 3.06731675087e-11 28.3575264162)
(0.503292012335 9.52183637747e-11 28.0329967997)
(0.773921230633 2.93123961169e-11 27.2298816923)
(0.16332274545 1.22937076185e-11 24.3859448217)
(0.420232455427 3.07156609641e-11 24.169020452)
(0.646598217139 1.66186212501e-11 23.5983396994)
(0.105234338521 -7.22016935153e-11 20.8978901685)
(0.270302868997 8.54660521979e-12 20.7673239322)
(0.415754358575 6.15380684001e-11 20.3898655056)
(0.00336450881272 -1.05130784501e-12 19.401142938)
(0.0135283148877 6.39803648957e-12 19.3468117605)
(0.0148199032727 1.37229883477e-11 19.14437374)
(-0.0802851854482 4.37336361159e-11 20.968900676)
(-0.211892451921 -8.16080061134e-11 20.9548460862)
(-0.34464847188 -1.00699743501e-10 20.8614489842)
(-0.0883598002769 -6.05903289949e-12 23.7846429393)
(-0.232508241831 -2.71621552177e-11 23.7913543047)
(-0.373343872035 -3.1508772418e-11 23.7504335371)
(-0.0405170297948 -7.08900988323e-12 25.7599864039)
(-0.107030307923 -2.18496763833e-11 25.7787579605)
(-0.171992010412 -4.34096109497e-11 25.7551845484)
(0.0218742394256 9.50902723362e-12 26.1448063693)
(0.0542756825295 2.83171424693e-11 26.1805277309)
(0.0838598317575 5.71337251765e-11 26.1693289356)
(0.0845606769247 -9.05464621195e-12 24.5486884791)
(0.222875386265 -2.99907082584e-11 24.594925104)
(0.356977869539 5.49719803931e-11 24.5894445486)
(0.147936868729 5.80990902937e-12 20.989035205)
(0.373587317048 1.89220931232e-11 21.0571836583)
(0.572368085972 4.97532109525e-11 21.06963777)
(0.184044038579 9.660180957e-12 14.1693978569)
(0.480889508778 2.84921572678e-11 14.2591395889)
(0.764190310757 5.37674616826e-11 14.2976795479)
(-1.71762225173 -3.5421745913e-11 15.6072362439)
(0.267990296671 -3.01222316531e-11 18.996519814)
(0.30067544522 -2.62014221018e-11 26.4391753356)
(-0.126152291311 -2.58981957019e-11 29.4092141602)
(-0.124575038532 -2.12289416296e-11 31.4402254671)
(-0.0832731602939 -1.57937361991e-11 33.4519110216)
(-0.0461149517316 -3.32862802838e-12 35.2923290533)
(-0.0210452939895 1.93507747316e-11 36.8572014162)
(-0.0221293883633 4.59224909691e-11 38.1489974863)
(-0.0462297711858 5.6788205349e-11 39.2583991041)
(0.00213934794486 5.49602994373e-11 40.3047685147)
(0.136534828487 4.67954781315e-11 41.1462738752)
(0.324825422963 4.830988821e-11 41.3864193115)
(0.583645560689 3.35931517654e-11 40.7922711497)
(0.887389239336 3.64101506115e-11 39.2186618232)
(1.11169177878 1.57063540218e-11 36.5991319266)
(1.1903212545 4.39547532098e-12 33.2014435234)
(1.11790044857 2.21165708302e-13 29.5687603001)
(0.996037021628 -3.60937257892e-13 26.1396541315)
(0.839522453622 1.71259922162e-12 22.800234997)
(0.541445038016 2.52733853945e-11 19.8420447572)
(-0.00118182000764 4.66316614156e-12 18.8283048205)
(-0.491029407406 -6.36521193525e-11 20.690490929)
(-0.519295181281 -1.79532775152e-11 23.6450366038)
(-0.242035399675 1.64019659673e-11 25.6698426772)
(0.111326194962 1.10221580008e-10 26.0961617632)
(0.490434121528 1.13095664244e-10 24.5215543601)
(0.762073102324 8.03940420773e-11 21.0228557659)
(1.04503548713 8.62361639339e-11 14.2861851062)
(-0.0722812500275 -4.85806601345e-12 2.17406904998)
(-0.167682118659 -3.68366084122e-11 2.28585454055)
(-0.277469990645 -7.38454740709e-12 2.22931872479)
(-0.366167303789 -1.98628547459e-12 2.31127496001)
(-0.439473955667 -5.19309999881e-13 2.26120405494)
(-0.490736474535 -1.34530164682e-13 2.26412182941)
(-0.544833618014 -5.23124885637e-14 2.21814068462)
(-0.569478041753 -9.59561076213e-14 2.19466020324)
(-0.583102020774 -3.16624759896e-13 2.16235375214)
(-0.575065338706 -1.37184260697e-13 2.1400264899)
(-0.555248014344 -9.21151237805e-14 2.11945615522)
(-0.520548484994 -2.6445171467e-13 2.10435067256)
(-0.478387927285 -2.54922947223e-13 2.09234328007)
(-0.423995403643 -5.81096306378e-14 2.08267367731)
(-0.368674027669 -8.54152164943e-15 2.07625963256)
(-0.297946824654 -9.57746153746e-16 2.06915284681)
(-0.239533273533 -4.35777753361e-17 2.06760717688)
(-0.152937574111 8.51302250664e-15 2.06137115914)
(-0.103320709008 1.39771523748e-13 2.06589145936)
(-0.0315450145119 3.71735406229e-15 2.06044072003)
(0.283445217246 -8.89360522207e-12 2.8191079956)
(-0.0785595474445 -6.64024856452e-11 2.83844560401)
(-0.137810368175 -1.9296659406e-11 2.81987745139)
(-0.232925894375 -7.07051510499e-12 2.77665690451)
(-0.41798023669 -2.3178942949e-12 2.66647323873)
(-0.457716505092 -7.03607411978e-13 2.65270949901)
(-0.550354965488 -3.77975166346e-13 2.55198388437)
(-0.554611330981 -1.54946593767e-12 2.49217177506)
(-0.569720805607 -1.08824259255e-11 2.40913598656)
(-0.550048420838 -2.15600343093e-12 2.35403197192)
(-0.526478038685 -1.16272950061e-12 2.30242634664)
(-0.486603981595 -6.8070921735e-12 2.26548940382)
(-0.444229989876 -6.22971445403e-12 2.23580403698)
(-0.388326806416 -7.51913730042e-13 2.21214609052)
(-0.337354643235 -8.50296208317e-14 2.19610525966)
(-0.264835574 -8.42084742032e-15 2.17892466983)
(-0.216348448793 -1.18139030998e-14 2.17488236963)
(-0.124782232815 9.696138507e-14 2.16030328583)
(-0.0922619600049 3.92327668591e-12 2.17973671306)
(-0.0493312250863 6.47920552849e-14 2.15761031146)
(-0.344988979254 -2.75976512878e-11 2.72791018026)
(-0.296910997452 -5.9843525271e-11 3.72320763703)
(-0.272227208801 -2.22709055529e-11 3.08413794906)
(-0.338631923343 -9.29693826996e-12 3.25829735303)
(-0.418670024755 -3.67613592543e-12 2.94182133542)
(-0.450863008566 -1.33926998223e-12 2.94372503478)
(-0.556810796299 -7.21590935676e-13 2.75274824555)
(-0.542609343185 -1.882310416e-12 2.67244126775)
(-0.551463928711 -8.79686650547e-12 2.54889949397)
(-0.514243728379 -3.14226505426e-12 2.4742870234)
(-0.484834930012 -1.70707547178e-12 2.40349922066)
(-0.439161352167 -6.17545862159e-12 2.35469167798)
(-0.397187289068 -5.97962813958e-12 2.31494980432)
(-0.34186845583 -1.17885534896e-12 2.28367994277)
(-0.296278221679 -1.54039809688e-13 2.26209115246)
(-0.225545101303 -2.69425641113e-14 2.23949187025)
(-0.186900173563 -2.33961476548e-13 2.23374040072)
(-0.0931521057657 1.30164063837e-13 2.21504534371)
(-0.0780722683117 3.92306785275e-12 2.25493894956)
(-0.056764865876 1.01939980772e-13 2.20878678128)
(-1.71705736555 -4.56376323299e-11 4.31558480206)
(0.202466674117 -5.71413856428e-11 4.33827228104)
(-0.815860253348 -2.40742560042e-11 3.70879044141)
(-0.542617424636 -1.13701558276e-11 3.78949759596)
(-0.745136269663 -5.644182868e-12 3.23991851505)
(-0.533174785782 -2.48722638908e-12 3.18726691977)
(-0.643009543549 -1.62187556191e-12 2.90335621198)
(-0.559003039661 -2.58918580721e-12 2.80203371528)
(-0.563777469161 -7.03656647773e-12 2.64707643073)
(-0.503116360849 -3.70992826557e-12 2.56128452952)
(-0.467655664578 -2.30290827183e-12 2.47899308022)
(-0.414869023898 -6.04869965535e-12 2.42373046659)
(-0.3721478617 -5.73197714475e-12 2.37795210887)
(-0.315661864707 -1.51562788535e-12 2.34233786051)
(-0.272971960592 -2.14668245731e-13 2.31701156782)
(-0.201417863684 -1.08686957233e-13 2.29128215791)
(-0.169118091897 -2.76895696859e-12 2.28333323429)
(-0.0655650578075 1.06570101634e-13 2.26320857414)
(-0.0669358569792 5.67846198035e-12 2.30750899024)
(0.15665678974 5.86590949637e-14 2.25793372577)
(1.00531474155 -3.46885552211e-12 8.56974551782)
(1.2006023741 -9.9280188686e-11 5.26344384231)
(0.389102685198 -3.35041334454e-11 5.42684493222)
(-0.548884822174 -1.40947082742e-11 4.42364773386)
(-1.04344037977 -7.80383175445e-12 3.92584192527)
(-0.855805868427 -5.32881189238e-12 3.48423295116)
(-0.869074583902 -1.24924129941e-11 3.10110114566)
(-0.64584377019 -1.17210645097e-11 2.90494855256)
(-0.618084192102 -7.61706988021e-12 2.73019933909)
(-0.525496791362 -4.43161137502e-12 2.64050760056)
(-0.481950912199 -3.58228618273e-12 2.55162584568)
(-0.419498246297 -1.20710794359e-11 2.49193263371)
(-0.373480017752 -6.50269861549e-12 2.44144230462)
(-0.313109241667 -1.89536242084e-12 2.40237671967)
(-0.269997497751 -1.95242757614e-14 2.37340609319)
(-0.194670957748 -1.41463172671e-13 2.34501854359)
(-0.164385352681 -2.62545552283e-12 2.33323886146)
(-0.0499903957264 8.08268334777e-14 2.31213439298)
(-0.0499409347727 5.57010981543e-12 2.33488074165)
(0.230875833499 -3.11590221672e-12 2.31430283667)
(0.578271390227 -7.93951407763e-11 14.0027037224)
(-0.23212017904 -1.62685223062e-10 9.40925862883)
(-0.170299974102 -3.84204540687e-11 8.3382389333)
(-1.24892655846 -1.55706819301e-11 5.71248265964)
(-1.44650790652 -9.8094075787e-12 4.84254859079)
(-1.19709833446 -7.46631297002e-12 3.72791381193)
(-1.01337104552 -1.22100584487e-11 3.28468432005)
(-0.743468519031 -1.82502696725e-11 2.97253866916)
(-0.67662460048 -9.41267579995e-12 2.80465150816)
(-0.559010805473 -5.69662170736e-12 2.71055453831)
(-0.508859791188 -8.14231090548e-12 2.62123418544)
(-0.435311349268 -1.14354943776e-11 2.55905640637)
(-0.384594963438 -1.19914581691e-11 2.50490217392)
(-0.319131112548 -2.58488029639e-12 2.46275437587)
(-0.274109291379 3.5801702809e-12 2.43013640238)
(-0.194332425177 4.78348674315e-14 2.3991751247)
(-0.164276447249 -2.32927303623e-12 2.38247066218)
(-0.0419497055501 9.31930665857e-14 2.3592652051)
(-0.0393699668013 7.16825722595e-12 2.35910915857)
(0.235495224882 -2.80249165593e-12 2.31737485813)
(-0.340588883487 -1.01665952282e-10 16.2159334383)
(-1.05063647153 -1.86858205984e-10 11.5606274157)
(-1.16688361455 -3.17955715557e-11 10.0001385155)
(-1.6005085964 -1.10480847475e-11 7.09594391906)
(-1.49361754557 -9.94260445024e-12 5.48103834728)
(-1.27680391385 -1.01215631087e-11 3.81569519807)
(-1.02623030995 -2.12086530144e-11 3.32440674853)
(-0.810792776142 -1.65743573322e-11 2.9948425277)
(-0.711273879219 -1.05854614423e-11 2.87011694909)
(-0.586876969498 -6.7401424388e-12 2.77197158258)
(-0.530240974455 -8.3519764592e-12 2.68769643937)
(-0.448511080408 -1.06682821188e-11 2.62447190494)
(-0.393690574756 -1.11932712914e-11 2.56782310474)
(-0.323583719284 -3.22213235873e-12 2.52305094511)
(-0.276624070219 2.81124329955e-12 2.48695591938)
(-0.193401751147 1.86817460314e-13 2.453654555)
(-0.163479516128 -2.08624197928e-12 2.43145512665)
(-0.0369351382469 1.02611093092e-13 2.40599139603)
(-0.0351864611359 6.83346798759e-12 2.38549931863)
(0.233824367712 -2.32784746491e-12 2.3196241663)
(-0.656986010922 -9.48571323087e-11 18.3907317727)
(-1.42967036162 -8.14568806576e-11 13.353600701)
(-1.62038118114 -1.89543165997e-12 11.0371558344)
(-1.5390759151 8.01322087167e-13 8.24728787955)
(-1.29111013085 -6.27769357786e-12 5.63166253156)
(-1.10644991566 -8.69002842596e-12 3.85279152083)
(-0.925783381668 -1.57412017006e-11 3.34088104107)
(-0.800408829564 -1.4272735696e-11 3.05053726145)
(-0.707478674314 -1.08921142989e-11 2.94205295607)
(-0.602369312199 -8.4582588922e-12 2.8354393559)
(-0.542077581729 -1.60135689191e-11 2.75398722768)
(-0.456997224452 -1.13735857825e-11 2.6890977686)
(-0.399162091518 -1.04281526285e-11 2.63044343934)
(-0.325409117084 -3.71729794997e-12 2.58348443953)
(-0.276830166622 1.89814164866e-12 2.54412452913)
(-0.191516190181 2.23037599257e-13 2.50886721176)
(-0.161773453998 -1.90193366859e-12 2.48104666718)
(-0.0349955433559 1.06368890975e-13 2.45395423099)
(-0.035250064122 6.44627502729e-12 2.41421634506)
(0.214499423378 -1.9606286973e-12 2.33715892306)
(-0.721226832757 -6.36034236138e-11 20.8815984278)
(-1.49113044433 -2.67368416938e-12 15.2428042401)
(-1.72526211965 9.9122056905e-11 12.2634676119)
(-1.40589721084 2.05987671479e-11 9.33278572174)
(-1.17181352003 -6.07940359184e-13 6.06773071243)
(-1.06791103814 -4.61814771786e-12 4.16024095119)
(-0.914073894184 7.3517024894e-13 3.51692900124)
(-0.816193088804 -1.01146800885e-11 3.19433681733)
(-0.713919653146 -1.08767870681e-11 3.03882948585)
(-0.617054071887 -1.87119116866e-11 2.90988309547)
(-0.549479598908 -2.31805574807e-11 2.82208981601)
(-0.463878353515 -1.33250439362e-11 2.75351711664)
(-0.403809831221 -1.03393576553e-11 2.69273854606)
(-0.32717133817 -4.49644734369e-12 2.64412448124)
(-0.277042196995 7.89173709528e-13 2.6018449123)
(-0.190657359855 1.4393352243e-13 2.56510476268)
(-0.160750867172 -1.73996314459e-12 2.53201583887)
(-0.0367990000422 1.10291195154e-13 2.5041124413)
(-0.0385605407222 6.1129801577e-12 2.44853456963)
(0.183026884375 -1.69462141652e-12 2.36922946811)
(-0.691277922592 -1.06712079966e-11 23.3343678525)
(-1.42164681204 1.29458066686e-10 17.0510148395)
(-1.62031508527 1.20041788777e-10 13.4287565091)
(-1.33796914678 4.15246264926e-11 10.3052172382)
(-1.21117333788 6.00946979753e-12 6.76305328129)
(-1.13325290646 -6.11156722989e-12 4.60362759392)
(-0.989078198847 -1.61649815442e-11 3.75174254924)
(-0.86736522198 -1.17099509599e-11 3.36806620192)
(-0.743307491988 -1.13389367239e-11 3.14372140189)
(-0.638336307015 -1.6421602957e-11 2.99264474724)
(-0.558911626274 -2.01338736327e-11 2.89087986771)
(-0.471645731596 -1.41788027184e-11 2.8175872866)
(-0.409385249345 -1.10086430547e-11 2.75483121324)
(-0.330265829374 -9.44873557668e-12 2.70508636169)
(-0.278606605739 -4.35392672156e-12 2.6603761186)
(-0.191902675168 -3.99669807816e-13 2.62260030672)
(-0.161256456255 -1.61706778821e-12 2.58498722445)
(-0.0421038539208 1.16366468106e-13 2.55705541444)
(-0.0441792527239 5.80278173104e-12 2.49015832754)
(0.14613503805 -1.47037491856e-12 2.41392326964)
(-0.618593091517 2.94873065169e-11 25.5738172909)
(-1.32307137278 1.29780854594e-10 18.7103770442)
(-1.50481798702 7.31841193151e-11 14.4312753756)
(-1.34764706935 6.09244822146e-11 11.0329709873)
(-1.28463586236 1.80928019274e-11 7.60238394613)
(-1.19828085864 -2.90311871937e-12 5.08638843976)
(-1.07348202298 -1.39278156358e-11 3.9901320649)
(-0.917552173596 -1.07622091166e-11 3.52721606474)
(-0.780174656571 8.99996101641e-13 3.24231758941)
(-0.657488743863 -1.16560250166e-11 3.07444151407)
(-0.570267893931 -1.66202365327e-11 2.95943342388)
(-0.47882349422 -1.416215582e-11 2.88150597998)
(-0.415219535778 -1.63125946902e-11 2.81699540361)
(-0.334477641446 -1.01105778386e-11 2.76641466482)
(-0.2813665918 -8.20473879383e-12 2.71990119315)
(-0.194981464452 -1.03475157826e-12 2.68149435548)
(-0.163032787805 -1.53578285024e-12 2.64035359846)
(-0.0498080011402 1.14984339969e-13 2.6130428341)
(-0.0506213575389 5.28496532387e-12 2.5392342004)
(0.11104687824 -1.27870943507e-12 2.46871385987)
(-0.576862467149 4.58466083795e-11 27.6236684379)
(-1.31232984811 6.64299215873e-11 20.3266649871)
(-1.57409998525 8.59352371219e-11 15.4643888119)
(-1.58742337408 8.71897284063e-11 11.7270164338)
(-1.3201386151 3.63148176548e-11 8.48290737894)
(-1.20151261913 1.21764696196e-12 5.55037365395)
(-1.09575297966 -2.64834666029e-11 4.24500634392)
(-0.928173965379 -1.3501494316e-11 3.66652339411)
(-0.796931456177 -5.02613606322e-12 3.342767739)
(-0.66748696718 -1.04233736341e-11 3.15375028343)
(-0.577558156582 -1.43363156862e-11 3.03110835134)
(-0.483602234597 -8.29034639593e-12 2.94551074189)
(-0.419969828032 -1.39842840675e-11 2.88005077562)
(-0.338859436127 -1.00649150363e-11 2.82827858175)
(-0.284554754093 -7.58657753518e-12 2.78055171148)
(-0.199163093104 1.37806947491e-12 2.74192290873)
(-0.165486184342 -1.55757416526e-12 2.698336054)
(-0.0587116330521 1.57540533243e-14 2.6721063714)
(-0.0568716546416 9.32602291908e-13 2.59491381023)
(0.0807865456952 -1.36317545642e-12 2.53042390882)
(-0.551143025299 5.87722586436e-11 29.5781029366)
(-1.27869710108 9.05742134949e-11 22.0503662839)
(-1.61285902659 1.60913828665e-10 16.7378911744)
(-1.73035388991 1.22890152479e-10 12.6435865917)
(-1.38873938175 5.54254768052e-11 9.36227665704)
(-1.20250423691 8.93979925974e-12 5.97249307034)
(-1.05276950935 -1.64848733458e-11 4.48986429586)
(-0.907005085751 -1.42632454306e-11 3.79035696019)
(-0.786458321154 -2.26125505503e-11 3.45140947009)
(-0.66390517759 -1.38906247384e-11 3.23443748024)
(-0.576873503347 -1.4883261059e-11 3.10830807047)
(-0.485904286323 -1.61589249203e-11 3.01265823814)
(-0.421694229514 -1.3758659494e-11 2.9448663939)
(-0.342880159712 -1.03367244355e-11 2.89105738634)
(-0.287574653256 -7.61859202575e-12 2.84246008249)
(-0.203745981848 3.4620511721e-13 2.80393220134)
(-0.168088527432 -6.65468086035e-12 2.75903582613)
(-0.0678604630884 -4.55514935684e-13 2.73417985628)
(-0.0622757583407 9.41458721953e-13 2.65625323029)
(0.0559398933839 -5.11969314448e-12 2.59722942183)
(-0.459814596207 7.2654721465e-11 31.4605417913)
(-1.13744387165 1.30658179774e-10 23.8421127596)
(-1.50177484396 2.72695493717e-10 18.1612372856)
(-1.65616196645 1.63646458797e-10 13.6906830279)
(-1.35229106801 6.79114466213e-11 10.1594770604)
(-1.13047041325 6.82891042894e-12 6.379520998)
(-1.00624583436 -3.15601594282e-11 4.67280445416)
(-0.862786198038 -1.61429508568e-11 3.93892488137)
(-0.749780758605 -1.93513781206e-11 3.56437642229)
(-0.648503742566 -1.54315377878e-11 3.32962484859)
(-0.565615030621 -2.25347979228e-11 3.19183789766)
(-0.484597035408 -1.74114032178e-11 3.08622253234)
(-0.420998194183 -1.43302688538e-11 3.01272215971)
(-0.34588609839 -1.11758520219e-11 2.95556357087)
(-0.290032349733 -1.46892238e-11 2.90600291466)
(-0.208159697621 4.09944969379e-12 2.86758584475)
(-0.170392434754 -5.08043159938e-12 2.8224603303)
(-0.0765033495654 -7.22572893617e-13 2.79911869361)
(-0.0665168867015 1.03327337689e-12 2.72234914486)
(0.0359816348449 -4.58144952962e-12 2.66782732452)
(-0.238316507524 1.3410945123e-10 33.1616508872)
(-0.793892591684 1.63621850479e-10 25.5288785025)
(-1.09088144221 3.10466641047e-10 19.5502174536)
(-1.21774237313 2.35389083322e-10 14.7534827515)
(-1.04367733008 7.86356802453e-11 11.0238934275)
(-0.95634605064 1.32247983054e-12 6.97022365957)
(-0.897502203973 -2.77477725865e-11 4.9828396634)
(-0.82604437867 5.24732788711e-12 4.07966611806)
(-0.738101276902 -2.75460169687e-11 3.7116738314)
(-0.629841277947 -1.76835149586e-11 3.44137457732)
(-0.55360185638 -2.03355745187e-11 3.28404085139)
(-0.480520031103 -1.75279183527e-11 3.16970143966)
(-0.418548128084 -1.94145492175e-11 3.08566069511)
(-0.347589171226 -1.26827100122e-11 3.02258476867)
(-0.291759151504 -1.64734264863e-11 2.97120001996)
(-0.21197528695 7.83521948169e-13 2.93268444192)
(-0.171958818471 -3.98391718757e-12 2.88847703102)
(-0.0840682118369 -8.91624434282e-13 2.8667286855)
(-0.0694610409074 9.36513212512e-13 2.79243738096)
(0.0202473353869 -3.05548973297e-13 2.74140594783)
(0.116827646635 1.13892339447e-10 34.3370770623)
(-0.216653832657 1.62209548407e-10 26.8318492215)
(-0.371860540544 2.71663689224e-10 20.6106216316)
(-0.432722384427 2.65428305735e-10 15.4951538517)
(-0.300931757283 8.32059985043e-11 11.6736745937)
(-0.340636457779 -9.08835539478e-12 7.9331956749)
(-0.741382605787 -7.17926348742e-11 5.60061339013)
(-0.773964526864 -1.67418417338e-11 4.48901451869)
(-0.692085413624 -2.41557529661e-11 3.89028385838)
(-0.647027792602 -2.00329460045e-11 3.59356247077)
(-0.546184534877 -3.53767201953e-11 3.40951721539)
(-0.476273635134 -2.17224958546e-11 3.26047681992)
(-0.417470063173 -1.8821340774e-11 3.16546629714)
(-0.348104583978 -9.39756381315e-12 3.0920089625)
(-0.292471850242 -1.33930976664e-11 3.03792645971)
(-0.214542388392 -1.53683517126e-12 2.999170312)
(-0.172162024972 -3.55788879228e-12 2.95693386182)
(-0.0900233017207 -1.04405096675e-12 2.93688692773)
(-0.0710142369617 7.71210420871e-13 2.86598140539)
(0.00816796180619 -5.91667763357e-13 2.81747648268)
(0.582614047496 4.30641020478e-11 34.5402481555)
(0.498258591592 1.33669252178e-10 27.3772335097)
(0.457012481639 2.43153370258e-10 21.0940980327)
(0.395148364639 2.44116459654e-10 15.7922268983)
(0.442038746945 7.98406817401e-11 11.9715249705)
(0.299362660781 -1.27464848043e-11 9.04665258255)
(0.0736595332545 -5.49617520691e-11 6.71073641992)
(-0.533493462053 -2.41296023716e-11 5.24468502023)
(-0.692729870731 -2.44801898112e-11 4.30894352719)
(-0.604261113253 -2.14512856759e-11 3.79552691926)
(-0.566627520212 -2.81174602032e-11 3.53511482032)
(-0.491313064155 -2.21075781913e-11 3.37567968935)
(-0.415296450461 -1.82080847925e-11 3.24711867749)
(-0.348131912701 -1.14198512652e-11 3.16319586447)
(-0.290946193834 -1.19376427724e-11 3.10557874014)
(-0.215181264262 -3.046057848e-12 3.06669394227)
(-0.170438434657 -3.40469888938e-12 3.02750001817)
(-0.0939399780084 -1.18015297488e-12 3.00951288939)
(-0.0711441193446 6.22380586479e-13 2.94262225457)
(-0.000902011603845 -8.3470942792e-13 2.89579987412)
(1.06799859586 7.48152198929e-11 33.6975935454)
(1.18560671386 6.23414503571e-11 26.9927990805)
(1.20639181854 1.1195810739e-10 20.879221209)
(1.0762680144 1.47162245261e-10 15.7013371239)
(1.02671849918 5.54452031034e-11 12.153563426)
(0.806436471683 -1.81540021861e-11 9.89119515142)
(0.503698285245 -3.97054954682e-11 8.05938430248)
(0.282742959574 -2.63185483493e-11 6.41077651857)
(-0.333617583703 -4.59743299195e-11 5.13725932058)
(-0.597676812815 -2.75554683322e-11 4.20906641939)
(-0.527849216854 -2.65629518335e-11 3.76116333889)
(-0.47948061286 -2.81177885473e-11 3.49739229898)
(-0.423520014778 -1.49826173687e-11 3.35260072882)
(-0.341684397129 -1.21643652629e-11 3.2379288423)
(-0.28485331671 -1.15602931854e-11 3.17281011024)
(-0.212418357914 -4.27662719741e-12 3.13524819197)
(-0.165877276722 -3.39478180326e-12 3.10024980229)
(-0.0952723574155 -1.31308151066e-12 3.08477370842)
(-0.0697957664958 3.37917991123e-13 3.02228410754)
(-0.00736054883189 -8.99874800954e-13 2.97643630292)
(1.41760183943 4.02488887786e-12 31.817875523)
(1.64771739929 7.17276027357e-11 25.7632383791)
(1.65440878389 7.00161521714e-11 20.130688884)
(1.44594519681 8.72591289112e-11 15.4541767585)
(1.3292371075 3.4097973297e-11 12.3129009883)
(1.1972575241 -6.48043878166e-11 10.3241760141)
(1.0575748065 -3.52001491801e-11 8.94440363589)
(0.798572369229 -2.31446793027e-11 7.79934509913)
(0.369470161838 -3.43000991343e-11 6.28253255897)
(-0.148553146406 -2.58201113768e-11 4.95450758083)
(-0.472738306583 -2.47151307883e-11 4.12647418869)
(-0.463703879587 -2.51601266003e-11 3.69255556946)
(-0.396907747906 -1.71717986529e-11 3.44544504867)
(-0.340163654379 -1.33439806379e-11 3.32051937134)
(-0.271507838102 -1.79796147444e-11 3.23814738143)
(-0.203404225277 -6.50746259941e-12 3.20472282105)
(-0.157770867533 -3.66664071169e-12 3.17539847849)
(-0.0937420135066 -1.5602513221e-12 3.16297261096)
(-0.0670068444375 -3.8899622268e-12 3.10501968955)
(-0.011741544809 -4.74446939613e-12 3.05950406989)
(1.54873440044 -6.02305110021e-13 29.2399002069)
(1.78185174513 6.34306206099e-12 24.0892797853)
(1.73723365762 9.04227199741e-11 19.2580044916)
(1.53969235152 7.82055455532e-11 15.2763710775)
(1.45347198775 3.95909210468e-11 12.3826380349)
(1.41107857839 -1.56387597391e-11 10.3360588509)
(1.34296427228 -1.01139901787e-11 9.07036819995)
(1.19559011083 -9.42708855246e-12 8.4832518291)
(0.811586551902 -1.78951403678e-11 7.82652229718)
(0.364508313476 -2.02632666982e-11 6.19330259168)
(-0.106620035027 -2.24127969595e-11 4.7283635417)
(-0.359259406959 -2.27538883827e-11 4.03759032278)
(-0.358763095825 -1.32288880772e-11 3.60538035694)
(-0.287983323282 -1.28819073914e-11 3.41143249133)
(-0.246917100143 -1.54029482831e-11 3.3145158106)
(-0.183042794959 -7.76604681069e-12 3.27739522047)
(-0.144533632897 -3.81052444452e-12 3.25470503157)
(-0.0889180391613 -1.75339257802e-12 3.24515753776)
(-0.0628691171225 -3.36200067583e-12 3.19127446802)
(-0.0142980359392 -4.25697379911e-12 3.14533913378)
(1.45707436598 -8.78742594036e-13 26.4854083647)
(1.65376342706 2.10657187364e-11 22.3502109525)
(1.65200994836 1.13429953046e-10 18.3539974416)
(1.59886767337 8.19626132664e-11 14.8460750026)
(1.6115646879 4.85772484057e-11 11.9272169542)
(1.67004659487 1.9107687932e-11 9.6730857773)
(1.72934820583 1.0234292417e-11 8.36911098392)
(1.6812891212 5.97652856641e-12 8.1847548285)
(1.33649251932 1.95026825336e-11 8.51469968781)
(0.661680612917 -1.0728150834e-11 7.64300875294)
(0.268507997673 -2.02300914082e-11 5.70398040854)
(-0.119963588972 -2.91385866276e-11 4.41080958159)
(-0.269101711057 -1.75791708682e-11 3.82885859877)
(-0.237320938825 -1.39293991284e-11 3.51101834329)
(-0.199100489925 -1.42398574149e-11 3.39656283112)
(-0.155164707514 -1.38114089283e-11 3.35677557975)
(-0.125916471161 -6.48049957242e-14 3.34037529273)
(-0.0815248198671 -1.44414522568e-12 3.33242699376)
(-0.0579796993439 -2.9814329436e-12 3.28133708144)
(-0.0154713958217 -3.98720057551e-12 3.23410997663)
(1.29605862392 -4.64939063744e-11 23.8313726096)
(1.49368217671 5.49762732797e-11 20.533170486)
(1.6059500135 4.78319923299e-11 17.1278389386)
(1.68304024077 5.27564551134e-11 13.8606962747)
(1.74088427297 3.68875673286e-11 10.9447088143)
(1.7640382973 2.162103217e-11 8.70538600698)
(1.76922942942 -1.97819655657e-11 7.53243543012)
(1.74063169862 1.20246707761e-12 7.62702975456)
(1.46554328001 -1.76847362514e-11 8.58716717742)
(0.851737746024 -1.6273120143e-11 8.75797982428)
(0.399379860549 -3.46429290711e-11 6.91797128667)
(0.132540482293 -2.12203719861e-11 4.97792303695)
(-0.0568538013135 -1.79930036065e-11 4.04295982688)
(-0.122450209369 -1.42596241242e-11 3.64439870585)
(-0.121294125939 -1.39615457923e-11 3.50271112348)
(-0.109284038144 -1.75194950645e-11 3.45728381328)
(-0.101663893947 1.83947074337e-12 3.43872581762)
(-0.0726086481012 -9.89497630503e-13 3.42753401493)
(-0.0531408596047 -2.7394866428e-12 3.37618555803)
(-0.0159628517758 -3.95439737313e-12 3.32610786545)
(1.12282839949 -1.81528991531e-11 21.09094567)
(1.37409700557 2.47479219651e-11 18.41855321)
(1.55714671905 2.7516848205e-11 15.4880381622)
(1.65547716759 2.8854375085e-11 12.5692940803)
(1.65403522737 2.74689615136e-11 9.98004870104)
(1.58569324848 2.92892651151e-11 8.09210262785)
(1.57189064331 1.69741292592e-11 7.17360880759)
(1.59771491237 1.48522610091e-11 7.33633744446)
(1.4446785287 -5.08598985297e-12 8.08134906492)
(0.886640082879 -1.37351360922e-11 8.97796128615)
(0.368245561956 -1.39713935538e-11 7.70070127046)
(0.165741763889 -1.80869690104e-11 5.59810066684)
(0.0783787025232 -1.69232333612e-11 4.33462509463)
(0.0212381886727 -1.42321551293e-11 3.84271852572)
(-0.0313864371874 -1.38266538009e-11 3.65615616892)
(-0.0661876881739 -1.4997090866e-11 3.58687601245)
(-0.0821112708883 -7.32335022323e-13 3.55133133965)
(-0.0673410408438 -8.77018458032e-13 3.52951738666)
(-0.0509468068955 1.17413094473e-12 3.4740502054)
(-0.0167019745288 -3.721674379e-12 3.41966493344)
(0.741106030772 -1.0910029149e-11 18.6532290259)
(0.901539539926 -3.90400925061e-11 16.6200035068)
(0.923261931533 4.05841406429e-12 14.3246855681)
(0.748151551841 2.23102049642e-11 12.0433899549)
(0.450103942524 3.73037567589e-11 10.0233227962)
(0.12013620083 8.75118996746e-11 8.41503287705)
(-0.0484029222639 3.37341288586e-11 7.48856517763)
(-0.336729323121 1.43179600932e-11 7.1028754748)
(0.499000448578 -6.33122830418e-12 7.12518188115)
(0.918309983121 -1.70433206033e-11 7.62209144525)
(0.466644278248 -1.57133360036e-11 7.30392957256)
(0.316571762714 -1.8380787048e-11 5.73826720407)
(0.225164502937 -1.67441745297e-11 4.54907253072)
(0.122191074448 -1.42641604739e-11 4.07006681652)
(0.0240792374571 -1.37190281519e-11 3.84454026559)
(-0.0436345529476 -1.33418912672e-11 3.7449145549)
(-0.0772719755667 2.4808685667e-12 3.68117749902)
(-0.0696632078051 -3.22788711428e-13 3.64065974879)
(-0.0529261476023 5.95666388423e-13 3.57523247524)
(-0.0186839925561 -3.61217432997e-12 3.51511566746)
(-0.0457430256419 -1.7763662967e-11 18.1195687616)
(-0.239907372981 -5.42618594777e-11 16.7595959176)
(-0.60431388723 1.48302857107e-11 15.155651751)
(-1.11531399258 3.32745072636e-11 13.4537933812)
(-1.6955388814 3.66498040259e-11 11.7125845491)
(-2.01936857123 4.33586792368e-11 10.0574060856)
(-1.94746902425 1.88912625987e-11 8.54333692744)
(-1.63566042877 -3.87482693629e-12 7.48858980191)
(-1.21778167273 -2.23136007675e-11 7.20849394966)
(-0.431975507916 -2.84815560472e-11 7.31493320612)
(0.368813032318 -2.03676591632e-11 7.03655555898)
(0.44298224657 -1.93543285602e-11 5.86130275435)
(0.358806439645 -1.65681769621e-11 4.82719838113)
(0.199040272814 -1.4184576332e-11 4.36326574519)
(0.0282740836791 -1.33861727193e-11 4.08913132602)
(-0.0567996703845 -1.21260791327e-11 3.92788841)
(-0.0972372907952 1.37846352984e-13 3.81636368239)
(-0.0876064624292 -2.63914131936e-13 3.74683267341)
(-0.0638608775048 2.76007467904e-13 3.67125973462)
(-0.022882105977 -3.63835828088e-12 3.60598888725)
(-0.768681520576 -6.15832704258e-11 20.2939722114)
(-1.25132003722 2.32158347071e-11 19.4036128612)
(-1.83943590212 1.10141565484e-10 18.1750688397)
(-2.48938380455 4.85763962551e-11 16.552510905)
(-2.74027099939 3.15465458061e-11 14.4840716626)
(-2.60688875482 2.83146970264e-11 12.1372576135)
(-2.32295261994 2.52405684274e-11 9.96278396829)
(-1.9974455025 -9.08827880931e-12 8.58429522603)
(-1.5649231904 -3.70359557567e-11 7.92300975605)
(-1.00367605371 -4.32133686768e-11 7.68385849099)
(-0.0211494167948 -2.24086697247e-11 7.14974067775)
(0.299714988548 -1.95555687961e-11 6.03579867581)
(0.141156067621 -1.61598980256e-11 5.13462927653)
(0.0420967687125 -1.36476741656e-11 4.62819753041)
(-0.0973528648216 -6.0687643491e-12 4.29776694563)
(-0.148500121551 -4.80513123075e-12 4.08785206829)
(-0.157640728017 -5.00626534474e-12 3.93777229639)
(-0.121770693552 -8.55909859844e-13 3.85038497412)
(-0.0788381755362 -1.12572412787e-14 3.76284686459)
(-0.0294540683967 -1.03573728643e-11 3.69441827045)
(-0.78759413106 6.03656224531e-12 23.3711478462)
(-1.20534831843 6.28008156604e-11 22.6338940503)
(-1.67297031614 9.56297980627e-11 21.4242818117)
(-2.08077670281 4.60842459393e-11 19.583145489)
(-2.08077720143 2.26819111455e-11 16.9828138942)
(-1.88633189565 1.3939992575e-11 13.7390019518)
(-1.68484841083 1.2055454491e-11 11.0579223983)
(-1.51563141146 -2.99319950229e-11 9.46622999715)
(-1.32805000178 -3.97352619715e-11 8.61229111733)
(-0.996052743249 -3.95045489219e-11 8.03415643001)
(-0.456705697699 -2.31909467134e-11 7.4174921155)
(-0.234884159522 -2.00410666956e-11 6.33283010597)
(-0.210470655961 -1.58019744862e-11 5.52470580841)
(-0.223754016368 -1.29778541967e-11 4.96012203458)
(-0.266189681661 -7.43033740452e-12 4.57853852411)
(-0.246217471532 -5.57649166226e-12 4.29481397242)
(-0.215418488702 -4.40245192716e-12 4.07373761019)
(-0.160488083236 -1.1980710899e-12 3.94080422374)
(-0.103408128891 -3.04135217357e-13 3.83814343931)
(-0.037044332327 -8.8145868926e-12 3.76829829329)
(-0.371982056752 8.70081902669e-11 25.4238160687)
(-0.553762238048 9.67579838402e-12 24.7104368741)
(-0.708819291295 7.56560107032e-11 23.4778900141)
(-0.76126991666 4.14386803073e-11 21.5515569476)
(-0.648214591659 1.79867043714e-11 18.6286032528)
(-0.57735885526 3.87117965883e-12 14.7270816415)
(-0.554741368466 -9.84387765219e-12 11.7559477583)
(-0.543009115475 -4.99830229407e-11 10.0373996163)
(-0.512860434567 -3.33985499539e-11 9.02195290644)
(-0.44337242879 -5.7560232942e-11 8.28397745881)
(-0.347086350543 -2.5741177547e-11 7.54836193802)
(-0.399336736932 -2.42661753186e-11 6.64423504792)
(-0.457927471933 -1.61485362812e-11 5.8722173472)
(-0.485010176482 -1.27374990485e-11 5.27171833473)
(-0.465620826853 -8.89739820573e-12 4.80095981877)
(-0.428636559318 -6.54679946532e-12 4.42195039978)
(-0.343044786194 -4.42300014671e-12 4.16699918501)
(-0.226904033726 -1.63205374174e-12 3.99595300446)
(-0.128946527468 -6.37802296511e-13 3.89892671911)
(-0.045757570383 -7.97000083141e-12 3.83899751272)
(0.162872339237 2.26877686637e-10 25.8663849247)
(0.255108072347 9.46228528686e-11 25.1788135623)
(0.38901927272 1.33890237897e-10 24.0096394505)
(0.581575371765 1.10614294168e-11 22.2248722483)
(0.808368229116 1.38458446485e-11 19.5474805893)
(0.815404260065 5.96866552318e-12 15.8914835005)
(0.64960134542 1.04565290149e-11 13.0160643145)
(0.458903294945 -3.36633544937e-11 11.207003758)
(0.298834520824 -3.26925459464e-11 10.0802460338)
(0.20716393708 -4.74344554033e-11 9.16899329685)
(0.140848012973 -2.86329155225e-11 8.30885286961)
(0.0658974685377 -4.34231449596e-11 7.43649819446)
(-0.11457537406 -1.91451237034e-11 6.58002691046)
(-0.374882834836 -1.39548124955e-11 5.8555883037)
(-0.488029948007 -1.79087765668e-11 5.21838494273)
(-0.443820921905 -1.47711474543e-11 4.6716230038)
(-0.343015498095 -6.47077948528e-12 4.27462212035)
(-0.233731194176 -2.44275060978e-12 4.06350124714)
(-0.127129868907 -9.84346982639e-13 3.94096383679)
(-0.0441414145746 -7.50395316505e-12 3.89369076116)
(0.741649437225 2.00417928505e-10 24.298935018)
(1.10810676142 2.11581541669e-10 23.6461684188)
(1.52466852353 1.45788611616e-10 22.5838407048)
(1.96323329016 8.46314133007e-11 21.0589788345)
(2.28909336102 3.23544208531e-11 18.9659280778)
(2.52489428053 1.24577161781e-11 16.2451553857)
(2.56956188882 8.13263341936e-12 13.8453537545)
(2.40427416849 -1.64317149045e-11 12.0454550565)
(2.11177019266 -2.47967990065e-11 10.7418112191)
(1.75615953913 -3.42101635355e-11 9.70631881139)
(1.42719477873 -2.78461868729e-11 8.82424435457)
(1.052156567 -3.40916635787e-11 8.04771311335)
(0.594629762405 -2.01404946251e-11 7.27221085539)
(0.237611826466 -1.49898847399e-11 6.59570037041)
(-0.137400564223 -1.60503846913e-11 5.80816925915)
(-0.423701088617 -1.37541584706e-11 4.980839739)
(-0.363814932194 -7.79148701244e-12 4.41514139297)
(-0.22673064057 -3.41425888172e-12 4.11739006194)
(-0.119706514866 -1.35385564154e-12 3.98252801674)
(-0.0354112547309 -7.02403638739e-12 3.95287117179)
(1.08282047377 1.2997595873e-10 20.8416572125)
(1.4865652741 1.42542489732e-10 20.3049706533)
(1.88382926989 1.0377338749e-10 19.4785237183)
(2.25167639807 6.0946511275e-11 18.3959502914)
(2.52687152588 2.35234648885e-11 17.075189613)
(2.7336528574 6.15923539392e-12 15.5547849717)
(2.86913191283 6.45929811698e-13 14.0574860488)
(2.95063456463 -1.00270964048e-11 12.7736939176)
(3.02771627721 -1.85511554878e-11 11.6180521216)
(3.05294564859 -2.58879412849e-11 10.5717718482)
(3.00391862654 -2.49024276555e-11 9.67159798049)
(2.83601118583 -2.3902308533e-11 8.93878437928)
(2.48446558058 -1.63806184135e-11 8.28934508608)
(1.79325024377 -1.33157915951e-11 7.62435676654)
(0.908797345843 -1.25720985456e-11 6.68867681347)
(0.282312223552 -1.26196788611e-11 5.63350287107)
(0.0401305483753 -9.05978667142e-12 4.69673613217)
(-0.031159902054 -4.51128106629e-12 4.1957582244)
(-0.0147710367506 -1.75468370976e-12 4.03115679858)
(0.00756875323766 -6.59871977689e-12 4.01796053776)
(1.56543391144 1.67868569444e-10 14.1931266487)
(2.25070207933 9.24553870457e-11 13.8335643185)
(2.93823595942 3.87927064988e-11 13.2924164799)
(3.58852215157 -2.82854870299e-11 12.6350417724)
(4.14200056103 -2.58367016369e-11 11.9118315657)
(4.49384286496 -2.22244282984e-11 11.1577362252)
(4.63681571635 -1.76004217678e-11 10.4691748869)
(4.62321349043 -1.75561584458e-11 9.90174450011)
(4.3903260674 -2.29301119013e-11 9.38241254214)
(4.03218519292 -2.84742337059e-11 8.834697301)
(3.65875227496 -2.63804180813e-11 8.39584837831)
(3.20316042086 -1.81804593822e-11 8.22163854141)
(2.6298461345 6.97474582398e-13 8.25904552256)
(0.00184539885855 -1.60885599337e-12 0.148979674286)
(-0.348505153003 -1.8257950838e-12 -0.209492237729)
(0.22163558036 -2.27271314111e-12 0.638426772272)
(-0.144452799599 -2.07649230277e-12 -0.185878691228)
(0.265661803868 -2.38766179675e-12 0.857976658516)
(0.0469486530827 -2.17396010801e-12 0.055243987616)
(0.250186626358 -2.32054323061e-12 1.11576363291)
(0.0717735782825 -2.15145332253e-12 0.402817448581)
(0.203236252861 -2.20885322938e-12 1.31833238379)
(0.0685184939074 -2.08087788099e-12 0.693690728615)
(0.155200954234 -2.08324202535e-12 1.51053222796)
(0.0568845729884 -1.99347707896e-12 0.970893473707)
(0.112123418137 -1.9561199322e-12 1.67588308241)
(0.0430898838367 -1.90375164005e-12 1.20036276314)
(0.0787658947896 -1.8398271708e-12 1.82210862572)
(0.0322148983481 -1.81811191676e-12 1.39794543348)
(0.0537815944435 -1.78768694373e-12 1.95201768155)
(0.0237176970337 -1.75132037961e-12 1.56627134255)
(0.0355586012036 -2.26058766359e-12 2.07040524489)
(0.0171070018954 -1.79272650664e-12 1.71347787395)
(0.0225892948919 -2.42324590819e-12 2.18024105918)
(0.0120156493226 -1.83354658743e-12 1.8444707091)
(0.0135106524827 -2.07629588386e-12 2.28418614134)
(0.00802899163144 -1.80723200792e-12 1.96355433086)
(0.0073176096817 -1.94376118005e-12 2.38437129408)
(0.00489333314827 -1.7715125655e-12 2.07410144778)
(0.00328087850603 -1.83436106836e-12 2.48247132484)
(0.00258520518254 -1.72058003254e-12 2.17891724039)
(0.000786677739165 -1.73766169824e-12 2.57992526997)
(0.000823443310664 -1.66570849653e-12 2.28042205448)
(-0.000520059040389 -2.05831453816e-12 2.67777819423)
(-0.000213777885178 -1.66486590675e-12 2.38043290182)
(-0.0010673070609 -2.18973950117e-12 2.77723634336)
(-0.000830723062388 -1.67749819385e-12 2.48094084178)
(-0.00090810738034 -2.30800567407e-12 2.87871960302)
(-0.00104574163482 -1.71029010989e-12 2.58303650183)
(-0.000395869916255 -2.42930708534e-12 2.98316701635)
(-0.000982127823554 -1.79009773468e-12 2.68817984902)
(0.000536714814718 -2.72477681991e-12 3.08933722383)
(-0.000608049651482 -2.33740969455e-12 2.79540625563)
(0.000685385430296 -7.25111291842e-12 3.19899812394)
(-0.000620884432557 -7.68024894304e-12 2.90752988329)
(0.00128683998581 -6.11290718213e-12 3.30610779895)
(-0.000105653822737 -5.98521938654e-12 3.01872849751)
(-3.34728364368e-05 -2.25411068719e-12 3.41567966287)
(-0.000447913483913 -6.42627907872e-13 3.13501458839)
(9.63750855228e-05 -3.49648027115e-12 3.51477016765)
(3.40136116782e-05 -1.83240018799e-12 3.2434859925)
(-0.00178614803276 -4.1173384161e-12 3.6171706622)
(-0.000315264847854 -2.24761779391e-12 3.35814426762)
(0.000516836185741 -4.48929740142e-12 3.70578293112)
(0.000789006506606 -2.54353433954e-12 3.46174803299)
(0.00306900717761 -4.79356892553e-12 3.80491435378)
(0.00226371539756 -2.87804149223e-12 3.57677552978)
(0.0195943012859 -5.02140597555e-12 3.91083531862)
(0.00761114438137 -3.19342168145e-12 3.69677983402)
)
;

boundaryField
{
    inletfuel
    {
        type            fixedValue;
        value           uniform (0 0 60);
    }
    inletair
    {
        type            fixedValue;
        value           uniform (0 0 2);
    }
    outlet
    {
        type            zeroGradient;
    }
    axis
    {
        type            empty;
    }
    leftside
    {
        type            fixedValue;
        value           uniform (0 0 0);
    }
    burnerwall
    {
        type            fixedValue;
        value           uniform (0 0 0);
    }
    front
    {
        type            wedge;
    }
    back
    {
        type            wedge;
    }
    procBoundary0to1
    {
        type            processor;
        value           nonuniform List<vector> 
27
(
(0.129551163013 -1.92863178699e-12 8.15968418748)
(0.338223444311 -4.76097710906e-12 8.2435171609)
(0.533651016833 -3.8572075377e-12 8.30819691139)
(0.716890101336 2.63680276229e-12 8.34378839388)
(2.10904534727 -6.75600232514e-12 8.24448701561)
(1.62324446506 1.89537201913e-12 7.89578853778)
(0.840952092601 -7.23463719975e-12 6.61410639634)
(0.36866932732 -8.64982443804e-12 5.16400412257)
(0.219883035694 -5.15499780678e-12 4.36424933538)
(0.135060746946 -2.16387404547e-12 4.15666362815)
(0.0834491254117 -6.30713335292e-12 4.13993857806)
(1.04725109477 2.28931305066e-11 8.36546394921)
(1.48412337659 6.05257265515e-11 8.23967744028)
(1.90437043417 -1.346523166e-11 8.01720617721)
(2.28371360711 -5.07555276254e-11 7.74374768211)
(2.60208551073 -5.14569897634e-11 7.44860823066)
(2.82874718562 -4.20137425623e-11 7.14483855885)
(2.99765383996 -3.21734956259e-11 6.848056992)
(3.16847991555 -3.21072160508e-11 6.5644182497)
(3.34882777938 -6.33805312298e-11 6.29504764422)
(3.52912975558 -4.79261162601e-11 6.09473498371)
(3.7448643576 -2.99909106974e-11 6.04584983003)
(3.87576634674 -2.76189474853e-12 6.22747332305)
(2.10904534727 -6.75600232514e-12 8.24448701561)
(3.70818156244 -1.88136891477e-11 6.67832125128)
(0.0462796072448 -5.16954687861e-12 4.06818016668)
(0.0148543445602 -3.44537492376e-12 3.86393938312)
)
;
    }
}


// ************************************************************************* //
