/*--------------------------------*- C++ -*----------------------------------*\
  =========                 |
  \\      /  F ield         | OpenFOAM: The Open Source CFD Toolbox
   \\    /   O peration     | Website:  https://openfoam.org
    \\  /    A nd           | Version:  7
     \\/     M anipulation  |
\*---------------------------------------------------------------------------*/
FoamFile
{
    version     2.0;
    format      ascii;
    class       volVectorField;
    location    "0.01";
    object      U;
}
// * * * * * * * * * * * * * * * * * * * * * * * * * * * * * * * * * * * * * //

dimensions      [0 1 -1 0 0 0 0];

internalField   nonuniform List<vector> 
815
(
(0.0474777211191 1.24098695189e-11 22.8009105031)
(0.122836997396 3.61422690304e-11 22.5577288725)
(0.189613503755 6.49561040017e-11 22.0983342449)
(0.0655969400282 -1.07038699708e-11 20.6050743093)
(0.168492769423 -3.32806049603e-11 20.3907116222)
(0.259436019886 -7.70372356731e-11 19.9838593889)
(0.0770112351865 -1.51790856901e-10 17.5027555567)
(0.197728698007 -7.59890684931e-11 17.3221575516)
(0.305352603223 -4.39040166204e-11 16.9751938258)
(0.076962328654 -1.4129688411e-10 13.7615830174)
(0.199413639077 -1.07950584949e-11 13.624822522)
(0.311001568142 -1.26029778196e-10 13.3572931926)
(0.0556438096302 -1.74759274675e-10 10.1462689178)
(0.146555454741 -1.27109663547e-10 10.0634442116)
(0.231436577171 -1.17568751631e-10 9.9125303945)
(0.0551938901797 -2.86758591744e-11 8.92587148967)
(0.154319204718 -5.91427656976e-11 8.89200394148)
(0.259307605264 -7.05661249646e-11 8.85921975981)
(0.0365883155313 -1.43461285522e-11 9.57308049205)
(0.0929534022241 -3.6088643864e-11 9.56613897381)
(0.141577005508 -4.47230747396e-11 9.57219736481)
(0.0296369432355 -9.0613830137e-12 10.3231777011)
(0.075684085508 -2.35713570805e-11 10.3188704732)
(0.11585640188 -3.02504295841e-11 10.3221081885)
(0.0210822258823 2.1332191428e-11 10.9207304264)
(0.0547067393448 8.4224814636e-11 10.9150311456)
(0.0849590255092 1.66187515739e-12 10.9120819858)
(0.0152632755689 8.85640712888e-12 11.3103187967)
(0.0396206583828 2.29987520028e-11 11.3044462683)
(0.061668921795 1.47070713767e-12 11.2998131825)
(0.00777368178695 6.49195847454e-11 11.6493227773)
(0.0201052647281 1.23311394024e-11 11.6439088587)
(0.0310819411884 -3.89417408274e-11 11.6396077816)
(0.00280085658541 6.95639308921e-12 12.0159894064)
(0.00700650500767 -1.53329909695e-12 12.0111258112)
(0.0104619628165 -1.92456825899e-11 12.0079335566)
(6.6107583473e-05 -1.06232375761e-12 12.4465693158)
(-0.00026953606227 -5.83896353955e-12 12.4419311687)
(-0.000970211598491 -1.37361169524e-11 12.4395013616)
(-0.00141826070246 -2.25855986001e-11 12.9388049592)
(-0.00389823668594 -7.27263877177e-11 12.9341299806)
(-0.00646603081919 -6.72358315894e-11 12.9320507208)
(-0.00200495220433 -1.56883580023e-11 13.4810046078)
(-0.00538638084233 -4.22305891774e-11 13.4761957222)
(-0.00876524536208 -4.76232848882e-11 13.4742099803)
(-0.00239148091921 3.02971921334e-12 14.0624436257)
(-0.00630890551941 1.51247776234e-11 14.0573860299)
(-0.0101280695155 -2.93466487345e-11 14.0553190975)
(-0.0028039063685 -1.9169257986e-12 14.6762508532)
(-0.00721803732367 -6.92114573801e-12 14.6709069356)
(-0.0113723371634 -2.7787519706e-11 14.6687032632)
(-0.00296239960579 -4.34739727596e-12 15.3208498002)
(-0.0076254809212 -1.32779069569e-11 15.3152433901)
(-0.012011473746 -2.74487855916e-11 15.3129343323)
(-0.0031161814806 -5.0489164513e-12 15.9984659558)
(-0.00801157148411 -1.4723755387e-11 15.992571045)
(-0.0126076982359 -2.63923648961e-11 15.9901827835)
(-0.00330964774343 2.63186915681e-11 16.7114790191)
(-0.00846740615504 8.65970276725e-11 16.7052968004)
(-0.0132756934616 5.61083883144e-11 16.7028960367)
(-0.00312962449511 3.79440721785e-11 17.4621858651)
(-0.00817192033779 1.12236873298e-10 17.4557233333)
(-0.0130486009121 4.37017871128e-11 17.4533799656)
(-0.00327695363971 1.86761169299e-11 18.2550441285)
(-0.00851420147427 4.61449053864e-11 18.2480970819)
(-0.0135586781792 2.40643932571e-11 18.2457272347)
(-0.00332115089125 8.54645550655e-12 19.0956153844)
(-0.0086262851238 2.03378284107e-11 19.0881886992)
(-0.0137600696603 1.14386525569e-11 19.0857996763)
(-0.00331499779639 3.85117455023e-12 19.9899499528)
(-0.00864559890255 9.00107157283e-12 19.9819810559)
(-0.0138495698433 4.42456983138e-12 19.9795022342)
(-0.00364970449171 1.62215834507e-12 20.9411833176)
(-0.00936001567866 3.66316957459e-12 20.9326836309)
(-0.01475956994 8.5165356959e-13 20.9300736412)
(-0.0036709857285 -6.42312374882e-11 21.9501055582)
(-0.00943886685005 -1.95328329232e-11 21.9412637368)
(-0.014908450025 -3.16823730477e-12 21.9386508947)
(-0.00375410680365 -1.06068891223e-11 23.0164346393)
(-0.00962859268185 -1.08297182239e-11 23.0073341675)
(-0.0151898039335 -5.08108038783e-12 23.0047671564)
(-0.00398007783748 4.2579764724e-11 24.1343842798)
(-0.0100651011025 -4.158459476e-11 24.1251435736)
(-0.015760012156 -1.83931874226e-11 24.1226983054)
(-0.00297212909604 -5.5934340945e-11 25.3377241146)
(-0.00807432537903 -2.40987770899e-11 25.3284405023)
(-0.0133317351773 1.42821405913e-11 25.3260690144)
(-0.0056103691655 1.517642649e-12 26.3524117135)
(-0.0130212422596 2.75471086006e-11 26.3425375972)
(-0.0190924403081 -2.18113642726e-11 26.3398679787)
(-0.00277208508024 -3.83839973788e-11 28.4241436829)
(-0.0080601483301 5.25104429064e-11 28.4159047296)
(-0.0137827939782 3.79621932973e-11 28.4140269527)
(0.24906999861 9.75804095409e-11 21.5010602197)
(0.343165343057 3.41916354326e-12 19.4510528162)
(0.407926662024 -1.87544725865e-11 16.5167298331)
(0.417847255527 -8.08610452543e-11 13.0008489799)
(0.30973695174 -1.28929422391e-10 9.71794367379)
(0.369002243168 -7.72740369463e-11 8.83084433038)
(0.192036324925 -4.6879435142e-11 9.58784403439)
(0.159062613424 -3.19202187075e-11 10.3294349187)
(0.11682896852 -1.58686631709e-11 10.9091919695)
(0.0834399625374 -9.18614783539e-12 11.2943040322)
(0.0416598435496 -2.05452217662e-11 11.6347912778)
(0.0137469526953 -1.84094900727e-11 12.0049751785)
(-0.00159740855646 -1.594971052e-11 12.4379034004)
(-0.008970851997 -4.08784222647e-11 12.931191038)
(-0.0121270516073 -4.14285767562e-11 13.4736828181)
(-0.0139356048665 -4.70362721592e-11 14.0548549795)
(-0.0154811040502 -4.36899665665e-11 14.6682079745)
(-0.0163532302037 -4.04669145591e-11 15.3124442335)
(-0.0171405272906 -3.72281484175e-11 15.9897108459)
(-0.017983666195 -5.85625624631e-12 16.7025049116)
(-0.0179094983008 -5.34261763705e-12 17.4531412803)
(-0.0185508533006 -5.26627635601e-12 18.245497788)
(-0.0188677297282 -5.57107424511e-12 19.0855800192)
(-0.0190504114662 -5.5921894984e-12 19.9792149506)
(-0.0200574121633 -5.14920824842e-12 20.929657501)
(-0.0203056123359 3.32453690405e-12 21.938267959)
(-0.0206928014582 -4.44028730344e-12 23.0044459815)
(-0.0214445124227 -1.75424605597e-11 24.122532801)
(-0.0186827565602 -8.00789113963e-12 25.3260408956)
(-0.0255603475814 -1.3738862167e-11 26.3395537575)
(-0.0194812278324 1.27499103194e-11 28.4145276193)
(0.214366052453 3.29302374182e-13 6.49357957092)
(0.150461025229 1.92281063605e-12 6.51577340935)
(0.0283463961858 -2.18788508106e-12 6.5304230212)
(0.00150163562161 1.32647795595e-12 6.54038459482)
(-0.132164793918 2.47574952149e-13 6.55016905353)
(-0.125148066516 -1.36245660013e-13 6.5524048052)
(-0.164968427407 -2.54739313559e-12 6.59324680842)
(0.342708808831 1.59632189879e-10 20.2329932425)
(0.438400535322 2.00866004038e-10 17.9514047106)
(0.511223692672 1.01645085491e-10 15.2584424166)
(0.569476838211 4.19648865394e-11 12.4041529914)
(0.599384807839 3.24674986522e-11 9.6312974604)
(0.568208645572 2.48942683479e-11 7.30531264611)
(0.642991487475 1.85836406167e-11 6.40080867799)
(0.635278445662 9.87318545022e-12 6.55556720828)
(0.60757446629 -7.96089542806e-12 6.72544352262)
(0.568451685657 -1.96682415623e-12 6.77297427995)
(0.522732648488 -2.30002004679e-12 6.81551174048)
(0.446057910481 1.25686591049e-12 6.82084593745)
(0.359715141354 -1.77032473631e-12 6.84038673587)
(0.245653467414 2.83401378776e-13 6.85302460763)
(0.173554406608 4.54723678441e-12 6.86882982399)
(0.042640979338 -1.52417174447e-12 6.87993899263)
(0.0106213929575 9.50438049492e-13 6.88541400399)
(-0.129478504943 1.32681500578e-13 6.89393299804)
(-0.123750228678 -3.10895045581e-12 6.89539444027)
(-0.16548834804 -2.19127851782e-12 6.94569345813)
(0.482451171269 7.42315421208e-11 18.3104694084)
(0.64465750969 5.61468533399e-11 16.2349649376)
(0.786940544538 1.18995864901e-10 13.7482739165)
(0.884244869488 3.08834804787e-12 11.10557254)
(0.886213436049 1.52828890276e-11 8.62298836731)
(0.830172314244 1.34921206878e-11 6.92913389829)
(0.81834606111 9.97527026196e-12 6.79745015702)
(0.776005812502 6.53801034842e-12 7.06615018469)
(0.722567457337 -3.02651569078e-12 7.19670001109)
(0.670841691522 -2.0261500991e-12 7.22871739408)
(0.602859952793 3.68356288483e-12 7.23876855277)
(0.497417814465 1.2819531557e-12 7.2335220821)
(0.396244309097 -9.12084652411e-13 7.23600905954)
(0.267797923947 2.93532251978e-13 7.24088140969)
(0.188248199933 4.05164813894e-12 7.24713040388)
(0.0504130484418 -9.90150206805e-13 7.25249792846)
(0.0154861680561 6.41449152139e-13 7.25141435595)
(-0.129362047899 9.43153642737e-15 7.25799015969)
(-0.123149806069 -2.88821346604e-12 7.25763813102)
(-0.166304571067 -1.88137600905e-12 7.31939921368)
(0.588011048126 7.51368065662e-12 15.5277387438)
(0.804194436582 -4.08989083095e-11 13.7175716359)
(0.97859230794 5.35772598587e-11 11.5624226741)
(1.02395662074 7.45823938853e-11 9.37149522972)
(0.973960928225 2.77467631454e-11 7.66306341454)
(0.967289503845 1.06891666131e-11 7.14920596534)
(0.923606073182 5.72030341538e-12 7.44432978508)
(0.862802129602 -1.08983755465e-11 7.66102953167)
(0.795456206795 -3.9345272339e-12 7.72046263116)
(0.723834719704 -8.89038645136e-12 7.71985079331)
(0.636377118723 7.61213638705e-13 7.69557906381)
(0.515346586427 1.08492946262e-12 7.67396777722)
(0.40435985281 -3.96140675875e-13 7.6594051029)
(0.271256181113 3.26588571794e-13 7.65287523394)
(0.189688316257 3.72924392038e-12 7.64773167406)
(0.0484476648613 -5.73532265692e-13 7.64594710134)
(0.0140032472948 4.03728583659e-12 7.63696296795)
(-0.133709189884 -9.10497170525e-14 7.64098355541)
(-0.124876172693 -2.7798943223e-12 7.63807348131)
(-0.167719174773 -4.17463153969e-12 7.71171089164)
(0.608975401826 -5.28797505588e-11 12.2298940641)
(0.820558590197 -1.24314012764e-10 10.8474915757)
(0.914410071663 -1.15965051818e-11 9.33241847932)
(0.975154658076 -1.81100594327e-11 8.13974597055)
(1.07108874413 7.62060081287e-12 7.70938307431)
(1.00492911969 6.1652919311e-12 7.95342736713)
(0.937348248332 2.40167416872e-11 8.18742528538)
(0.878629536312 -3.09633751043e-13 8.2750039444)
(0.812856473525 4.98169904911e-12 8.26075340304)
(0.732516102026 -1.15872812281e-11 8.21897933101)
(0.627867135115 3.39901690733e-12 8.16867231823)
(0.499420721671 -2.52838460172e-12 8.12939595752)
(0.385876915412 -4.06351509248e-12 8.10099980506)
(0.253551755825 1.55243692291e-13 8.08264740739)
(0.176193224451 8.46813319901e-12 8.06630860791)
(0.0347804035017 -1.28019807564e-13 8.0572746112)
(0.00470582800745 3.46288960067e-12 8.04001198972)
(-0.14355168444 -2.01963687588e-13 8.04143317857)
(-0.130314211204 -2.64204832039e-12 8.03631475544)
(-0.170043895379 -3.66750239028e-12 8.1220603405)
(0.433503712014 -2.02271937005e-10 9.31258183349)
(0.585601354925 -9.67934180002e-11 8.71205441118)
(0.87807451825 -2.15526063989e-11 8.27406245058)
(0.927631618577 -7.46857653928e-12 8.27599853544)
(0.912747732264 1.68013876966e-12 8.52202398663)
(0.883310441897 3.10917311972e-12 8.74646356843)
(0.849435390762 1.18174683616e-11 8.83998081694)
(0.815588117668 2.17346170037e-12 8.82914252055)
(0.750821716033 2.32843276017e-12 8.77472841889)
(0.668812863762 -8.51719970275e-12 8.70470603969)
(0.564131474286 1.66037924119e-12 8.64017692608)
(0.441018432864 2.3040224636e-12 8.58948532606)
(0.338062203906 -6.41197106939e-12 8.55159732553)
(0.213554029905 -6.47530716378e-14 8.52383935113)
(0.147629957096 7.506333812e-12 8.498092853)
(0.00908560258677 1.4816010705e-13 8.48255067686)
(-0.0128913762231 3.08513494342e-12 8.45923135198)
(-0.159114981234 -2.45017182183e-13 8.45818031455)
(-0.140339291683 -1.39858888629e-13 8.45187277606)
(-0.173838913644 -3.2229072533e-12 8.55027789053)
(0.645534228717 -9.18775819984e-11 8.79629395836)
(0.770513488809 -5.48671475962e-11 8.82166169751)
(0.779644583865 -1.72763902192e-11 8.96560510383)
(0.777858009902 -5.26287265443e-12 9.15672084295)
(0.773567924799 -4.12410046424e-13 9.32811938097)
(0.773673973947 1.64480969072e-12 9.39287585161)
(0.75772251046 7.31987394541e-12 9.38622603099)
(0.725938430489 2.27699540047e-12 9.32398994841)
(0.663780092204 8.90130603531e-13 9.24712798091)
(0.57274739068 -7.26188685386e-12 9.16814210705)
(0.472880649765 1.29212242873e-12 9.0999895312)
(0.359952783292 1.98748487978e-12 9.04625542582)
(0.272173730947 -5.51691402845e-12 9.00406990297)
(0.157245837725 -2.8693041475e-15 8.9711451218)
(0.10628699708 6.86029094894e-12 8.93915516577)
(-0.0254156719331 3.20559743312e-13 8.91909839737)
(-0.0365595025402 2.76359163273e-12 8.89224138622)
(-0.180645400381 -1.91003960312e-13 8.88943123425)
(-0.155522125053 2.06576743606e-12 8.88423871166)
(-0.17950441113 -2.77404363603e-12 8.99576479869)
(0.288272769639 -4.85164042795e-11 9.63689873487)
(0.386468602504 -3.29976816047e-11 9.70621476624)
(0.482511547337 -1.26816714499e-11 9.80709312391)
(0.55796275484 -4.67893026306e-12 9.88925789808)
(0.603442311764 -1.36312981771e-12 9.9274455638)
(0.622307653837 1.09262042317e-12 9.90778339996)
(0.614868466975 5.66002708276e-12 9.85164099312)
(0.579662767584 1.59589041706e-12 9.77342256984)
(0.520172974086 -1.33184264045e-13 9.69042915451)
(0.437871129194 -6.76301207522e-12 9.6148222505)
(0.354504479618 1.64164028259e-12 9.55040953868)
(0.260895984619 1.71963352185e-12 9.49905768849)
(0.194000512861 -5.0130820243e-12 9.4559965879)
(0.0907126737933 2.56227940427e-13 9.42207130466)
(0.0569921132084 6.33324108099e-12 9.38816917443)
(-0.0661405958547 4.50778576896e-13 9.36461801206)
(-0.0653009208177 2.46300002153e-12 9.33709784874)
(-0.206108186406 -9.13702775829e-14 9.3326498203)
(-0.175241549138 2.03088262432e-12 9.3343309548)
(-0.187476540444 -2.32973833427e-12 9.45813907223)
(0.238503715503 -3.19997801089e-11 10.3503036517)
(0.323442700481 -2.35722049622e-11 10.3788268206)
(0.403835993651 -1.03492334218e-11 10.4034646889)
(0.468681687398 -4.58558704786e-12 10.4088217162)
(0.497992705792 -1.77105847259e-12 10.3831005874)
(0.500102700435 1.01340623815e-12 10.329856113)
(0.480441562683 4.99652864581e-12 10.2596770909)
(0.434305173901 5.99088498824e-13 10.1845250208)
(0.375466929239 -9.35122599445e-13 10.1116759466)
(0.303641203484 -6.36695706879e-12 10.0476483208)
(0.237826530015 2.24618938688e-12 9.99319750729)
(0.161047270675 1.49280881283e-12 9.94861466607)
(0.114309341231 -4.66160589914e-12 9.90825256852)
(0.0237799424226 6.08785609472e-13 9.87629693661)
(0.0026778350727 5.78740660619e-12 9.8446566162)
(-0.109616521007 6.85662108391e-13 9.81913749647)
(-0.0969213080148 5.12857510047e-12 9.79389865439)
(-0.231735801341 7.55418548557e-14 9.78778939813)
(-0.196982539354 1.98848303708e-12 9.80132276964)
(-0.199552104083 -1.91114645983e-12 9.93748592989)
(0.174173892869 -2.10797394488e-11 10.9031615751)
(0.243763881768 5.75376126802e-12 10.8915205437)
(0.30522577396 -2.26075844199e-11 10.8691729141)
(0.337786436837 -6.4984962806e-12 10.8337573627)
(0.345610656279 -2.92626962278e-12 10.7812594253)
(0.335676924588 -1.19130263793e-11 10.7200630189)
(0.311531692474 3.10671140772e-12 10.653559876)
(0.272098783149 -5.50299268657e-13 10.589723983)
(0.226019746147 -1.51181844458e-12 10.5311120941)
(0.172955231698 -5.77780853693e-12 10.4803798688)
(0.128576367422 2.77454106627e-12 10.4365857799)
(0.0671921538187 1.05396450432e-12 10.4000051391)
(0.0381815889782 -1.03366027554e-11 10.3656067774)
(-0.0384994425461 8.72968553834e-13 10.3359876375)
(-0.0503726965653 5.1822700253e-12 10.3094295403)
(-0.152140778267 1.05385511111e-12 10.2848083565)
(-0.129948560854 7.33678471437e-12 10.2624534438)
(-0.256148064808 3.59732231103e-13 10.2571069669)
(-0.219677725668 3.90738717474e-12 10.2797591067)
(-0.215515796108 -1.53049404934e-12 10.4363665278)
(0.120832573907 -1.53408715251e-11 11.2819329759)
(0.160141234872 -1.7761207256e-12 11.2593106001)
(0.189488840679 -1.81189005471e-11 11.2261982256)
(0.201066373824 -2.98151353595e-11 11.1854225929)
(0.199843783029 -5.87006050691e-12 11.1383736107)
(0.187393907326 -9.40112189608e-12 11.0893717442)
(0.165376751033 2.15584556341e-12 11.04061327)
(0.135324974953 -1.41316202971e-12 10.9951126151)
(0.103446991746 -1.7939217147e-12 10.9541347464)
(0.0654039924909 -4.80361475877e-12 10.9184083686)
(0.0378527021007 7.37171209698e-12 10.8863432358)
(-0.0102278833773 7.95669011615e-13 10.8576943795)
(-0.0294998117306 -3.11196091876e-12 10.8318748762)
(-0.0932439120598 1.15875694289e-12 10.8058433916)
(-0.0978058154544 4.57042931125e-12 10.7849352719)
(-0.192051780078 1.4314869437e-12 10.7630619525)
(-0.161373291329 6.68983102191e-12 10.7437070426)
(-0.28239984513 5.51934960784e-13 10.7419514038)
(-0.240917191114 1.53533275896e-12 10.7712691191)
(-0.228581119999 -1.22310067415e-12 10.9549299702)
(0.0594446938751 -1.6811812312e-11 11.624317694)
(0.0770513450288 -2.59216204285e-11 11.6040490809)
(0.0881060409718 -1.92021104214e-11 11.5773324168)
(0.0899169508152 -2.51188388789e-11 11.5468064711)
(0.0847398888043 -8.04125920667e-12 11.5144177662)
(0.0728398021767 -2.0678176055e-11 11.4818403772)
(0.0558637192736 2.57511700932e-13 11.450693439)
(0.0347452177848 -9.59557162137e-12 11.421868062)
(0.0143164357876 4.28542551556e-12 11.3959756393)
(-0.0129185041333 -3.4277614186e-12 11.3723375004)
(-0.032251248284 6.8341853247e-12 11.3510769935)
(-0.069403518022 7.21306968148e-12 11.3295180862)
(-0.0833405089983 -2.42777006452e-12 11.3115726287)
(-0.138826102893 5.83318510831e-12 11.2906162651)
(-0.137965290169 4.06185324976e-12 11.2744397863)
(-0.227830912009 1.7675954068e-12 11.2564537317)
(-0.189476143888 6.12901984073e-12 11.2401214216)
(-0.307977836034 7.29245850181e-13 11.2431727591)
(-0.261055069221 1.49495124773e-12 11.2812318301)
(-0.239468179616 -9.29224084069e-13 11.4919072657)
(0.0188573815067 -1.74483074054e-11 11.9989354917)
(0.0224876561678 -2.37050708717e-11 11.9861325654)
(0.0227525353143 -1.99769637949e-11 11.9697356193)
(0.0187277762052 -2.27426793469e-11 11.9514422838)
(0.0110599186943 -9.57923675595e-12 11.9326287888)
(-0.000135629452822 -1.82573956778e-11 11.9140246368)
(-0.0135645962096 -1.23990612331e-12 11.8965638336)
(-0.0290522027021 -7.90092914707e-12 11.8802525818)
(-0.0446659267712 3.25194886371e-12 11.8652855785)
(-0.065449716371 -2.04315121195e-12 11.8504743613)
(-0.0815125147828 6.36289785567e-12 11.8370879161)
(-0.112779256054 6.1485143725e-12 11.8219660251)
(-0.124222751249 -1.59767542544e-12 11.8094366088)
(-0.174944184901 5.33054403193e-12 11.7937364359)
(-0.17074650891 3.58862796539e-12 11.7811820916)
(-0.258742971751 2.00407050225e-12 11.7672414561)
(-0.21388221431 5.55380577615e-12 11.7537642929)
(-0.331534030509 8.67533217982e-13 11.7618069516)
(-0.279990613724 1.38885474475e-12 11.8100140149)
(-0.249001196478 -6.812591551e-13 12.0486591127)
(-0.00325678444854 -1.75193589291e-11 12.4350858396)
(-0.00717594355126 -2.22583102584e-11 12.4283167942)
(-0.0126764066403 -2.01374897422e-11 12.4196896637)
(-0.0202513915136 -2.09001123435e-11 12.4101384182)
(-0.0295060502101 -1.07818709981e-11 12.4004961433)
(-0.0403297639519 -1.61942688207e-11 12.3910567734)
(-0.0524092065076 -2.47016683238e-12 12.3821779738)
(-0.0661037038084 -6.09017619755e-12 12.3735638774)
(-0.0807806600659 8.67971783019e-12 12.3651866113)
(-0.0993371957921 -6.70913315406e-13 12.3563211377)
(-0.115099530825 5.90645425192e-12 12.3477791506)
(-0.143638116763 5.45797169802e-12 12.3376496846)
(-0.154707028084 -7.87012035778e-13 12.3287801396)
(-0.203104388726 4.87888233041e-12 12.3173986643)
(-0.197097787167 3.00339644857e-12 12.3075182147)
(-0.285130958397 -6.59557933919e-13 12.297110577)
(-0.234967736521 4.92000966899e-12 12.2861542891)
(-0.352984812631 9.55593941472e-13 12.2990341728)
(-0.29774851095 1.27043275265e-12 12.3581324188)
(-0.257489970287 -4.58928176614e-13 12.6262422948)
(-0.0137425048986 -4.71741077912e-11 12.9301169272)
(-0.0212197228818 -2.37800949462e-11 12.9270373822)
(-0.0294741457259 -1.98160776899e-11 12.9230290339)
(-0.0388252558049 -1.90545203709e-11 12.9185427544)
(-0.0491821983769 -1.04144149329e-11 12.9140454979)
(-0.0606311857045 -3.6209535951e-12 12.9095617697)
(-0.0732642955356 -3.29739104086e-12 12.9051616271)
(-0.0874126644159 -1.16689653428e-11 12.9005777108)
(-0.10283356696 1.74760175438e-12 12.895765146)
(-0.121251266489 2.48717961384e-13 12.8903648429)
(-0.137956967519 5.79144916668e-12 12.8847765174)
(-0.165661722229 1.04437455995e-11 12.8779569978)
(-0.177426145122 -4.81240215488e-12 12.8715234113)
(-0.225200607029 4.50872547624e-12 12.863271602)
(-0.218324020163 5.6780852158e-12 12.8553043164)
(-0.307804652031 -1.1776211243e-13 12.8476654704)
(-0.253344769229 6.47181035047e-12 12.8388802953)
(-0.37250894181 1.00694592866e-12 12.8563755237)
(-0.314418179651 1.16362563813e-12 12.9269712952)
(-0.264746425242 -2.5998040255e-13 13.2262575274)
(-0.0182672379664 -4.08934564147e-11 13.4733870007)
(-0.027280531108 -2.70189017029e-11 13.4722087379)
(-0.0369223833073 -4.36094737084e-11 13.470550463)
(-0.0474551746243 -1.90077355344e-11 13.4685433348)
(-0.0589307654901 -9.94217802986e-12 13.4664489413)
(-0.0715051840268 -3.91376824138e-12 13.4642084571)
(-0.0853063419697 -3.80307409135e-12 13.4618394867)
(-0.100528406736 -9.48583442813e-12 13.4591655442)
(-0.117096372617 1.66301674582e-12 13.4561595322)
(-0.136174883317 9.47430021143e-13 13.4526253615)
(-0.154170386373 5.60314512401e-12 13.448734192)
(-0.182043408106 9.06009664159e-12 13.4439080055)
(-0.194900089346 -3.53227994443e-12 13.4389955186)
(-0.243130197373 4.08546686358e-12 13.4327962558)
(-0.235853829759 4.79330513725e-12 13.4261114187)
(-0.327753833224 1.67626884411e-13 13.4204646601)
(-0.269690809289 5.58306827515e-12 13.4135032337)
(-0.390448917315 9.92037903202e-13 13.435402605)
(-0.330109502529 1.0604708448e-12 13.5179403178)
(-0.270702107141 -9.03504581294e-14 13.8502827684)
(-0.0207064451912 -8.63659608874e-11 14.0548213647)
(-0.0304729434147 -3.24906657134e-11 14.0544941628)
(-0.0409764226869 -3.73960733545e-11 14.0538699596)
(-0.0524342594654 -1.81603681693e-11 14.0529195586)
(-0.0649173459171 -8.3567281125e-12 14.0518136424)
(-0.0785469799017 5.85504962111e-12 14.0505017316)
(-0.0934297359013 -3.5876980154e-12 14.0490089628)
(-0.109709452675 -7.95215735145e-12 14.047219584)
(-0.127396489546 8.93611949643e-13 14.0451090901)
(-0.147369777908 -6.654086412e-12 14.042554349)
(-0.166664558255 5.54978700917e-12 14.0396130281)
(-0.195189830726 1.3157291281e-11 14.0359415622)
(-0.209220270951 -2.48457688584e-12 14.0319580888)
(-0.258555531315 3.83552491786e-12 14.0270521724)
(-0.251048776449 7.16318697981e-12 14.021221305)
(-0.346026625621 3.6794992334e-13 14.0169956082)
(-0.284795301244 4.63837409844e-12 14.0116428841)
(-0.407433600034 -2.42100101225e-12 14.0379320159)
(-0.345227906346 9.24006929931e-13 14.1330631121)
(-0.275785294319 1.15738163111e-13 14.5007874726)
(-0.0225935903486 -6.7215081261e-11 14.6682546892)
(-0.0328411257558 -3.43110554211e-11 14.6683054983)
(-0.0439844707546 -3.48661670897e-11 14.6681296089)
(-0.0561703699581 -3.37602842316e-11 14.6676315368)
(-0.0694526806733 -8.04884281775e-12 14.6669463424)
(-0.0839340063559 4.40814640924e-12 14.6660504889)
(-0.0997176665003 -3.34984480637e-12 14.6649717415)
(-0.116930211173 -6.73224292563e-12 14.6636319336)
(-0.135623689366 2.14320245731e-13 14.6620055142)
(-0.156515451913 -4.93880205801e-12 14.6600079764)
(-0.177019840151 5.47293368128e-12 14.6576445695)
(-0.206405800962 1.16259203374e-11 14.6546913538)
(-0.221556236336 -1.6469044154e-12 14.6513371228)
(-0.272372811169 3.39707881216e-12 14.6473125077)
(-0.264625953761 3.35020927238e-12 14.6421337863)
(-0.363092691547 4.54420295977e-13 14.6390353921)
(-0.298869227297 3.79002453464e-12 14.6352414538)
(-0.423346202754 -2.22243481481e-12 14.6661488207)
(-0.359423340888 7.75144556476e-13 14.7746960228)
(-0.279084825846 2.79135610899e-13 15.1806988667)
(-0.0238388202721 -5.97673830852e-11 15.3125512279)
(-0.0346030889133 -6.51256999063e-11 15.3127823492)
(-0.0463382050481 -3.48652435116e-11 15.3128161159)
(-0.0591627262736 -2.89410892688e-11 15.3125326662)
(-0.0731326081385 -7.55022815137e-12 15.3120522328)
(-0.0883490997091 2.77631769051e-12 15.3113713099)
(-0.104919160062 -1.05644831702e-11 15.3105178407)
(-0.122964516758 -6.01974697963e-12 15.3094380336)
(-0.142562744833 -3.62694142689e-13 15.3081050522)
(-0.164331076522 -3.82267898487e-12 15.3064584307)
(-0.185937523922 5.71579126834e-12 15.3044796351)
(-0.216252127801 1.53908858522e-11 15.3020113946)
(-0.232415079201 3.19567627909e-12 15.2991203625)
(-0.284935027962 3.04925823284e-12 15.2957454634)
(-0.276857864917 2.53756446438e-12 15.2911076078)
(-0.379159382672 -4.06675852409e-12 15.2889883358)
(-0.312044134132 2.94065409262e-12 15.2867725377)
(-0.438405584895 -2.1063510286e-12 15.3226870173)
(-0.372853844549 6.19623544953e-13 15.4456712788)
(-0.281070639952 4.22203770492e-13 15.8934530343)
(-0.0249319916226 -5.31888178828e-11 15.9898753142)
(-0.036141209839 -5.60700738956e-11 15.9901883535)
(-0.0483827320222 -3.53974858633e-11 15.9903194057)
(-0.0617605152241 -4.05183246862e-11 15.9901344098)
(-0.0763327266578 -7.93261986506e-12 15.9897543234)
(-0.0922007270523 1.45816870555e-12 15.9891838519)
(-0.109474784576 -8.95976232691e-12 15.9884536089)
(-0.128274617438 -5.407839389e-12 15.9875225707)
(-0.14869480738 -8.56837523793e-13 15.9863637595)
(-0.171283364803 -3.36668601782e-12 15.9849317985)
(-0.193893013612 6.30010431268e-14 15.983196924)
(-0.225139121998 1.37035155734e-11 15.9810434594)
(-0.242183580969 3.28861994357e-12 15.9784696436)
(-0.296529554207 2.50596290683e-12 15.9755579251)
(-0.2879511186 -1.10428827522e-12 15.9713349296)
(-0.394331726272 -7.9302735975e-12 15.9700774831)
(-0.324269606349 2.10973855152e-12 15.9694731264)
(-0.452345360557 -2.01353346124e-12 16.0109254375)
(-0.385142234326 4.68598044448e-13 16.149734616)
(-0.280886920725 5.42517934793e-13 16.6438392267)
(-0.0260206621168 -4.33282494919e-11 16.7028054451)
(-0.0376146491889 -4.63920540596e-11 16.7032003777)
(-0.0503103005624 -1.29523439968e-11 16.7034126707)
(-0.0641936341987 -1.78243786154e-11 16.7032893224)
(-0.0793210704063 -6.84500043994e-12 16.7029791991)
(-0.0957939294491 3.48158857928e-13 16.7024762577)
(-0.113725080093 -8.78566377413e-12 16.7018276818)
(-0.13323237254 -1.60964359145e-11 16.7009906409)
(-0.154422611718 -9.98798487982e-12 16.6999459041)
(-0.177790771957 -3.15101444254e-12 16.698653642)
(-0.201330981034 1.31458533736e-12 16.6970818113)
(-0.233496879825 1.68693827792e-11 16.6951414184)
(-0.251291475368 3.69292014918e-12 16.6927888839)
(-0.307541703576 5.38091907858e-12 16.690217119)
(-0.298222315075 3.27334715718e-12 16.6863060749)
(-0.408876255666 -7.04052463301e-12 16.6858315949)
(-0.335681384399 1.37149694863e-12 16.6868798326)
(-0.465226343416 -2.03625466809e-12 16.734482623)
(-0.396253406419 -2.3104145598e-12 16.8907423891)
(-0.278515978508 6.80216339972e-13 17.4366309372)
(-0.0264097258683 -6.93534139327e-11 17.4536418788)
(-0.0386086752934 -1.83610574749e-11 17.4541044824)
(-0.05186254337 -3.2769642123e-11 17.4543910107)
(-0.0663054914827 -3.01316364478e-11 17.4543065057)
(-0.0820132506488 -6.76235409891e-12 17.454066143)
(-0.0990966214292 -5.57376938993e-13 17.4536221247)
(-0.117675704194 -8.56973323815e-12 17.4530636917)
(-0.137870809479 -1.45445881169e-11 17.452324129)
(-0.159801279342 -8.81073686916e-12 17.4514079738)
(-0.183921411509 3.12285933969e-12 17.4502674516)
(-0.208338329131 -2.68525936847e-12 17.4488789081)
(-0.241416234791 1.86203581006e-11 17.4471673048)
(-0.259846219801 2.8412771034e-13 17.4450618139)
(-0.318096722368 1.78468629763e-12 17.4428473437)
(-0.307802633832 2.02522433119e-12 17.4392792369)
(-0.423005348721 -6.20865393268e-12 17.4396700421)
(-0.34654096915 3.99837612505e-12 17.4426314045)
(-0.47728403281 -1.9830595096e-12 17.4973367426)
(-0.406426633698 -2.1029485431e-12 17.6733568735)
(-0.274021701656 7.73447546803e-13 18.2780236)
(-0.0272568642724 -4.57718982756e-11 18.2461270949)
(-0.0397819799001 3.88561153875e-12 18.2466337571)
(-0.0533968790827 -2.60226518928e-11 18.2469999202)
(-0.0682499694171 -2.50134485259e-11 18.2469431396)
(-0.0844132325124 -6.36256816103e-12 18.246785684)
(-0.10199688825 -1.14389867683e-12 18.246403886)
(-0.121123294141 -7.43630856992e-12 18.2459586861)
(-0.141913404785 -3.88217347276e-12 18.2453346517)
(-0.16449631918 -7.72675600523e-12 18.2445795268)
(-0.189293564218 2.01338933684e-12 18.2436215952)
(-0.214503273362 -1.22411684941e-12 18.2424568377)
(-0.248462542197 1.59329894513e-11 18.2410111581)
(-0.267400792238 6.6550715251e-13 18.2391953281)
(-0.327748870168 1.50091081489e-12 18.237372053)
(-0.31620188351 1.12140930106e-12 18.2341851189)
(-0.436189726312 -5.46041211595e-12 18.2355291653)
(-0.356222809284 3.04928638393e-12 18.2407097792)
(-0.487802486886 -2.05489242369e-12 18.303632232)
(-0.414975069571 -4.63948939717e-12 18.5022369092)
(-0.266640021299 8.88218514565e-13 19.1740375388)
(-0.0277937839104 -3.11252023392e-11 19.0863395228)
(-0.0406354938779 -1.83922030946e-12 19.0869024859)
(-0.0545753093836 -2.13833329983e-11 19.0873683154)
(-0.0697817119479 -2.08279889791e-11 19.0873356683)
(-0.0863297647448 -5.84153178723e-12 19.0872644309)
(-0.104335269495 -1.47946781342e-12 19.0869294206)
(-0.123926435776 -6.45772898368e-12 19.086586648)
(-0.145230268284 -4.30143462852e-12 19.0860513762)
(-0.168388069132 -6.82719135053e-12 19.0854307123)
(-0.1937995461 1.38101354109e-12 19.0846148663)
(-0.219739579143 -2.48794919752e-13 19.0836300396)
(-0.254578807102 1.36033705182e-11 19.0823935709)
(-0.273943338647 7.3621158491e-13 19.0808080819)
(-0.336559985213 8.51628194034e-13 19.0793127214)
(-0.32357577564 -3.80580477343e-12 19.0764641506)
(-0.448796252301 -4.75508933423e-12 19.0788348532)
(-0.365320333889 2.34870802041e-12 19.0867021723)
(-0.497347086913 -2.095403825e-12 19.1593704962)
(-0.422498595133 -4.12271019375e-12 19.3844908374)
(-0.256673813368 9.80567218084e-13 20.1341035597)
(-0.0281880257619 -2.1550775285e-11 19.98001133)
(-0.0413317780946 -4.51454826871e-12 19.9805832584)
(-0.0555707111057 -1.78444601245e-11 19.9811164905)
(-0.0710970103565 -1.73939698652e-11 19.9810696234)
(-0.0879925298972 -5.30615502087e-12 19.9810461553)
(-0.106380175311 -1.65261391508e-12 19.9807078764)
(-0.126394274842 -5.55453952947e-12 19.9804139808)
(-0.148170115548 -4.24039620904e-12 19.9798992461)
(-0.17185993736 -5.96710283691e-12 19.9793375358)
(-0.197847041586 9.46017479866e-13 19.9785715635)
(-0.224464289198 4.62000549495e-13 19.9776631037)
(-0.260167974856 1.15051179142e-11 19.9765117238)
(-0.279810295132 6.15723968548e-13 19.9750143492)
(-0.3447543732 2.04612971186e-13 19.9736703883)
(-0.329843769615 -4.0279854989e-12 19.9709560263)
(-0.460276556672 -7.60462304579e-12 19.9741490133)
(-0.372845005657 1.74125850248e-12 19.9847723567)
(-0.504474896426 -1.98086607016e-12 20.0682793851)
(-0.427826689901 -1.28285932759e-12 20.3239954215)
(-0.243831603037 1.07067268463e-12 21.1623191659)
(-0.0292068229436 -1.49901565625e-11 20.9304204483)
(-0.0424467081602 -5.3461116567e-12 20.9310011963)
(-0.0568763843722 -1.48666257684e-11 20.9316018001)
(-0.0726579120278 -1.44706952503e-11 20.9315472528)
(-0.089856838452 -4.80193528039e-12 20.9315672175)
(-0.108593718668 -1.73958248107e-12 20.9312233035)
(-0.129003362004 -4.69799517488e-12 20.930970585)
(-0.151227976881 -3.34504583843e-12 20.9304695716)
(-0.175430360763 1.75950395891e-12 20.9299610883)
(-0.201985895835 8.04705080977e-13 20.9292444474)
(-0.229278194676 9.68161894362e-13 20.9284253701)
(-0.26591714564 9.59362871889e-12 20.9273951415)
(-0.285870034796 4.56924010736e-13 20.9260663372)
(-0.353522739351 -1.14497724847e-13 20.9250517645)
(-0.336914843549 -2.72816712561e-13 20.9228072872)
(-0.473766977494 -6.51137455333e-12 20.9276179572)
(-0.383461764636 1.22267383689e-12 20.942967857)
(-0.513543326393 -1.85087047271e-12 21.0402478904)
(-0.435479571469 -1.17213748212e-12 21.3372144295)
(-0.23147786623 1.13468455404e-12 22.2787044076)
(-0.029653534105 2.27399832783e-11 21.9390623946)
(-0.043177334478 -1.70461301057e-12 21.9396760153)
(-0.0579031690435 -9.26381662457e-12 21.9403390279)
(-0.0739922214885 1.00748570239e-11 21.9402881886)
(-0.0915160295874 -3.08379874544e-12 21.9403406954)
(-0.110598126722 -2.68536064305e-12 21.9399870535)
(-0.131375376397 -1.41373597394e-11 21.9397513783)
(-0.153991943495 -3.48656202734e-12 21.9392341407)
(-0.17861228599 -4.78326046116e-12 21.9387238955)
(-0.205589958116 5.41662561586e-13 21.9379758785)
(-0.233315099453 1.82563869345e-12 21.9371196096)
(-0.270582387982 1.46180240141e-11 21.936016067)
(-0.290127465138 4.33141636034e-13 21.9345518413)
(-0.359787062689 -4.15863488662e-13 21.9333567421)
(-0.339394702458 -1.18979488804e-12 21.9308103902)
(-0.479988901026 -8.92118411818e-12 21.9358596341)
(-0.387089242949 -1.71926987012e-12 21.9546461421)
(-0.507491075958 -1.7119208905e-12 22.0642125783)
(-0.435453520101 -1.02823503529e-12 22.4058282451)
(-0.224878271557 -1.4591223215e-12 23.4570392382)
(-0.0302283772278 -1.74628403558e-11 23.0052645955)
(-0.0440533638735 -2.19853642415e-11 23.0058941114)
(-0.059106664908 -9.45061541568e-12 23.0065938002)
(-0.0755552042836 -1.36475869256e-11 23.0065539834)
(-0.0934791113868 -3.29502030291e-12 23.0066433392)
(-0.113006891551 -3.33202152432e-12 23.0063169373)
(-0.134285134364 -1.16309494782e-11 23.0061457351)
(-0.157470771994 -3.50067285168e-12 23.0057014611)
(-0.182751032806 -4.39299629845e-12 23.0053167919)
(-0.210494599884 -4.55765112293e-12 23.0047395806)
(-0.239144314532 2.28509445471e-12 23.0041505347)
(-0.277834813663 1.22401740764e-11 23.0034537043)
(-0.298230270955 4.15045701785e-13 23.0025921286)
(-0.372038209081 -3.65664219502e-13 23.0025171347)
(-0.351904350004 1.81137679308e-12 23.001753446)
(-0.501288670984 -7.75207545464e-12 23.0108958895)
(-0.413399968222 -1.7728184998e-12 23.0405110806)
(-0.519551445436 -1.67191572079e-12 23.171971728)
(-0.452093292677 -3.05684466644e-12 23.5751784344)
(-0.233957649584 -1.14685330278e-12 24.7692422503)
(-0.0311088443046 -4.12736145806e-11 24.1234850342)
(-0.0449916718289 -2.15137414754e-13 24.124225072)
(-0.0601582983155 -7.38309431083e-12 24.1249985003)
(-0.0767470096754 -1.06117287909e-11 24.1249950876)
(-0.0948208452196 -3.35466498056e-12 24.1250854288)
(-0.114491915711 -3.84327541454e-12 24.1247156847)
(-0.135885678842 -1.05633327244e-11 24.1244493506)
(-0.159129691467 -1.04735536485e-11 24.1238305151)
(-0.184359721401 -4.25478724107e-12 24.1231650211)
(-0.211861661665 -3.12183938656e-12 24.1221442796)
(-0.239912998267 1.0284207331e-11 24.120874866)
(-0.27793902149 9.99839707964e-12 24.1191442371)
(-0.295146584152 -4.7488862253e-12 24.1167146455)
(-0.367895994488 -3.78065715603e-13 24.1141932256)
(-0.337451737015 1.02105836327e-12 24.1100850894)
(-0.479983738709 -6.81798375874e-12 24.1148105315)
(-0.392226905731 -1.82389200335e-12 24.1433062991)
(-0.480311734006 -1.60236724162e-12 24.2842237796)
(-0.426077914331 -2.69378281996e-12 24.7303220459)
(-0.224140878443 -9.5906138428e-13 26.043084762)
(-0.028980400933 -2.7637227967e-11 25.3270581373)
(-0.0442931262089 -2.95453064745e-12 25.3278010656)
(-0.0605400544253 -8.21844851466e-12 25.328562122)
(-0.0781945360485 -2.73593198129e-11 25.3286630366)
(-0.0974097135267 -4.51768408152e-12 25.3289314011)
(-0.118367334323 -4.17892581962e-12 25.3289151027)
(-0.141264223359 -8.98690202274e-12 25.3291691457)
(-0.166330318618 -2.05591949122e-12 25.3293436327)
(-0.193836391146 -3.69336227539e-12 25.329792183)
(-0.224258687912 -1.40293858665e-12 25.3303490126)
(-0.256127276824 1.65837684553e-11 25.3312491521)
(-0.299553281649 8.21770164438e-12 25.3325531518)
(-0.323724086691 -3.77097819023e-12 25.3341872158)
(-0.408345539575 3.21935904324e-12 25.3376816871)
(-0.391450110978 -2.72588850076e-12 25.3419755122)
(-0.554598561712 -5.97715919401e-12 25.359685271)
(-0.484469543429 -1.80973869831e-12 25.412856669)
(-0.550681512848 -1.53113668864e-12 25.604428641)
(-0.487773357847 -2.45791312479e-12 26.1531392983)
(-0.252509939106 -8.46240320584e-13 27.699172657)
(-0.034846643483 -1.4909784353e-11 26.3399187445)
(-0.04714978387 3.19040681155e-11 26.3406437805)
(-0.0612567799266 -5.55567270732e-12 26.3412647848)
(-0.0768328615738 -2.18381609696e-11 26.341246638)
(-0.0938172689155 -4.00394891198e-12 26.3411904422)
(-0.112257934893 6.60978227998e-12 26.3407949175)
(-0.132209346261 -7.11772562461e-12 26.3404410709)
(-0.153729867114 -2.1658706502e-12 26.3398503887)
(-0.176861014 -3.03211041843e-12 26.3392446267)
(-0.201827986329 -4.00515520675e-14 26.3384650845)
(-0.22642045036 1.44970982605e-11 26.3376461293)
(-0.261655946337 6.7320401313e-12 26.336821543)
(-0.270878168129 -3.08314065309e-12 26.3358700304)
(-0.341701102461 2.32763022312e-12 26.3362249173)
(-0.297135940581 -5.73340892569e-12 26.3374929185)
(-0.429996410128 -5.27454234065e-12 26.3526404474)
(-0.332808948208 -1.72113241343e-12 26.4101531148)
(-0.385317954603 -1.43408379899e-12 26.5985071594)
(-0.348148004215 -2.26996983437e-12 27.1743049887)
(-0.217192317158 -7.43510517029e-13 28.7733817533)
(-0.0304681470055 2.09179643529e-11 28.4171422309)
(-0.0467540314451 2.17716212774e-11 28.4182032662)
(-0.0641696494409 -3.0047296609e-11 28.4185342696)
(-0.0829778404414 -3.724973199e-11 28.4181027972)
(-0.103373131294 -3.5544571839e-12 28.4173153058)
(-0.125541487665 1.48352031322e-11 28.4159931216)
(-0.149643511837 -5.04094129907e-12 28.4143242729)
(-0.17585328783 -1.80661582381e-12 28.4120641318)
(-0.204351650976 -1.49381204076e-12 28.4092562319)
(-0.23549483596 9.17541192677e-12 28.4056791675)
(-0.267277008168 1.29056936787e-11 28.4013045765)
(-0.311099794275 4.98158998678e-12 28.3955215271)
(-0.331072904882 -6.87222105133e-12 28.3901091275)
(-0.415431867845 1.20070847744e-12 28.3796295098)
(-0.38676356403 -8.40402351402e-12 28.3800212169)
(-0.527886732151 -7.23434730878e-12 28.3770211467)
(-0.481059209258 -3.7461743374e-12 28.456024556)
(-0.494802570267 -1.35031788919e-12 28.6934458116)
(-0.392596734268 -2.08251149062e-12 29.4373032399)
(-0.0782780768586 -7.26554454963e-13 31.509128219)
(-0.0660122537746 1.09241359622e-13 6.5319409275)
(-0.0342853558352 5.0013220349e-13 5.31985295503)
(-0.0641266333282 5.56901167187e-14 6.9099777013)
(-0.0331336680875 3.75701816417e-13 5.60927425519)
(-0.0645251721271 4.19897457563e-14 7.31557520399)
(-0.0320632459804 3.19333607042e-13 5.9205732243)
(-0.0669423374136 5.10532424493e-12 7.74567203931)
(-0.0306850530693 7.22922889682e-12 6.24896626973)
(-0.0704997835133 4.63583756588e-12 8.19888746455)
(-0.0290760067384 5.8821730306e-12 6.59223497184)
(-0.0750483421731 4.38054429825e-12 8.67412425783)
(-0.0272304196548 5.18011938847e-12 6.94872311445)
(-0.0803618760289 4.15825366713e-12 9.16995712716)
(-0.0252445017793 4.6506155912e-12 7.31627930167)
(-0.0859458966968 3.80537492784e-12 9.68544848895)
(-0.0232718992446 4.04521319039e-12 7.6933384478)
(-0.0906720101946 3.31449761514e-12 10.2194480883)
(-0.0217136535381 3.35666845197e-12 8.07782687669)
(-0.0945049448653 2.76319300476e-12 10.7726752229)
(-0.0206703194866 2.67334672013e-12 8.46996111082)
(-0.0999283312851 2.2414287483e-12 11.3436415571)
(-0.0190590877395 2.0878386722e-12 8.8674563409)
(-0.105121258633 6.00064511463e-12 11.9302196596)
(-0.0170626239507 6.69650431133e-12 9.26604438938)
(-0.109960532975 5.06227615026e-12 12.5320338419)
(-0.0149457572498 5.26481492207e-12 9.66436033261)
(-0.114475845415 4.55470252573e-12 13.148706395)
(-0.0124519889456 4.50076331305e-12 10.0605951462)
(-0.118405198241 4.19767026531e-12 13.7804849584)
(-0.0100314228477 3.96933944196e-12 10.4537217309)
(-0.121634494368 3.81457610412e-12 14.4266670969)
(-0.00771691899286 3.4455671908e-12 10.841693158)
(-0.124195530574 1.05907132396e-11 15.0893247953)
(-0.00488420914589 1.17887697731e-11 11.2255271031)
(-0.12570631653 8.90842773732e-12 15.770258296)
(-0.00249403968763 8.88659915086e-12 11.6064066765)
(-0.126284613689 8.05438277567e-12 16.4728140253)
(0.000607142287528 7.4697104867e-12 11.9868559259)
(-0.125529248392 7.48930814128e-12 17.2029685726)
(0.00356367375981 6.56238808269e-12 12.3727255603)
(-0.123498861652 1.38757498422e-11 17.9660981638)
(0.00681808427071 1.38841346692e-11 12.7689113532)
(-0.12018793701 1.17387143077e-11 18.7713046829)
(0.0103729942502 1.05763673216e-11 13.1842804912)
(-0.115424580326 1.65552871974e-11 19.6264257505)
(0.0138914177472 1.61865428393e-11 13.6263129689)
(-0.109142935468 1.44969473703e-11 20.5463900024)
(0.0176151865921 1.25890425856e-11 14.1100972773)
(-0.10159320788 1.30691262177e-11 21.5343743147)
(0.0213754459999 1.05315207029e-11 14.6368652423)
(-0.093308986283 1.17559929017e-11 22.6273735177)
(0.0251617032545 8.93304233566e-12 15.2462623123)
(-0.0856985503641 1.56063193974e-11 23.7574376723)
(0.0255186787915 1.38127835348e-11 15.8624628767)
(-0.0782424450331 1.32191150363e-11 25.0780228505)
(0.0294197393408 1.03560590083e-11 16.653609621)
(-0.0741887708949 1.115691586e-11 26.1784021069)
(0.0145657340124 8.20777430297e-12 17.1913468091)
(-0.0456576431091 9.44340873272e-12 28.0051134621)
(0.0341870663614 6.63461648368e-12 18.4630376633)
(-0.0685029634999 7.90862675913e-12 28.5099479254)
(0.0545343184256 5.34647488931e-12 18.2580230256)
(0.189121189849 -3.44282845085e-12 32.2746749936)
(0.047526978242 -6.68360464026e-12 21.9596206894)
)
;

boundaryField
{
    inletfuel
    {
        type            fixedValue;
        value           nonuniform 0();
    }
    inletair
    {
        type            fixedValue;
        value           nonuniform 0();
    }
    outlet
    {
        type            zeroGradient;
    }
    axis
    {
        type            empty;
    }
    leftside
    {
        type            fixedValue;
        value           uniform (0 0 0);
    }
    burnerwall
    {
        type            fixedValue;
        value           nonuniform 0();
    }
    front
    {
        type            wedge;
    }
    back
    {
        type            wedge;
    }
    procBoundary1to0
    {
        type            processor;
        value           nonuniform List<vector> 
27
(
(0.033937062821 8.20676211754e-12 24.2663327815)
(0.0873817908672 2.56412716499e-11 23.9944012724)
(0.133071360942 5.63582055045e-11 23.4817830266)
(0.170627675909 1.00922272706e-10 22.819314067)
(0.17522820911 1.87423834195e-14 6.16130629247)
(0.123017761956 -1.44395899786e-12 6.18611521544)
(0.0109610748677 -2.78325122245e-12 6.20228566904)
(-0.0098971741001 1.73831885532e-12 6.21361401872)
(-0.136305430899 2.75666431147e-13 6.22417036354)
(-0.127217458941 -1.01323945472e-13 6.22646114502)
(-0.163950589448 -2.9600087383e-12 6.25991311652)
(0.222423885792 2.14193506497e-10 21.4243299407)
(0.251688927587 1.30200378176e-10 18.9464054249)
(0.253051509172 9.22296321823e-11 16.0861440974)
(0.245165666712 2.23589681903e-11 13.1173480231)
(0.271840380511 4.15267026422e-11 10.2664466269)
(0.218557188643 3.69711034119e-11 7.7244734213)
(0.465616401561 3.26525476835e-11 6.2350562994)
(0.480459919122 1.42861837462e-11 6.1986418707)
(0.467975148455 7.26244377896e-12 6.33184080448)
(0.453515900453 -1.16292978362e-12 6.38335730531)
(0.425431946292 -2.77605773697e-12 6.43313722061)
(0.38099989713 -4.36750340473e-12 6.44752967541)
(0.308195303654 2.93062893632e-12 6.47551403856)
(0.308195303654 2.93062893632e-12 6.47551403856)
(-0.0670793051793 1.69143277695e-13 6.17813991327)
(-0.0349319280919 6.45288759988e-13 5.04863003809)
)
;
    }
}


// ************************************************************************* //
