17
58
1
2
0
8.000000e+20
-3.000000e+00
0.000000e+00
6.000000e+13
-1.000000e+00
0.000000e+00
0.000000e+00
0.000000e+00
0.000000e+00
0.000000e+00
0.000000e+00
1
0
0
7.900000e+10
0.000000e+00
5.599564e+04
1
0
0
2.200000e+01
3.000000e+00
8.748761e+03
1
0
0
1.600000e+03
2.360000e+00
7.399588e+03
1
0
0
1.600000e+03
2.100000e+00
2.459906e+03
1
0
0
6.800000e+10
0.000000e+00
0.000000e+00
1
0
0
1.000000e+09
0.000000e+00
0.000000e+00
1
0
0
1.500000e+10
0.000000e+00
4.999292e+03
1
0
0
9.000000e+10
0.000000e+00
1.509921e+04
1
0
0
1.400000e+16
-2.000000e+00
0.000000e+00
1
0
0
2.500000e+10
0.000000e+00
0.000000e+00
1
0
0
4.500000e+10
0.000000e+00
3.000370e+03
1
0
0
3.300000e+10
0.000000e+00
0.000000e+00
1
0
0
5.700000e+10
0.000000e+00
0.000000e+00
1
0
0
3.000000e+10
0.000000e+00
0.000000e+00
1
0
0
3.400000e+09
0.000000e+00
6.894890e+02
1
0
0
1.100000e+08
0.000000e+00
9.994610e+02
1
0
0
3.000000e+10
0.000000e+00
0.000000e+00
1
0
0
5.000000e+10
0.000000e+00
0.000000e+00
1
0
0
1.600000e+09
0.000000e+00
9.994610e+02
1
0
0
5.000000e+10
0.000000e+00
8.999123e+03
1
0
0
6.900000e+08
0.000000e+00
5.007240e+02
1
0
0
1.900000e+07
0.000000e+00
-9.994610e+02
1
0
0
8.600000e+07
0.000000e+00
-5.007240e+02
1
0
0
4.300000e+07
0.000000e+00
-5.007240e+02
1
0
0
3.430000e+06
1.180000e+00
-4.470750e+02
1
0
0
2.190000e+05
1.770000e+00
3.000370e+03
1
1
0
3.310000e+13
0.000000e+00
8.099409e+04
1
0
0
1.810000e+10
0.000000e+00
3.081837e+03
1
0
0
5.000000e+09
0.000000e+00
0.000000e+00
1
1
0
1.600000e+11
0.000000e+00
1.469784e+04
1
0
0
4.000000e+10
0.000000e+00
0.000000e+00
1
0
0
1.000000e+10
0.000000e+00
0.000000e+00
1
0
0
3.300000e+10
-4.000000e-01
0.000000e+00
1
1
0
3.200000e+07
0.000000e+00
-4.200518e+03
1
0
0
1.510000e+04
1.300000e+00
-7.570470e+02
1
0
0
1.600000e+10
0.000000e+00
4.099578e+04
1
0
0
5.800000e+10
0.000000e+00
2.293197e+04
1
0
0
1.700000e+10
0.000000e+00
4.777543e+04
1
0
0
1.170000e+06
1.300000e+00
3.626275e+03
1
0
0
5.130000e+13
-8.200000e-01
1.650601e+04
1
0
0
1.800000e+07
1.000000e+00
8.826254e+03
1
1
5
5
1.860000e+01
2
2.860000e+00
17
1.260000e+00
6
2.110000e+00
4
4.200000e+00
3.610000e+11
-7.200000e-01
0.000000e+00
1
0
0
7.500000e+09
0.000000e+00
0.000000e+00
1
0
0
1.400000e+11
0.000000e+00
1.072980e+03
1
0
0
1.400000e+10
0.000000e+00
1.072980e+03
1
0
0
6.000000e+05
1.300000e+00
0.000000e+00
1
1
0
1.000000e+12
-1.000000e+00
0.000000e+00
1
0
0
9.200000e+10
-6.000000e-01
0.000000e+00
1
0
0
6.000000e+13
-1.250000e+00
0.000000e+00
1
0
0
5.490000e+14
-2.000000e+00
0.000000e+00
1
1
1
5
5.000000e+00
1.600000e+16
-2.000000e+00
0.000000e+00
1
1
1
5
5.000000e+00
6.200000e+10
-6.000000e-01
0.000000e+00
1
0
0
1.250000e+10
0.000000e+00
0.000000e+00
1
0
0
2.000000e+09
0.000000e+00
0.000000e+00
1
1
0
1.300000e+14
0.000000e+00
4.549634e+04
1
0
0
1.600000e+09
0.000000e+00
3.799144e+03
1
0
0
1.000000e+10
0.000000e+00
1.800222e+03
17
4 4 13 3 1 4 13 11 13 5 12 5 5 4 3 4 0 
17
0 0 0 0 0 0 4 0 1 1 0 0 0 0 0 0 0 
17
0 0 0 0 0 0 0 0 0 0 0 0 0 0 0 0 0 
17
0 0 0 0 0 0 0 0 0 0 0 0 0 0 0 0 0 
17
0 0 0 0 0 0 0 0 0 0 0 0 0 0 0 0 0 
17
1 13 4 8 12 11 11 5 9 5 2 4 8 5 1 2 0 
17
0 1 0 0 0 0 2 0 3 0 0 0 0 0 0 0 0 
17
0 0 0 0 0 0 0 0 0 0 0 0 0 0 0 0 0 
17
0 0 0 0 0 0 0 0 0 0 0 0 0 0 0 0 0 
17
0 0 0 0 0 0 0 0 0 0 0 0 0 0 0 0 0 
17
1 13 4 8 12 11 11 5 9 5 2 4 8 5 1 2 0 
17
0 1 0 0 0 0 2 0 3 0 0 0 0 0 0 0 0 
17
0 0 0 0 0 0 0 0 0 0 0 0 0 0 0 0 0 
17
0 0 0 0 0 0 0 0 0 0 0 0 0 0 0 0 0 
17
0 0 0 0 0 0 0 0 0 0 0 0 0 0 0 0 0 
104
2 3 4 5 39 40 42 49 2 13 20 21 22 23 24 25 34 37 39 41 43 16 17 51 50 35 36 37 38 1 3 9 10 27 32 41 43 45 52 53 54 57 4 6 14 18 19 29 33 35 42 46 53 5 7 8 11 12 15 26 30 36 40 44 52 58 38 44 45 46 54 10 11 12 17 18 19 20 21 22 23 24 25 1 6 7 8 9 30 31 32 33 34 26 27 28 29 56 57 58 13 14 15 16 
6
48 49 50 51 47 55 
0

0

0

0

101
1 3 7 9 10 19 22 27 32 48 50 51 54 57 44 46 54 55 20 22 33 35 36 37 38 51 5 8 12 23 26 30 40 44 47 50 52 58 14 16 17 18 19 23 24 30 31 32 34 6 11 14 15 24 28 31 33 36 40 42 13 21 37 41 47 4 24 25 29 38 41 42 46 53 2 34 43 57 58 8 9 2 3 4 5 13 15 16 25 26 27 28 29 6 7 11 17 21 55 10 12 
6
49 18 20 39 45 56 
0

0

0

0

101
1 3 7 9 10 19 22 27 32 48 50 51 54 57 44 46 54 55 20 22 33 35 36 37 38 51 5 8 12 23 26 30 40 44 47 50 52 58 14 16 17 18 19 23 24 30 31 32 34 6 11 14 15 24 28 31 33 36 40 42 13 21 37 41 47 4 24 25 29 38 41 42 46 53 2 34 43 57 58 8 9 2 3 4 5 13 15 16 25 26 27 28 29 6 7 11 17 21 55 10 12 
6
49 18 20 39 45 56 
0

0

0

0

58
-1.000000e+00 0.000000e+00 0.000000e+00 0.000000e+00 0.000000e+00 0.000000e+00 0.000000e+00 0.000000e+00 0.000000e+00 0.000000e+00 0.000000e+00 0.000000e+00 0.000000e+00 0.000000e+00 0.000000e+00 0.000000e+00 0.000000e+00 1.000000e+00 0.000000e+00 1.000000e+00 0.000000e+00 0.000000e+00 0.000000e+00 1.000000e+00 0.000000e+00 0.000000e+00 0.000000e+00 1.000000e+00 0.000000e+00 0.000000e+00 1.000000e+00 0.000000e+00 0.000000e+00 0.000000e+00 -1.000000e+00 0.000000e+00 0.000000e+00 0.000000e+00 0.000000e+00 0.000000e+00 0.000000e+00 0.000000e+00 -1.000000e+00 0.000000e+00 0.000000e+00 0.000000e+00 0.000000e+00 -1.000000e+00 -1.000000e+00 -1.000000e+00 -1.000000e+00 -1.000000e+00 -1.000000e+00 0.000000e+00 0.000000e+00 1.000000e+00 0.000000e+00 0.000000e+00 
H+CH3(+M)=CH4(+M)
CH4+O2=HO2+CH3
CH4+H=H2+CH3
CH4+O=OH+CH3
CH4+OH=H2O+CH3
O+CH3=H+CH2O
OH+CH3=H2+CH2O
OH+CH3=H2O+CH2
H+CH3=H2+CH2
H+CH2=H2+CH
OH+CH2=H+CH2O
OH+CH2=H2O+CH
O2+CH=O+HCO
O+CH=CO+H
OH+CH=H+HCO
CO2+CH=CO+HCO
CO2+CH2=CO+CH2O
O+CH2=CO+2H
O+CH2=H2+CO
O2+CH2=CO2+2H
O2+CH2=O+CH2O
O2+CH2=H2+CO2
O2+CH2=H2O+CO
O2+CH2=CO+H+OH
O2+CH2=OH+HCO
OH+CH2O=H2O+HCO
H+CH2O=H2+HCO
CH2O+M=H+HCO+M
O+CH2O=OH+HCO
OH+HCO=H2O+CO
HCO+M=CO+H+M
H+HCO=H2+CO
O+HCO=CO2+H
O2+HCO=CO+HO2
CO+O+M=CO2+M
CO+OH=CO2+H
O2+CO=CO2+O
CO+HO2=CO2+OH
H2+O2=2OH
H2+OH=H2O+H
O2+H=O+OH
H2+O=H+OH
O2+H+M=HO2+M
OH+HO2=O2+H2O
H+HO2=2OH
O+HO2=O2+OH
2OH=H2O+O
2H+M=H2+M
H2+2H=2H2
H2O+2H=H2+H2O
CO2+2H=H2+CO2
H+OH+M=H2O+M
H+O+M=OH+M
H+HO2=H2+O2
2HO2=O2+H2O2
H2O2+M=2OH+M
H+H2O2=H2+HO2
OH+H2O2=H2O+HO2
58
2.000000e+00 2.000000e+00 2.000000e+00 2.000000e+00 2.000000e+00 2.000000e+00 2.000000e+00 2.000000e+00 2.000000e+00 2.000000e+00 2.000000e+00 2.000000e+00 2.000000e+00 2.000000e+00 2.000000e+00 2.000000e+00 2.000000e+00 2.000000e+00 2.000000e+00 2.000000e+00 2.000000e+00 2.000000e+00 2.000000e+00 2.000000e+00 2.000000e+00 2.000000e+00 2.000000e+00 2.000000e+00 2.000000e+00 2.000000e+00 2.000000e+00 2.000000e+00 2.000000e+00 2.000000e+00 3.000000e+00 2.000000e+00 2.000000e+00 2.000000e+00 2.000000e+00 2.000000e+00 2.000000e+00 2.000000e+00 3.000000e+00 2.000000e+00 2.000000e+00 2.000000e+00 2.000000e+00 3.000000e+00 3.000000e+00 3.000000e+00 3.000000e+00 3.000000e+00 3.000000e+00 2.000000e+00 2.000000e+00 2.000000e+00 2.000000e+00 2.000000e+00 
58
1.000000e+00 2.000000e+00 2.000000e+00 2.000000e+00 2.000000e+00 2.000000e+00 2.000000e+00 2.000000e+00 2.000000e+00 2.000000e+00 2.000000e+00 2.000000e+00 2.000000e+00 2.000000e+00 2.000000e+00 2.000000e+00 2.000000e+00 3.000000e+00 2.000000e+00 3.000000e+00 2.000000e+00 2.000000e+00 2.000000e+00 3.000000e+00 2.000000e+00 2.000000e+00 2.000000e+00 3.000000e+00 2.000000e+00 2.000000e+00 3.000000e+00 2.000000e+00 2.000000e+00 2.000000e+00 2.000000e+00 2.000000e+00 2.000000e+00 2.000000e+00 2.000000e+00 2.000000e+00 2.000000e+00 2.000000e+00 2.000000e+00 2.000000e+00 2.000000e+00 2.000000e+00 2.000000e+00 2.000000e+00 2.000000e+00 2.000000e+00 2.000000e+00 2.000000e+00 2.000000e+00 2.000000e+00 2.000000e+00 3.000000e+00 2.000000e+00 2.000000e+00 
0
0
