/*--------------------------------*- C++ -*----------------------------------*\
  =========                 |
  \\      /  F ield         | OpenFOAM: The Open Source CFD Toolbox
   \\    /   O peration     | Website:  https://openfoam.org
    \\  /    A nd           | Version:  7
     \\/     M anipulation  |
\*---------------------------------------------------------------------------*/
FoamFile
{
    version     2.0;
    format      ascii;
    class       surfaceScalarField;
    location    "0.04";
    object      phi;
}
// * * * * * * * * * * * * * * * * * * * * * * * * * * * * * * * * * * * * * //

dimensions      [1 0 -1 0 0 0 0];

internalField   nonuniform List<scalar> 
1567
(
-3.65386023121e-09
9.33912845893e-08
-1.35942764063e-08
2.79147412127e-07
4.35203325634e-07
1.38860790711e-09
9.21621183283e-08
-1.02822967259e-09
2.82027067105e-07
4.34912591835e-07
-2.23241065858e-10
9.24747535004e-08
-5.5430838312e-09
2.87613427289e-07
4.29803623069e-07
-3.60616490339e-09
9.61474168139e-08
-3.35911957228e-09
2.8735322514e-07
4.00999893589e-07
2.06067267563e-08
-1.11793572646e-09
9.73081928806e-08
6.09502960947e-09
2.80058070639e-07
3.92787656926e-07
1.24548343786e-08
-1.7038405235e-10
9.75108749807e-08
3.13176585334e-09
2.76736335503e-07
3.80303955251e-07
1.49288790574e-08
-1.24070368781e-09
9.87806828195e-08
-1.66397674208e-09
2.77188825423e-07
3.78024869239e-07
3.66808669686e-10
-8.69098197433e-10
9.96841580944e-08
-2.12010458729e-09
2.78516300444e-07
3.78073013822e-07
-2.1823709562e-09
-5.41560336944e-10
1.00272506719e-07
-8.57621567139e-10
2.78951773718e-07
3.79354517531e-07
-1.9665892522e-09
-2.2453119108e-10
1.00558452049e-07
1.16856707372e-09
2.77701245614e-07
3.81946371518e-07
-1.04318302498e-09
4.59382478831e-10
1.00167309248e-07
2.89496541307e-09
2.75429456943e-07
3.85190245954e-07
2.47366947703e-10
1.3712952584e-09
9.8857468805e-08
4.23631710156e-09
2.72747562986e-07
3.88353375338e-07
1.90060729629e-09
2.43355471851e-09
9.64650755929e-08
6.29943084385e-09
2.69082128414e-07
3.90054386997e-07
5.59104260002e-09
3.59284515052e-09
9.28878179095e-08
1.05816853485e-08
2.62301092817e-07
3.87870520602e-07
1.38531808179e-08
4.61285739233e-09
8.82718121842e-08
1.51743983433e-08
2.51955724145e-07
3.80457716123e-07
2.37456712452e-08
5.49743219166e-09
8.2781431581e-08
1.89145747864e-08
2.38825718938e-07
3.67475129809e-07
3.31582462649e-08
6.31337234599e-09
7.65299626799e-08
2.27464936183e-08
2.22831750981e-07
3.48453175492e-07
4.32347487955e-08
7.32963399709e-09
6.93704334322e-08
2.69947641228e-08
2.038973744e-07
3.2288125002e-07
5.43842661497e-08
7.89908311778e-09
6.17978169107e-08
3.02157430696e-08
1.82692917596e-07
2.92648575527e-07
6.26887575257e-08
8.01488076151e-09
5.42197663636e-08
3.11907576319e-08
1.6090938629e-07
2.60810475501e-07
6.55542882951e-08
7.15067432623e-09
4.76810681093e-08
2.77027615157e-08
1.4223120987e-07
2.32845226087e-07
5.89539000419e-08
5.61644986415e-09
4.28604872058e-08
2.22596484987e-08
1.28007225223e-07
2.11785583125e-07
4.74634386752e-08
3.84080579722e-09
3.96878231021e-08
1.51545866292e-08
1.1869638356e-07
1.9702715744e-07
3.32945809023e-08
2.68931756458e-09
3.73421456549e-08
1.0453972534e-08
1.11975422249e-07
1.85490248202e-07
2.3748346137e-08
1.70142929731e-09
3.57684678565e-08
7.04853377479e-09
1.07000331927e-07
1.77345329465e-07
1.58042395289e-08
6.71319320829e-10
3.50851975629e-08
2.43311629206e-09
1.05205461465e-07
1.73824106621e-07
5.86436370694e-09
-1.45701038392e-10
3.51709731678e-08
-5.91371326073e-10
1.05445889971e-07
1.74294385068e-07
-1.46590980734e-09
-4.52674301521e-10
3.55317012556e-08
-1.78078141684e-09
1.06495481423e-07
1.76236131127e-07
-4.25161760609e-09
6.70714775662e-10
3.48141408757e-08
2.6985495029e-09
1.04308511218e-07
1.72539681227e-07
6.08797969382e-09
4.15410369823e-09
3.07517123675e-08
1.50435838653e-08
9.3718980452e-08
1.55634840727e-07
3.24929506134e-08
8.09934161557e-09
2.43726994555e-08
3.15462761204e-08
7.54963065664e-08
1.25484409841e-07
7.07068839754e-08
1.07420527167e-08
4.35997663727e-08
9.86717249226e-08
2.63082182247e-07
-2.75418427901e-07
2.64814601973e-07
2.37115418732e-09
2.73387857486e-07
3.17022432438e-09
2.93736885105e-07
-2.11746200955e-08
3.15063195356e-07
-2.35188261226e-08
3.3473524762e-07
-2.08134487529e-08
3.52672949895e-07
-1.75154753826e-08
3.69212172751e-07
-1.43186913788e-08
3.84511303926e-07
-1.10611057126e-08
3.97032120935e-07
-4.50690722166e-09
4.04457957182e-07
8.72913545693e-09
4.05207089102e-07
2.52771887097e-08
3.98553325611e-07
4.21702118313e-08
3.83502113447e-07
6.08273287349e-08
3.60784168607e-07
7.99247749284e-08
3.31335397754e-07
9.51994949784e-08
2.98697686414e-07
1.0144262827e-07
2.7021222641e-07
9.16846100864e-08
2.48192658255e-07
7.47708162836e-08
2.32087247038e-07
5.36188872e-08
2.19221031403e-07
3.88382903782e-08
2.09334173572e-07
2.64529929675e-08
2.05372203873e-07
9.70754269465e-09
2.06041796309e-07
-2.71648404857e-09
2.08757466543e-07
-7.68351251395e-09
2.0450155208e-07
9.89988505937e-09
1.84491215898e-07
5.32517956948e-08
1.48871098346e-07
1.17645311677e-07
1.65799133758e-07
-2.73288425044e-07
1.27846013677e-06
-7.50025151351e-07
2.08268060583e-06
-1.31680419315e-06
2.92156278858e-06
-2.04682469411e-06
4.01254237056e-06
-2.78226342096e-06
5.16150662504e-06
-3.70524820983e-06
6.75220725232e-06
-4.57916912679e-06
8.41838557089e-06
-5.46023707299e-06
1.05154196834e-05
-6.19900893823e-06
1.29130403306e-05
-6.80254815686e-06
1.58577005845e-05
-7.20586665594e-06
1.93832133497e-05
-7.40295204306e-06
2.367499315e-05
-7.36891062207e-06
2.88627868032e-05
-7.07077211167e-06
3.5110279709e-05
-6.54676825389e-06
4.26920682039e-05
-5.6590098108e-06
5.16774329411e-05
-4.62678221439e-06
6.27259128222e-05
-3.07328728525e-06
7.56034136052e-05
-1.96955683735e-06
9.20350407575e-05
0.000110232281129
1.12620418539e-07
1.15608442182e-06
-2.47354355952e-07
2.46713668105e-06
-4.60639684826e-07
3.20421420814e-06
-1.05918391708e-06
4.723401589e-06
-1.6493004693e-06
5.91400335871e-06
-2.25813399959e-06
7.5806580422e-06
-2.75703367025e-06
9.20671419955e-06
-3.2194177065e-06
1.13521185735e-05
-3.56335293785e-06
1.37351700022e-05
-3.83883364598e-06
1.67377978242e-05
-3.99320910684e-06
2.02966689621e-05
-4.04892836769e-06
2.46793054113e-05
-3.98574680227e-06
2.99802818398e-05
-3.78740508219e-06
3.63712981837e-05
-3.46400595794e-06
4.41574791508e-05
-2.9533439869e-06
5.33446175565e-05
-2.34904438075e-06
6.47628284081e-05
-1.47632755997e-06
7.79301415375e-05
-1.31127011571e-06
9.57166188905e-05
0.000113547985797
-2.73096712144e-07
1.08225776588e-06
-4.85291811675e-07
2.18883413119e-06
-6.72404644622e-07
3.11845465709e-06
-8.75982006557e-07
4.85738232648e-06
-1.0824710318e-06
6.16417791432e-06
-1.47342336899e-06
8.09613848408e-06
-1.74764185763e-06
9.67208234365e-06
-1.99711282156e-06
1.18563555734e-05
-2.1390009038e-06
1.42039562656e-05
-2.23995337066e-06
1.72512725912e-05
-2.27808822875e-06
2.08507239872e-05
-2.27253060204e-06
2.53157749559e-05
-2.20805584918e-06
3.07124076392e-05
-2.07800231358e-06
3.72247771658e-05
-1.8756600857e-06
4.51615312777e-05
-1.57679384216e-06
5.45163691619e-05
-1.19953648428e-06
6.61703573398e-05
-6.92411425589e-07
7.95841997129e-05
-8.43374150651e-07
9.84668239246e-05
0.000115837322041
-3.66334069423e-07
7.51752470448e-07
-2.93576761693e-07
1.0352766735e-06
-9.83950705842e-07
2.06983482061e-06
-1.25406257621e-06
3.6021993448e-06
-1.76699403853e-06
5.77342694724e-06
-1.89782189107e-06
7.97438567202e-06
-2.10443803051e-06
9.96652921589e-06
-2.24000587756e-06
1.2249117262e-05
-2.30977082291e-06
1.46314259416e-05
-2.34674078195e-06
1.77446492298e-05
-2.34255246228e-06
2.14174190013e-05
-2.3059873631e-06
2.59880928934e-05
-2.21704123735e-06
3.15012022289e-05
-2.07295693593e-06
3.81629971273e-05
-1.84958794113e-06
4.62659432394e-05
-1.53438103705e-06
5.58209983389e-05
-1.08638435304e-06
6.76900007416e-05
-5.25639802233e-07
8.14051854619e-05
7.99513021264e-07
0.000100008793697
0.000118903748628
8.01783568867e-07
4.42631264788e-08
6.10340506643e-07
1.5530328929e-08
7.17811318674e-07
-2.12413582653e-07
1.22299513407e-06
-8.6145878479e-07
2.02075371592e-06
-2.06875522594e-06
4.11046024859e-06
-2.58984213192e-06
6.35670055471e-06
-2.81367428514e-06
9.31515936869e-06
-2.65015279574e-06
1.20652142167e-05
-2.58694846148e-06
1.4892139211e-05
-2.54675058822e-06
1.81694119139e-05
-2.49883372762e-06
2.19577653262e-05
-2.42939474489e-06
2.66495688998e-05
-2.31997857634e-06
3.22953387356e-05
-2.15798245558e-06
3.91144438334e-05
-1.91163390627e-06
4.73864359076e-05
-1.56913176319e-06
5.71479459346e-05
-1.04124369908e-06
6.9190557163e-05
-3.49508686669e-07
8.31667217333e-05
1.34836730116e-06
0.00010126714648
0.000119620935475
4.15603957071e-06
-3.35028229104e-08
6.01019764508e-07
-1.45090232648e-07
6.76292880655e-07
-3.03390927355e-07
9.67040122001e-07
-9.21437066635e-07
1.408251673e-06
-1.994788091e-06
2.79832279653e-06
-2.85797140163e-06
4.79198159009e-06
-3.18113558373e-06
8.23858675514e-06
-3.06940691288e-06
1.16334147463e-05
-2.96361113279e-06
1.50160129285e-05
-2.82257234001e-06
1.84880600582e-05
-2.72678969281e-06
2.24607217364e-05
-2.6206442457e-06
2.72896938111e-05
-2.48719734228e-06
3.30836119188e-05
-2.30418571411e-06
4.00660655145e-05
-2.03197311132e-06
4.85077152366e-05
-1.6558025494e-06
5.84763828422e-05
-1.05300216906e-06
7.06603424305e-05
-2.4708095732e-07
8.48653493434e-05
1.52705875697e-06
0.000102517336399
0.000119776803171
5.04220067912e-06
-8.41359772316e-08
6.42140311552e-07
-1.89241841375e-07
7.09114486835e-07
-3.51897401498e-07
9.33290230582e-07
-7.4448796555e-07
1.3109983321e-06
-1.58129258929e-06
2.39781290589e-06
-2.66994219403e-06
4.282536737e-06
-3.22627600065e-06
7.64594277957e-06
-3.33581099013e-06
1.13290347399e-05
-3.24126604622e-06
1.50558403782e-05
-3.0693210312e-06
1.87608629026e-05
-2.9389878161e-06
2.29406549935e-05
-2.80291530145e-06
2.79208797627e-05
-2.64665447723e-06
3.38751955465e-05
-2.4447132637e-06
4.10299326928e-05
-2.14946811168e-06
4.96445474197e-05
-1.74573990114e-06
5.98264993575e-05
-1.08275671562e-06
7.21302877986e-05
-2.12378186709e-07
8.65720630551e-05
1.75122959324e-06
0.000103664016691
0.00012021724812
5.02975057408e-06
-9.85130224562e-08
7.09055643114e-07
-2.08607772573e-07
7.86771097723e-07
-3.72139715577e-07
9.98388276713e-07
-7.27457131276e-07
1.40220135991e-06
-1.29125807305e-06
2.44827087568e-06
-2.19103455484e-06
4.37677493153e-06
-2.93888202638e-06
7.61139653681e-06
-3.33492526994e-06
1.12981249002e-05
-3.3782342088e-06
1.51462818514e-05
-3.25810987293e-06
1.90558317519e-05
-3.11425539826e-06
2.3422010601e-05
-2.96276361238e-06
2.85623272317e-05
-2.79023850508e-06
3.46842030734e-05
-2.57530772229e-06
4.20216115029e-05
-2.26330482204e-06
5.08134887706e-05
-1.84164706386e-06
6.1218367293e-05
-1.14090963628e-06
7.36356024365e-05
-2.43805020524e-07
8.83404598971e-05
1.75629391208e-06
0.000104881395447
0.000121441518911
4.3390555601e-06
-9.73342256005e-08
7.85172658671e-07
-2.01309833611e-07
8.75558350881e-07
-3.42817048597e-07
1.07077671269e-06
-6.4665241147e-07
1.44848938993e-06
-1.22746340902e-06
2.44731453122e-06
-2.12627561016e-06
4.39795477776e-06
-2.86473281318e-06
7.44494814125e-06
-3.36278924048e-06
1.1208708846e-05
-3.4900424029e-06
1.51907842791e-05
-3.42356452383e-06
1.935274785e-05
-3.27535882558e-06
2.3906961787e-05
-3.11736959823e-06
2.92233187819e-05
-2.9368623331e-06
3.5521837372e-05
-2.71544188993e-06
4.30514277988e-05
-2.39499242377e-06
5.2026241522e-05
-1.96370653573e-06
6.26628007445e-05
-1.24735457976e-06
7.52015885371e-05
-3.45233269288e-07
9.01975871843e-05
1.52760018429e-06
0.000106340052478
0.00012340567705
3.50087214985e-06
-9.20637195702e-08
8.63802034924e-07
-1.86661343652e-07
9.64090740989e-07
-3.01436976408e-07
1.13290452635e-06
-5.36616302382e-07
1.44456296455e-06
-1.16774398106e-06
2.3007907924e-06
-2.12634878982e-06
4.12194610568e-06
-2.97199647823e-06
7.00139310369e-06
-3.49435344501e-06
1.0879346797e-05
-3.64890526053e-06
1.50973906155e-05
-3.58992394971e-06
1.95810544546e-05
-3.43651977962e-06
2.43833059716e-05
-3.27512086708e-06
2.99034567122e-05
-3.09512766733e-06
3.63958243033e-05
-2.87532581461e-06
4.41279930774e-05
-2.55570472072e-06
5.32922474135e-05
-2.12196399586e-06
6.41647114891e-05
-1.40735701944e-06
7.68418862464e-05
-5.10743637597e-07
9.21526373048e-05
1.16007330761e-06
0.000108109979782
0.000125886928649
2.75070081415e-06
-8.68245905643e-08
9.43313090605e-07
-1.79932355849e-07
1.05775193138e-06
-2.82871045267e-07
1.20120751324e-06
-4.63395725189e-07
1.44603609629e-06
-1.04882506116e-06
2.11287200383e-06
-2.01271800644e-06
3.70457279708e-06
-2.99003652823e-06
6.43349246651e-06
-3.54775283255e-06
1.03673730153e-05
-3.76632132152e-06
1.49191120599e-05
-3.71023878225e-06
1.97367465041e-05
-3.57376083798e-06
2.48531411531e-05
-3.42025653929e-06
3.06055742655e-05
-3.25537157495e-06
3.73177612085e-05
-3.0499239544e-06
4.52637256982e-05
-2.74115589432e-06
5.46217546839e-05
-2.31239375437e-06
6.57298142231e-05
-1.61086479604e-06
7.85623901163e-05
-7.22825290202e-07
9.42006358118e-05
7.60452435929e-07
0.000110172751774
0.000128699934317
2.13726274124e-06
-8.33960565383e-08
1.02489507712e-06
-1.82713899425e-07
1.16295956972e-06
-2.96063692691e-07
1.29345491487e-06
-4.78969394745e-07
1.49453869479e-06
-9.15802627655e-07
2.04783534475e-06
-1.7714371694e-06
3.37742488163e-06
-2.78403862221e-06
5.98429849169e-06
-3.44007569449e-06
9.91603116838e-06
-3.74936598941e-06
1.4761234061e-05
-3.73904115489e-06
1.98789245239e-05
-3.64698157756e-06
2.53258058459e-05
-3.52859862857e-06
3.13444833329e-05
-3.40021843912e-06
3.83019973811e-05
-3.22768856569e-06
4.64743331463e-05
-2.94278789461e-06
5.60274651197e-05
-2.52680285475e-06
6.73651828905e-05
-1.84388120867e-06
8.0365180135e-05
-9.61087920064e-07
9.63303887591e-05
3.86002255337e-07
0.00011246766579
0.000131707917341
1.66555075337e-06
-7.27631804391e-08
1.10430132932e-06
-1.71865502053e-07
1.2728405503e-06
-2.86951210409e-07
1.39951904109e-06
-4.51566826162e-07
1.56155821799e-06
-8.04066971151e-07
2.03818178097e-06
-1.49761794564e-06
3.19785331085e-06
-2.39417521356e-06
5.69360823234e-06
-3.11922094059e-06
9.64448482755e-06
-3.50854206118e-06
1.46883452606e-05
-3.60093661781e-06
2.00626866637e-05
-3.60250275723e-06
2.58355974792e-05
-3.57097178212e-06
3.21550238093e-05
-3.50998830612e-06
3.93632560706e-05
-3.39690653803e-06
4.77754970839e-05
-3.15108527198e-06
5.75187456692e-05
-2.75669171592e-06
6.90763254053e-05
-2.09373149337e-06
8.22461751393e-05
-1.20716969766e-06
9.85231542504e-05
3.88659462204e-08
0.000114940910209
0.000134783074908
1.32081880613e-06
-4.68828930571e-08
1.17230250712e-06
-1.36754946358e-07
1.37797071193e-06
-2.43394722863e-07
1.50837496132e-06
-3.9187303541e-07
1.64318956668e-06
-6.60755921411e-07
2.05527687544e-06
-1.14385997927e-06
3.11878936315e-06
-1.86437490117e-06
5.54993237749e-06
-2.58546317304e-06
9.54950559034e-06
-3.01879751438e-06
1.47020463666e-05
-3.28133941862e-06
2.03507405283e-05
-3.41379291192e-06
2.63894078046e-05
-3.52795678048e-06
3.30529791643e-05
-3.57952780248e-06
4.05117354649e-05
-3.55480362308e-06
4.91695335454e-05
-3.3674076098e-06
5.9096157844e-05
-3.00131092837e-06
7.08571070339e-05
-2.35328722932e-06
8.41879859486e-05
-1.44391237511e-06
0.00010074298671
-2.09057203452e-07
0.000117478290238
0.000137833917579
1.10984078614e-06
-6.11762216185e-09
1.21609535748e-06
-7.50476186491e-08
1.46585671612e-06
-1.67156494779e-07
1.61275671308e-06
-3.02683582056e-07
1.74031656963e-06
-4.99581778349e-07
2.1115356846e-06
-6.786576225e-07
3.12498256533e-06
-1.08717871171e-06
5.51266765575e-06
-1.76321516045e-06
9.67716834037e-06
-2.26176747592e-06
1.48426704924e-05
-2.70479004667e-06
2.07368188762e-05
-3.06327264362e-06
2.70228544518e-05
-3.37711355586e-06
3.39992137214e-05
-3.59200026781e-06
4.17246865524e-05
-3.69094919421e-06
5.06383486718e-05
-3.57558909668e-06
6.07325500092e-05
-3.24756815803e-06
7.2685920567e-05
-2.61097851348e-06
8.61600117288e-05
-1.66476988633e-06
0.000102944336221
-4.08723899125e-07
0.000119995100402
0.000140742178991
9.81297345056e-07
4.19014660081e-08
1.22889163484e-06
9.12936358722e-09
1.5194785318e-06
-5.62893049004e-08
1.6983374731e-06
-1.66474490038e-07
1.84359556436e-06
-2.88790057732e-07
2.23334188545e-06
-2.21024272964e-07
3.35851186984e-06
-3.51335970483e-07
5.70828734037e-06
-7.65795994559e-07
9.9110348504e-06
-1.35545641405e-06
1.51347397208e-05
-1.99774109238e-06
2.11468998598e-05
-2.59232436603e-06
2.76292311418e-05
-3.14132091146e-06
3.48909792838e-05
-3.57675116195e-06
4.2920756562e-05
-3.82222493323e-06
5.21020492359e-05
-3.8101059475e-06
6.23840276931e-05
-3.518789777e-06
7.45000233854e-05
-2.88111083053e-06
8.80944856355e-05
-1.87767596362e-06
0.000105049836049
-5.60551732744e-07
0.000122375423474
0.000143320723074
9.64053440883e-07
9.19689458208e-08
1.21081647322e-06
9.92334887462e-08
1.53426072718e-06
6.16004028093e-08
1.76164640713e-06
-3.95374376009e-08
1.98099744891e-06
-3.09892093532e-08
2.44893295297e-06
2.28747353905e-07
3.79510376496e-06
3.25473110709e-07
6.29855353086e-06
6.68324586984e-08
1.04670668517e-05
-5.49638689653e-07
1.54340717446e-05
-1.31035971797e-06
2.13424184953e-05
-2.16263084042e-06
2.79971502928e-05
-2.92240133191e-06
3.54944126389e-05
-3.5518311959e-06
4.38677341318e-05
-3.94582939645e-06
5.3366158522e-05
-4.01986843161e-06
6.38918673691e-05
-3.77152714044e-06
7.6200047462e-05
-3.13552735237e-06
8.98987012109e-05
-2.07295043555e-06
0.000106961485649
-6.94806551041e-07
0.00012450776751
0.000145441070687
9.40590266543e-07
1.39774994396e-07
1.16443909882e-06
1.7524809457e-07
1.52074403337e-06
1.50852036418e-07
1.8189289626e-06
6.73251112919e-08
2.16374582082e-06
1.9006858796e-07
2.78737759426e-06
7.36885921935e-07
4.31432243421e-06
8.72381441057e-07
7.17229224496e-06
6.94855013576e-07
1.08802665786e-05
-8.63947174722e-09
1.55428432111e-05
-8.35366224129e-07
2.0991328474e-05
-1.83966609595e-06
2.77457275013e-05
-2.69303247828e-06
3.5383855858e-05
-3.49763021656e-06
4.42438634138e-05
-4.0130457326e-06
5.41450613629e-05
-4.26425676958e-06
6.50969079546e-05
-4.06540386895e-06
7.76125008517e-05
-3.42779759816e-06
9.14338072805e-05
-2.29894485197e-06
0.000108542212196
-8.23365009092e-07
0.000126215178158
0.000146916414906
9.62544914571e-07
1.77987538599e-07
1.09468981194e-06
2.36220009276e-07
1.48463406975e-06
2.3747930235e-07
1.8724000083e-06
2.08090567434e-07
2.37351071119e-06
5.34110426688e-07
3.17942497975e-06
1.00315901214e-06
4.96183724666e-06
1.25279844384e-06
7.61759386666e-06
9.85465402855e-07
1.07787165027e-05
3.35365538963e-07
1.49596647358e-05
-6.26565779058e-07
2.00176867416e-05
-1.70812092469e-06
2.66096063411e-05
-2.74755043237e-06
3.43280290405e-05
-3.67816221861e-06
4.35940533366e-05
-4.31087718629e-06
5.39963270025e-05
-4.58883840045e-06
6.55074423704e-05
-4.39862109309e-06
7.84201847433e-05
-3.7367900595e-06
9.24739668503e-05
-2.526730367e-06
0.000109617758224
-9.59321405269e-07
0.000127371527489
0.000147697990971
9.11832922735e-07
1.93153589754e-07
1.01646028154e-06
2.67568284983e-07
1.44127623173e-06
3.13021457614e-07
1.92498241692e-06
3.8477505815e-07
2.5544797921e-06
7.64256072979e-07
3.503733065e-06
1.13997456877e-06
5.10598783175e-06
1.30921065961e-06
7.45548976853e-06
9.71270028552e-07
1.01566451103e-05
3.24774902853e-07
1.37890286404e-05
-5.97022054473e-07
1.83252436515e-05
-1.67998319431e-06
2.44655608178e-05
-2.77889652514e-06
3.19643693088e-05
-3.74914672774e-06
4.13512294263e-05
-4.44607063909e-06
5.22704462671e-05
-4.80894516506e-06
6.45928143323e-05
-4.67511641882e-06
7.82415339644e-05
-4.05473757961e-06
9.28361330143e-05
-2.81109550194e-06
0.000110103111019
-1.15188172354e-06
0.000127895575661
0.000147667508864
8.69645839165e-07
1.78908200287e-07
9.48580891394e-07
2.67953991025e-07
1.40159028611e-06
3.75080231389e-07
1.94423021387e-06
5.57181163973e-07
2.62052337072e-06
9.30290318155e-07
3.57658264202e-06
1.28664244205e-06
4.97199106187e-06
1.42574685083e-06
6.91457835692e-06
1.10795138289e-06
9.22134388121e-06
5.18112882995e-07
1.22681205145e-05
-3.91441789187e-07
1.61895789703e-05
-1.49674660499e-06
2.14186036053e-05
-2.76288918341e-06
2.82009756988e-05
-3.94760324176e-06
3.71175400987e-05
-4.86620352043e-06
4.8218505085e-05
-5.37427794502e-06
6.1460888861e-05
-5.21568827897e-06
7.62305999406e-05
-4.50681408676e-06
9.19316188419e-05
-3.11986657137e-06
0.000109698470101
-1.33916851542e-06
0.000127728439188
0.000146973143094
7.41008766711e-07
1.50965873366e-07
8.95908536541e-07
2.50635158869e-07
1.355041989e-06
3.95359280338e-07
1.90939651092e-06
6.28888542026e-07
2.56759383573e-06
9.5611819677e-07
3.46981462414e-06
1.27262519357e-06
4.724614787e-06
1.39227713551e-06
6.30246568052e-06
1.14982045215e-06
8.21223810865e-06
6.54338308829e-07
1.05673375433e-05
-1.27161491243e-07
1.36130377591e-05
-1.07843411442e-06
1.75415012089e-05
-2.21401857744e-06
2.29370527942e-05
-3.39567489575e-06
3.05318881065e-05
-4.6030287593e-06
4.11387224209e-05
-5.31969509929e-06
5.49396062617e-05
-5.32080502434e-06
7.13198108784e-05
-4.70723476095e-06
8.91064701035e-05
-3.32411033506e-06
0.0001082032817
-1.60781881865e-06
0.000127044836945
0.000145718221572
5.57823667956e-07
1.22523857868e-07
8.45039416498e-07
2.27264104748e-07
1.28824848133e-06
3.91714657224e-07
1.81474561891e-06
6.33615103884e-07
2.42578166581e-06
9.44179892318e-07
3.20183697562e-06
1.21949834135e-06
4.33747333892e-06
1.30595567139e-06
5.63570960522e-06
1.10867469041e-06
7.13431912434e-06
7.3159067831e-07
8.82203432503e-06
2.21067750677e-07
1.08684774178e-05
-4.37275569154e-07
1.34188720631e-05
-1.14373949022e-06
1.71325559552e-05
-2.00173728972e-06
2.27542827637e-05
-3.19388333674e-06
3.16591152992e-05
-4.57963851755e-06
4.50320592736e-05
-5.12396828691e-06
6.24953676417e-05
-4.74669700878e-06
8.31001739331e-05
-3.50160696501e-06
0.000104954933074
-1.71883129446e-06
0.000125546824565
0.000144348058449
2.72113851215e-07
9.57420554e-08
7.97898227501e-07
1.89113041789e-07
1.21609013594e-06
3.37463866703e-07
1.70409927279e-06
5.53799725731e-07
2.25904730032e-06
8.20388031669e-07
2.91458203616e-06
1.00798531419e-06
3.89992578406e-06
1.02382469512e-06
4.93168682526e-06
8.622361555e-07
5.99769563608e-06
5.81055829569e-07
7.11598947023e-06
3.34448434906e-07
8.28749156167e-06
1.76177229826e-07
9.68085719283e-06
1.09332058181e-07
1.19672211972e-05
-5.45879438317e-08
1.57961723758e-05
-5.19881486248e-07
2.23085611631e-05
-1.42891148154e-06
3.31413370617e-05
-2.87464217475e-06
5.04615796802e-05
-3.5647951968e-06
7.34453662988e-05
-3.00068438706e-06
9.92126782739e-05
-1.71901110152e-06
0.000123346708504
0.000143062524464
-1.50994648052e-08
6.70826202657e-08
7.60843383619e-07
1.35542899105e-07
1.15574028499e-06
2.43576059108e-07
1.60846624164e-06
3.95531858194e-07
2.11364487008e-06
5.61581590939e-07
2.68802322418e-06
6.45018517609e-07
3.41767557984e-06
5.40823378429e-07
4.26962178365e-06
3.29382043298e-07
5.00603592481e-06
2.36611373829e-07
5.57888741254e-06
4.65054497069e-07
5.99478488086e-06
8.02551021293e-07
6.81589610214e-06
1.25486166605e-06
8.24181035643e-06
1.90949697942e-06
1.06788993826e-05
2.56728192798e-06
1.51948417712e-05
2.21151363701e-06
2.39897819116e-05
9.78211353501e-07
3.88718209161e-05
-5.96711914286e-07
6.14373520876e-05
-1.40554023931e-06
9.03392116755e-05
-1.01089180623e-06
0.000119955990837
0.000142590065174
-3.3639092233e-07
2.53920874935e-08
7.4481906526e-07
4.88079642494e-08
1.13158225667e-06
8.0682338322e-08
1.57136235396e-06
1.13597422565e-07
2.05749448882e-06
1.25085293521e-07
2.59202854174e-06
8.49439903521e-08
3.16269700296e-06
8.58305172993e-08
3.66167033117e-06
3.11817300733e-07
3.95428431097e-06
7.06675576099e-07
4.23664173053e-06
1.14122731873e-06
4.58944910548e-06
1.68748677858e-06
5.17477578297e-06
2.4238787981e-06
6.17289619706e-06
3.35507247722e-06
7.97383103141e-06
4.49213271561e-06
1.12053361263e-05
6.00962854811e-06
1.72523626405e-05
6.07026154538e-06
3.01927683704e-05
4.45903343692e-06
5.15434458973e-05
2.33690221931e-06
8.16418094049e-05
6.91123422551e-07
0.000116608137995
0.000143495204031
-4.54751908861e-07
-7.62147321726e-09
7.47040926206e-07
-1.81050765783e-08
1.13538232062e-06
-3.82853419265e-08
1.57404844964e-06
-7.33045356692e-08
2.04967485548e-06
-1.06016974967e-07
2.52899203382e-06
-2.96787873629e-08
2.88535812212e-06
1.8208238829e-07
3.12395703257e-06
5.36649699657e-07
3.25789209718e-06
1.08978158245e-06
3.4097758211e-06
1.7992834935e-06
3.73066080727e-06
2.70065546547e-06
4.26506351991e-06
3.81203706386e-06
5.2091168247e-06
5.23739260844e-06
6.86698220844e-06
6.66241062909e-06
9.96055171689e-06
7.65781863454e-06
1.54095569706e-05
8.71814177906e-06
2.54474556892e-05
8.20326452177e-06
4.53294984719e-05
6.44812996428e-06
7.54751622487e-05
3.94939543967e-06
0.000114474320147
0.000147024426995
-1.36369726545e-07
-2.11282074787e-08
7.57010620243e-07
-4.40960220922e-08
1.14954372226e-06
-6.80032184429e-08
1.57679413752e-06
-6.92715362099e-08
2.00590975075e-06
6.13351964113e-10
2.37691862029e-06
1.58062626746e-07
2.60832579894e-06
4.42516651077e-07
2.72200489772e-06
8.83645191155e-07
2.77206105996e-06
1.51362815875e-06
2.87768674787e-06
2.38059986929e-06
3.16826317039e-06
3.48696863835e-06
3.7943561966e-06
5.10447916125e-06
4.85718911619e-06
7.23568322923e-06
6.63771263382e-06
9.71270839922e-06
9.79773003397e-06
1.170587844e-05
1.53793354593e-05
1.21865302524e-05
2.52486084582e-05
1.15212953861e-05
4.38698405403e-05
9.88772315077e-06
7.48775655326e-05
6.38707145676e-06
0.000117889756705
0.000153859914542
-1.09485442432e-07
2.56225489388e-08
7.39013905518e-07
5.41700040428e-08
1.11514284601e-06
1.07481840997e-07
1.51033120423e-06
2.07330134412e-07
1.88292032548e-06
3.90718158881e-07
2.16730453002e-06
7.02067710471e-07
2.29611272239e-06
1.19636639811e-06
2.30544266884e-06
1.87685506093e-06
2.31872454723e-06
2.71830042445e-06
2.489302386e-06
3.74444991489e-06
2.9514631505e-06
5.25541140463e-06
3.81537219729e-06
7.37068574164e-06
5.08071019476e-06
9.85591426053e-06
7.3024772644e-06
1.2038469605e-05
1.14072915022e-05
1.33602829929e-05
1.79100140634e-05
1.28675218186e-05
2.85937470231e-05
1.12308986554e-05
4.6772111448e-05
1.06078484126e-05
7.87529135592e-05
9.03305722042e-06
0.000125783501186
0.000164382591398
3.214975e-07
1.211755023e-07
6.74512095913e-07
2.3624158765e-07
1.0079276788e-06
4.2910895422e-07
1.3355906462e-06
7.40057075012e-07
1.61549984944e-06
1.20693561195e-06
1.80349503871e-06
1.83015272938e-06
1.89612203067e-06
2.58064838273e-06
1.97531734969e-06
3.42370523633e-06
2.17851141246e-06
4.39581671283e-06
2.61699433448e-06
5.9752075275e-06
3.28965600326e-06
8.19100460563e-06
4.40653667192e-06
1.06218568985e-05
6.35320913895e-06
1.27042978252e-05
9.64977533168e-06
1.39925024665e-05
1.48303264129e-05
1.40654154565e-05
2.23473733196e-05
1.32522422925e-05
3.37219492804e-05
1.14719955641e-05
5.33807707345e-05
9.56489462899e-06
9.08367158823e-05
6.49941312213e-06
0.000142404732989
0.000173359561325
-6.57114477719e-07
2.96272788636e-07
5.42637536102e-07
5.87969944924e-07
8.06312361333e-07
1.02180288336e-06
1.06714660487e-06
1.61547059915e-06
1.31420491278e-06
2.36329807251e-06
1.54609775273e-06
3.23961618936e-06
1.79029895696e-06
4.16338535738e-06
2.15801964595e-06
5.58319636127e-06
2.61759722684e-06
7.35376067239e-06
3.42722901877e-06
9.34980244979e-06
4.69314686065e-06
1.12648966368e-05
6.6604511948e-06
1.26749589386e-05
9.69544062966e-06
1.31016068242e-05
1.41461596948e-05
1.21723522431e-05
1.01709488812e-05
8.17488951873e-06
6.56777117203e-06
7.10595357278e-06
4.18032283922e-06
-1.07111556834e-06
4.31682493725e-07
8.85473166128e-07
1.61900101743e-06
2.75464097858e-06
4.05417278556e-06
5.44136091033e-06
7.07392598184e-06
8.67841017182e-06
1.01787736639e-05
1.13887257235e-05
1.19646673775e-05
1.14646792117e-05
-2.55722640771e-06
3.77630370178e-06
-1.9847243863e-06
7.42863168622e-07
7.79082958453e-06
-5.72492103875e-07
2.62773405725e-06
1.09879290768e-05
2.72520964442e-06
2.95052259844e-06
1.38591664333e-05
6.3784748172e-06
2.69658624224e-06
1.63004073548e-05
9.79402600709e-06
2.24860672578e-06
1.83637224122e-05
1.27591912728e-05
1.80262432065e-06
2.01240574288e-05
1.52618023218e-05
1.42990038363e-06
2.16299671521e-05
1.73564465704e-05
1.13906876278e-06
2.29225075488e-05
1.9105590224e-05
9.2676022671e-07
2.40247822325e-05
2.05650595526e-05
7.91069200569e-07
2.49642700891e-05
2.17861682965e-05
7.04740385571e-07
2.57429989319e-05
2.27929991642e-05
6.78872007662e-07
2.6379710805e-05
2.36212972653e-05
6.54076166447e-07
2.68469700967e-05
2.42529185526e-05
6.57738854328e-07
2.71482808573e-05
2.46989758894e-05
6.35074392055e-07
2.72418087668e-05
2.49204285498e-05
6.15833977057e-07
2.71404911986e-05
2.49108025772e-05
5.63675497786e-07
2.68269217609e-05
2.46483804868e-05
4.73181404542e-07
2.63453063086e-05
2.41301341766e-05
3.56786473825e-07
2.57603695863e-05
2.34185834283e-05
2.39563153575e-07
2.51954517371e-05
2.26259744471e-05
-4.5326672615e-09
2.47550833887e-05
2.17741072611e-05
-1.42660302884e-07
2.46056974382e-05
2.09328288154e-05
-1.63827361728e-07
2.49475838014e-05
2.05231077912e-05
-2.52028517988e-07
2.49753454537e-05
2.05694054261e-05
7.22855642523e-08
2.50458117726e-05
2.14053529683e-05
-7.74188487696e-07
2.54685898355e-05
2.18490965466e-05
-8.20267569074e-07
)
;

boundaryField
{
    inletfuel
    {
        type            calculated;
        value           nonuniform List<scalar> 3(-8.94995939447e-08 -2.68475072284e-07 -4.47531957642e-07);
    }
    inletair
    {
        type            calculated;
        value           nonuniform List<scalar> 
20
(
-9.5182573712e-07
-1.52046527029e-06
-2.22883270762e-06
-3.10581004139e-06
-4.18589018247e-06
-5.51022193481e-06
-7.12789438621e-06
-9.09739455571e-06
-1.148840632e-05
-1.43838876732e-05
-1.78825793367e-05
-2.21019500084e-05
-2.71817140426e-05
-3.3287952389e-05
-4.0617975428e-05
-4.9406146529e-05
-5.9930698981e-05
-7.25222823444e-05
-8.75729063891e-05
-0.000105548534876
)
;
    }
    outlet
    {
        type            calculated;
        value           nonuniform 0();
    }
    axis
    {
        type            empty;
        value           nonuniform 0();
    }
    leftside
    {
        type            calculated;
        value           uniform 0;
    }
    burnerwall
    {
        type            calculated;
        value           uniform 0;
    }
    front
    {
        type            wedge;
        value           nonuniform List<scalar> 
814
(
-9.78079550747e-20
-2.71343031419e-18
-9.05840029266e-18
-1.11438920363e-17
-6.90617597192e-18
-3.92629834316e-18
2.10862818631e-19
5.07076721926e-18
5.08097759038e-18
4.30483918556e-18
-4.52889138871e-19
1.9934341879e-18
3.75521955664e-18
1.001429486e-18
5.51557608104e-19
1.85210895351e-19
-1.82678895586e-19
-1.58481895772e-20
1.11204402764e-17
5.88564568489e-18
-9.79619684447e-18
-2.32267110059e-18
-7.47709785644e-18
-5.90766583873e-18
-7.28862974502e-18
-2.8972722991e-19
-5.14328063968e-18
3.87071166489e-19
-1.67904936676e-18
-1.94729222838e-19
-3.44829325373e-18
-9.64959744313e-18
-8.13131625723e-18
-5.68558587896e-18
-3.66431551312e-18
2.81082434982e-20
3.06630262895e-18
7.79034028685e-18
1.12573394881e-17
4.01162867742e-18
1.56574104191e-18
2.10925265709e-18
1.60780374485e-18
1.45832681956e-18
4.94996278728e-19
-5.59638216769e-19
-1.12363616528e-19
2.09098220443e-17
1.50481743658e-17
3.33544799215e-18
1.83867596709e-18
-2.59042788447e-17
-2.04452779541e-17
-2.10403605603e-17
-1.26638215168e-19
-3.99692031989e-18
1.7239446071e-18
-3.83646052131e-18
-8.4292398734e-19
-1.88476268941e-18
-1.65164895917e-18
2.13108218155e-18
4.82170145494e-18
5.63888257533e-18
4.10510967482e-18
5.42980663189e-18
1.10589409688e-17
1.24869064486e-17
7.06849926055e-18
4.02509150827e-18
2.03784424455e-18
2.3879163565e-18
2.72203576323e-18
7.17388848547e-19
-1.1793574585e-18
-6.15172060757e-19
1.0286920713e-17
8.56710346662e-18
1.54552911925e-17
5.96805790474e-18
-3.50711509605e-17
-2.64958010266e-17
-2.552119658e-17
4.77041064702e-18
7.32036466275e-18
7.51381952373e-18
-6.6917081686e-19
-3.28278721554e-20
-4.78126201659e-21
-3.75059552453e-22
3.63266932464e-20
-2.4222817461e-20
-1.03047380692e-20
5.89386995306e-19
1.01882458634e-19
3.50586835501e-20
-7.8764567709e-18
-4.10774457716e-18
-3.52220082341e-18
-3.90257736202e-18
-2.71555080771e-18
-9.61750430995e-19
1.38879157237e-18
4.64979220595e-18
7.47794180864e-18
8.36732189666e-18
7.67296598149e-18
6.69896022799e-18
6.81448608951e-18
3.81224422061e-18
4.22999387801e-18
3.69559981447e-19
-1.95461774049e-18
-1.16036294692e-18
-4.35385172471e-19
1.42650032851e-18
8.39348799411e-18
2.62409834439e-19
-2.87398108108e-17
-2.12693315985e-17
-1.4618025525e-17
1.7671948508e-17
2.04659881057e-17
1.22953613548e-17
1.04112644348e-17
-4.40550892608e-17
-6.62732282081e-18
-2.46229017519e-17
-3.82355455595e-17
-2.64614901845e-17
-9.43003382286e-18
9.33610077565e-18
1.85276804671e-17
1.83330630131e-17
2.01739915975e-17
2.47201028156e-17
3.71350130353e-17
4.14418019472e-17
2.14680068105e-17
1.42500229335e-17
3.20701493438e-18
-1.16000118069e-17
-6.06294631892e-18
-2.95079832708e-17
-2.06881586819e-17
-1.43043389636e-17
-2.91794039885e-17
-7.15166676974e-17
-4.16283769479e-17
4.13861895237e-18
1.09393282765e-16
1.0957522585e-16
5.62242157011e-17
1.13213346872e-16
-7.83334622324e-17
-6.14601350418e-17
-7.38379435851e-17
-6.54472834942e-17
-1.85794916514e-17
2.56479950261e-17
5.55856853161e-17
5.05642821947e-17
2.68698266395e-17
3.12404770837e-17
5.31716845308e-17
6.72246282746e-17
6.25972813492e-17
4.41837147559e-17
1.38958912528e-17
1.10446280557e-17
-4.70796401742e-19
6.63858550925e-18
3.52380341483e-17
3.2064231287e-17
-2.61051116804e-17
-7.28531621135e-17
-2.26074825157e-17
2.31221343747e-17
-3.06438458147e-17
3.93202584745e-17
1.34285147893e-16
7.64855805383e-17
3.67954350134e-17
-5.26120533457e-17
-3.24418532498e-17
-2.501121547e-17
-9.22998985276e-18
1.66386571649e-17
5.34163638511e-17
5.59110695152e-17
2.36846581171e-17
2.91696980507e-17
7.22986705585e-17
1.26820670968e-16
1.38908871647e-16
1.10407053317e-16
8.04794786504e-17
2.90519026372e-17
1.88916059249e-17
4.51246533369e-17
7.73551793964e-17
3.6748217316e-17
1.030400636e-17
-3.28626423093e-18
-1.10481734457e-17
1.00244929981e-16
1.07504383054e-16
5.62942006885e-17
9.10015717076e-17
1.27900278957e-16
6.37786842885e-17
-1.42061356452e-17
-4.05186476011e-17
-2.50148929763e-17
-1.55480876537e-17
-4.96784335298e-18
6.78318024958e-18
1.82400774512e-17
2.39337279944e-17
3.10683162975e-17
5.21386647972e-17
8.09174577461e-17
1.05438239346e-16
1.22270125972e-16
1.1378448849e-16
9.74377259352e-17
5.03306497907e-17
3.26602224078e-17
3.64336729048e-17
3.52616558158e-17
8.71869175889e-18
-2.8293005054e-19
6.94913565924e-18
1.06487687176e-17
5.8918536447e-17
7.71343058066e-17
5.91832353028e-17
1.75340255129e-17
1.01897813768e-16
4.17673202133e-17
-1.00031362035e-16
-2.67625098769e-17
-2.50514310037e-17
-2.02946280975e-17
-1.47770100429e-17
-7.68121137052e-18
-9.87428517921e-19
2.37248409298e-18
1.22372835688e-17
2.82377019414e-17
4.63340212949e-17
5.9942247109e-17
6.61081118486e-17
5.8251505522e-17
4.44985468686e-17
1.99668676312e-17
8.85874328697e-20
-1.09403455729e-17
-2.34926048274e-17
-3.82861603518e-17
-2.95823153836e-17
3.248322895e-18
9.18797574017e-18
4.66010904874e-17
6.76406056088e-17
5.59812990882e-17
3.12490793876e-17
7.7220658409e-17
1.69616522963e-17
-8.74524594905e-17
-1.28029961697e-17
-1.98701297849e-17
-2.11472093171e-17
-2.40141544429e-17
-2.11706023997e-17
-1.3605078276e-17
-1.68873516322e-17
-1.12823853767e-17
-6.47057629557e-19
1.60006452689e-17
2.56729687555e-17
3.20175087207e-17
2.28842734311e-17
2.80208510925e-18
-5.41465877914e-17
-2.20377157503e-16
-1.50418074264e-16
-1.22228294578e-16
-1.32815694249e-16
-8.81595827197e-17
2.91891604535e-17
1.8059210504e-17
7.06240883357e-17
9.3200032442e-17
6.4002087068e-17
4.36222981394e-17
5.12649874943e-17
-1.04579582342e-17
-7.69620058467e-17
-1.00268659659e-17
-6.84236243816e-17
-5.91446740362e-17
-9.62212825894e-17
-7.12956493966e-17
-1.95293222378e-18
-7.53419558688e-17
-5.79826003116e-17
-9.58207915854e-17
-4.95191765762e-17
-8.17184997026e-17
-3.79581862204e-17
-1.53842497433e-16
-1.01081088117e-16
-1.15645991123e-16
-1.78223923956e-16
-1.76235049308e-16
-2.01746374043e-16
-3.08110379971e-16
-1.93700168169e-16
-1.02851448197e-16
-3.60637224474e-17
1.25510886437e-16
1.66520589554e-16
8.13462868953e-17
8.31132229208e-17
4.29136963828e-17
-9.49528304361e-18
-5.09181504243e-17
-1.65039414367e-17
-7.8959194885e-17
-1.21177684335e-16
-1.13567951234e-16
-9.73296184704e-17
-6.85550531075e-17
-8.22736262502e-17
-7.69129890131e-17
-9.24943150436e-17
-8.53252839313e-17
-1.00656934789e-16
2.56228518128e-17
-9.44119370617e-17
-1.19740610531e-16
-1.39986644044e-16
-1.66606168835e-16
-1.75838774987e-16
-1.77933061275e-16
-2.08956490999e-16
-1.70286668803e-16
-1.2320926609e-16
-5.65794671822e-17
7.90213833851e-17
5.06589314464e-17
-6.46278635959e-18
3.97395405395e-17
1.2978182969e-17
-2.73656424394e-17
-8.1410038042e-17
-5.06549470263e-17
-5.93810825451e-17
-7.65369258544e-17
-8.66079294492e-17
-8.98161629171e-17
-8.96231306612e-17
-9.48073827453e-17
6.41556412427e-19
-4.96788265571e-17
-1.75519196888e-16
-1.57891533484e-16
-2.01167204437e-16
-1.84988576395e-16
-1.79718919131e-16
-3.220310974e-16
-2.72220492947e-16
-2.2586679993e-16
-9.12165880798e-17
-2.91678517027e-16
-1.99271059311e-16
-1.33719262074e-16
-8.45831125126e-17
-2.7403040011e-17
1.07239311469e-17
4.28418578301e-17
2.25655432962e-17
-9.80526962887e-18
-5.4458560511e-17
-1.46149445657e-16
-2.88408334465e-17
-3.5738706981e-17
-4.72482108539e-17
-5.80290838424e-17
-7.50651812109e-17
-1.70592879429e-16
-1.56208623687e-16
-1.17118761645e-16
-1.13998960099e-16
-1.52035814781e-16
-1.66416805095e-16
-1.92995002535e-16
-2.10695249753e-16
-2.22862832598e-16
-2.80634333109e-16
-2.79491969302e-16
-2.64433175292e-16
-2.34443493443e-16
-2.17815629473e-16
-1.62074986222e-16
-1.29387484437e-16
-1.12474559037e-16
-1.21899856094e-16
-4.38297273965e-17
-6.76820838763e-17
-1.154649944e-18
-1.85488581025e-17
-6.06237887618e-17
-1.24059444673e-16
-1.79303389513e-17
-2.93632942037e-17
-6.92779513456e-17
-7.9274299297e-17
-1.58004797417e-16
-2.4097005504e-16
-2.20272278551e-16
-1.93604414444e-16
-1.80181918994e-16
-1.92180102092e-16
-2.85879408632e-16
-2.72973750943e-16
-4.66537154603e-16
-3.89989753661e-16
-3.62125805842e-16
-3.47401423973e-16
-3.26762855891e-16
-3.10300833244e-16
-3.23864185279e-16
-8.3905035007e-17
-8.59120959837e-17
-7.4611890634e-17
-6.84565662412e-17
-4.24166549165e-17
-4.10793772821e-17
-1.29093311926e-17
-2.41657858121e-17
-4.28493249613e-17
-2.40112591972e-17
-5.70082951685e-17
-1.13520427261e-16
-1.16002335324e-16
-1.12761932276e-16
-1.2648447244e-16
-1.52621214216e-16
-1.6600376541e-16
-1.71431382934e-16
-1.08680982898e-16
-2.17882389563e-16
-2.42279313143e-16
-2.49717850057e-16
-3.10981686503e-16
-3.24448371527e-16
-4.29936395188e-16
-3.80759225344e-16
-3.4597933039e-16
-3.90599114072e-16
-1.65266671564e-16
-1.24003063321e-16
-8.68724457236e-17
-6.13725780742e-17
-5.26117144402e-17
-4.54039551835e-17
-4.75222076135e-17
-7.85477398556e-17
-1.39398060838e-17
4.28889089108e-18
6.18099419203e-17
-5.77646199367e-17
-6.84251742234e-17
-1.24684883624e-16
-1.27278449484e-16
-1.2195123846e-16
-1.24427718659e-16
-1.36621256024e-16
-2.07111863396e-16
-1.91452309277e-16
-1.97732634004e-16
-2.12637136032e-16
-3.0130589596e-16
-2.9764154259e-16
-2.9178589224e-16
-2.20621743167e-16
-2.58446255081e-16
-1.58894085516e-16
-2.16137249093e-16
-1.66396876256e-16
-1.22517949182e-16
-8.45947595902e-17
-6.28691636272e-17
-5.76809384335e-17
-6.11104093622e-17
-6.7798345612e-17
-7.49586186015e-17
-3.38291997743e-17
-4.69566732055e-18
6.84476418474e-17
-1.49188021371e-17
-1.91724628711e-17
-2.76545084247e-17
-3.48435608041e-17
-4.07219517317e-17
-5.1273755686e-17
-1.21888045103e-16
-1.34425890406e-16
-1.36402342524e-16
-1.46341552193e-16
-1.66079525263e-16
-1.97896777486e-16
-1.4159883666e-16
-1.82561876643e-16
-1.99470473859e-16
-2.26000279815e-16
-2.16767103842e-16
-2.22994182644e-16
-1.92959742068e-16
-1.44233197002e-16
-9.30214613443e-17
-5.79473829615e-17
-4.31083025269e-17
-4.62519566189e-17
-5.02114216629e-17
-4.6682497995e-17
-2.00015698948e-17
-1.21334238649e-18
-1.7662332113e-18
1.19844550883e-18
4.32889300951e-17
4.16109811772e-17
3.1529972134e-17
1.82174623507e-17
-5.91619194554e-17
-1.23579541019e-16
-1.12587899024e-16
-1.14572034539e-16
-2.58826327736e-16
-3.06465180788e-16
-2.55608695039e-16
-2.41092414545e-16
-2.42764998034e-16
-4.27374833584e-16
-3.44701882446e-16
-3.10036066385e-16
-2.76631783409e-16
-2.1589859843e-16
-1.34297405343e-16
-5.2087844872e-17
4.04165579007e-17
-3.06969515985e-17
-6.6498364502e-17
-1.27047494496e-16
-3.93885804688e-17
2.24771510967e-17
-1.60496554747e-18
-2.15228170129e-18
2.13858987099e-19
1.65027908074e-18
1.94624326426e-18
1.03334991534e-18
-6.32353051432e-18
-1.35764707946e-17
3.78191303842e-17
2.36253846544e-17
1.20798418442e-16
5.79919968605e-17
1.33062390345e-17
-2.12056880256e-17
-5.84596094226e-17
-1.30962222562e-16
-1.78594498772e-16
-3.84570225169e-16
-4.80360609328e-16
-3.4453662592e-16
-2.38582703433e-16
-1.19019816801e-16
6.09308678776e-17
-2.89185108214e-17
-9.10114655208e-17
-1.99998883139e-16
-1.17090680937e-16
-9.48475760428e-17
-3.86755992844e-17
-3.97903486838e-17
-3.67025297223e-17
-3.47891093844e-17
-3.35672842303e-17
-3.23420803606e-17
-3.12400083211e-17
-3.04125673184e-17
-3.25578133612e-17
-1.49134763034e-16
-1.1720452248e-16
-9.79963859257e-17
-9.28770435781e-17
-9.07424135556e-17
-9.11693570466e-17
-1.00283961935e-16
-1.11812026157e-16
-3.1562287638e-18
1.68098926903e-17
-9.91017460157e-17
-2.71128178419e-18
-6.58646011173e-17
-9.90784030029e-17
-5.24699637791e-17
-5.97363624256e-17
-1.10161060103e-16
-9.64681272142e-17
-9.94381393368e-17
2.31800681429e-18
2.44614360304e-18
3.18245207228e-18
3.91688607654e-18
4.60841037169e-18
5.33760399142e-18
6.0996427329e-18
6.62351877593e-18
4.76043757644e-18
-4.71849348813e-18
-1.01018942069e-17
-1.54852811785e-17
-2.18683698804e-17
-2.88381321235e-17
-3.66179775964e-17
-4.82693500997e-17
-6.11150437805e-17
-5.45177092448e-17
-4.7853008803e-17
-6.44825893046e-17
-4.0981206783e-17
-5.65741748536e-17
-7.97859356622e-17
-6.28226406376e-17
-5.96920621425e-17
-7.64612359907e-17
-8.1817668421e-17
-8.57117407435e-17
9.30696323052e-17
9.76642694621e-17
1.28784332794e-16
1.30691660318e-16
1.28801190188e-16
1.28275770218e-16
1.27973507357e-16
1.21762723557e-16
1.98247250826e-17
2.51613203784e-17
3.21966210147e-17
3.09538066788e-17
2.77482395961e-17
2.44563697506e-17
1.66300614145e-17
-1.38167466316e-16
-1.12081581159e-16
-1.07369759059e-16
-1.04680006643e-16
4.72981315058e-17
-8.15605324824e-18
-3.19888053373e-17
-5.4264135635e-17
-6.70473175406e-17
-7.56289896643e-17
-8.26352680553e-17
-8.05920378065e-17
-9.00612541267e-17
8.52249761313e-19
-5.39944117763e-17
-5.46605103112e-17
-4.47459103698e-17
-3.79878125449e-17
-3.40783356532e-17
-3.11865479659e-17
-2.88259600297e-17
-3.32297008782e-17
-1.40699316586e-16
-1.23080756115e-16
3.28277908427e-18
-1.5670236625e-17
-2.24877956935e-17
-2.34763166175e-17
-1.72121367984e-16
-1.37065469553e-16
-1.31394912073e-16
-1.33726266714e-16
-1.20229660261e-16
-1.18012022543e-16
-1.18494424242e-16
-3.73360209141e-16
-2.79280523497e-16
-2.477039477e-16
-2.47613091651e-16
-2.61359044197e-16
-2.63381102155e-16
-3.54573738922e-17
-4.4479741781e-17
-6.29316967047e-17
-3.17551685749e-16
-3.6666018391e-16
-1.69738923923e-16
-7.52338438334e-17
-1.31088895194e-16
-8.49645002794e-17
-2.19452491381e-17
-5.28320501643e-17
-4.11410894585e-17
-6.42308821434e-18
-1.81770805681e-17
-1.79441830813e-17
2.65215106389e-18
-4.44686767776e-18
-6.87451225511e-18
-2.9262817141e-18
-3.72883084475e-18
-3.97899821742e-18
-1.42488691204e-18
-1.24022964308e-17
-1.01079464064e-17
-5.36226076353e-18
-1.08811750919e-16
-5.91174302772e-17
-6.27994509045e-18
-2.66533625926e-17
-2.31568591356e-17
-1.60194326824e-18
-1.22633113707e-17
-1.1976498948e-17
-8.44110652102e-18
-9.1084280015e-17
-5.42139373753e-17
6.01341872942e-18
-7.97743234069e-17
-5.59589039147e-17
-2.2640882393e-18
-1.15610897276e-17
-1.10152283311e-17
-2.86904418369e-18
-1.8937541473e-18
-1.32588440984e-18
1.87912362504e-18
1.43037744074e-19
-5.24564716248e-19
-2.9890967596e-18
-1.09736237865e-18
-3.31585703643e-18
-3.57710406204e-19
2.2412094831e-18
2.22237279504e-18
7.71785130085e-18
9.48929368601e-17
6.21689183802e-17
3.22975546881e-19
1.00075064708e-18
8.60680177838e-19
-4.57546075287e-18
-8.40447746052e-18
-9.8779191471e-18
-1.01958063113e-17
-1.01189010406e-17
-9.85501280018e-18
-9.49333851317e-18
-9.11633179058e-18
-9.03077860175e-18
-1.19404593071e-17
-1.26754968238e-17
-1.06754290712e-17
-1.01442723215e-17
-9.37147279198e-18
-8.95832995301e-18
-1.15672337969e-17
-1.23686297604e-17
-1.36924599776e-17
-1.60643982691e-17
-2.34533225261e-17
-5.16666684661e-17
-3.25234960111e-17
-7.49271782708e-18
-1.84409851884e-17
-1.73345300807e-17
-1.47109858646e-17
-1.34406788675e-17
-1.39058642525e-17
-5.29380154282e-18
-7.18640326095e-18
-8.34640831992e-18
-8.74323295235e-18
-8.78527977393e-18
-8.65433020315e-18
-8.44107349035e-18
-8.19872981181e-18
-8.05201286599e-18
-8.48181903518e-18
-8.83199697155e-18
-8.75822389232e-18
-8.56643735337e-18
-8.21674008717e-18
-7.933276109e-18
-8.16353948788e-18
-8.6085599308e-18
-9.72144029387e-18
-1.30064098585e-17
-2.31094495192e-17
-4.84733106777e-17
-2.35579734461e-17
9.75129397573e-18
-1.27301699132e-18
-1.7254220205e-18
-2.11691777865e-18
-3.13612397629e-18
-3.32990629768e-18
)
;
    }
    back
    {
        type            wedge;
        value           nonuniform List<scalar> 
814
(
9.3063800707e-20
2.7140530811e-18
9.06025952945e-18
1.11442522278e-17
6.90479653028e-18
3.9253544062e-18
-2.11114971563e-19
-5.07040600426e-18
-5.07959950276e-18
-4.30212778618e-18
4.57416826929e-19
-1.98679350318e-18
-3.74746228878e-18
-9.92349777423e-19
-5.41052270243e-19
-1.73658969582e-19
1.94493929012e-19
2.61764585494e-20
-1.11123800594e-17
-5.88040596914e-18
9.7999740069e-18
2.32486987905e-18
7.4779924265e-18
5.90729430367e-18
7.28787823356e-18
2.90607355477e-19
5.14878226936e-18
-3.7565452522e-19
1.69648551141e-18
1.78842350349e-19
3.42580285645e-18
9.64068771016e-18
8.1258621392e-18
5.67959765612e-18
3.66010502201e-18
-3.02078114693e-20
-3.06612361116e-18
-7.78736111746e-18
-1.12526049891e-17
-4.00251012842e-18
-1.55384505813e-18
-2.09386300277e-18
-1.58921854452e-18
-1.43637151511e-18
-4.70429295309e-19
5.84822276604e-19
1.34334781561e-19
-2.08923784392e-17
-1.50374738903e-17
-3.32860140537e-18
-1.83466242742e-18
2.59059143117e-17
2.04440356376e-17
2.10384057632e-17
1.28306594022e-19
4.00884117862e-18
-1.69927197957e-18
3.87674310952e-18
8.34901848152e-19
1.96869111895e-18
1.69286839983e-18
-2.11100366306e-18
-4.8160420439e-18
-5.63890111604e-18
-4.10541443691e-18
-5.42651495106e-18
-1.10533597768e-17
-1.24778843452e-17
-7.05094329744e-18
-3.9942317541e-18
-1.996667596e-18
-2.33511509678e-18
-2.65702895029e-18
-6.42997030296e-19
1.25711463544e-18
6.82916627296e-19
-1.02358844111e-17
-8.53388466755e-18
-1.54305230558e-17
-5.95562958852e-18
3.50762231782e-17
2.64914595482e-17
2.55156265754e-17
-4.76533706526e-18
-7.28449279341e-18
-7.4339765799e-18
8.02655860018e-19
-3.39601313294e-20
-5.76085694751e-21
5.24642649915e-22
3.61410258209e-20
-2.45176283347e-20
-7.57245992674e-21
5.89301145945e-19
1.01784222193e-19
3.95536139534e-20
7.81735714621e-18
4.10219200715e-18
3.52179588927e-18
3.90099710218e-18
2.71037380832e-18
9.56642813891e-19
-1.39305889779e-18
-4.65312896186e-18
-7.48018805816e-18
-8.36777350607e-18
-7.67015875659e-18
-6.69157156957e-18
-6.80220142626e-18
-3.79502245732e-18
-4.20772130876e-18
-3.43041562897e-19
1.98243696912e-18
1.18479477727e-18
4.53563231029e-19
-1.41437446625e-18
-8.38568080844e-18
-2.57795348394e-19
2.87407689517e-17
2.12673925319e-17
1.46151507297e-17
-1.76700894139e-17
-2.04528034979e-17
-1.22637537909e-17
-1.03594083926e-17
4.53157204806e-17
6.73881370617e-18
2.46235134776e-17
3.83861894095e-17
2.67633488607e-17
9.7635602909e-18
-9.01990888258e-18
-1.82413825414e-17
-1.80868392167e-17
-1.99885871237e-17
-2.46386408766e-17
-3.72114628871e-17
-4.16832598825e-17
-2.18968612055e-17
-1.48427328177e-17
-3.96538449212e-18
1.08404070317e-17
5.41447435175e-18
2.89327716158e-17
2.04163092366e-17
1.41597294374e-17
2.91015557603e-17
7.14501803737e-17
4.17368781662e-17
-4.05695624849e-18
-1.09469529835e-16
-1.09974215982e-16
-5.7255414612e-17
-1.14837142975e-16
7.77157714355e-17
6.1499642822e-17
7.34589020218e-17
6.48421255767e-17
1.78647481223e-17
-2.63144349319e-17
-5.62477175109e-17
-5.11826931512e-17
-2.75082631495e-17
-3.17753001129e-17
-5.35603580529e-17
-6.73648540991e-17
-6.24172708404e-17
-4.36699335655e-17
-1.31011138939e-17
-1.00410592033e-17
1.54921856977e-18
-5.77130393402e-18
-3.43731972742e-17
-3.16396938511e-17
2.66781126481e-17
7.3235309338e-17
2.25200453575e-17
-2.33319782184e-17
3.04759905476e-17
-3.92656204773e-17
-1.33504276567e-16
-7.45543245805e-17
-3.38709993366e-17
5.19200209821e-17
3.21990320989e-17
2.47695857295e-17
8.9363104004e-18
-1.70006600834e-17
-5.37982664096e-17
-5.62487160986e-17
-2.40359926539e-17
-2.95063015028e-17
-7.26353291789e-17
-1.27099475241e-16
-1.39064206379e-16
-1.10362311207e-16
-8.03131436982e-17
-2.87529812369e-17
-1.85055324894e-17
-4.47020797536e-17
-7.69113706189e-17
-3.62951937532e-17
-1.01403431696e-17
3.36728376517e-18
1.10378039706e-17
-1.00176161985e-16
-1.07635772997e-16
-5.64343001053e-17
-9.09032070816e-17
-1.27405357565e-16
-6.26190784265e-17
1.59086030359e-17
4.08027859534e-17
2.54708802267e-17
1.59940148657e-17
5.14922391447e-18
-6.40910728231e-18
-1.78438870439e-17
-2.35615220914e-17
-3.06954590575e-17
-5.17321824519e-17
-8.05120693114e-17
-1.05093688091e-16
-1.22008646475e-16
-1.13658301116e-16
-9.74481360658e-17
-5.05218653174e-17
-3.28766178594e-17
-3.6661081129e-17
-3.54763237481e-17
-8.91856908634e-18
1.16105584961e-19
-7.08196275751e-18
-1.06629088003e-17
-5.88415495946e-17
-7.69380857057e-17
-5.90110923932e-17
-1.77166514373e-17
-1.02649892779e-16
-4.33903439298e-17
9.70968124653e-17
2.70089490525e-17
2.40569225319e-17
1.92599049043e-17
1.41839343827e-17
7.57317475866e-18
1.0986431103e-18
-2.3926775703e-18
-1.27095329834e-17
-2.87989064335e-17
-4.68669740514e-17
-6.03636356991e-17
-6.63151558198e-17
-5.81540260259e-17
-4.43151133777e-17
-1.97972095012e-17
7.42771368713e-20
1.11273661624e-17
2.37208717462e-17
3.85106219524e-17
2.97557088012e-17
-3.13239922845e-18
-9.2754978264e-18
-4.67977183271e-17
-6.79941922615e-17
-5.61910578694e-17
-3.07763790364e-17
-7.55901070633e-17
-1.39422178467e-17
9.1632603324e-17
1.47852365815e-17
2.36762397641e-17
2.52861597826e-17
2.71805137546e-17
2.29156885998e-17
1.5232197713e-17
1.85889376949e-17
1.27202492115e-17
1.60173087584e-18
-1.56676852779e-17
-2.60641007239e-17
-3.32889475004e-17
-2.49324665991e-17
-5.44929146664e-18
5.14411838155e-17
2.16851568894e-16
1.48961062204e-16
1.20885956641e-16
1.31793602457e-16
8.70772715222e-17
-3.29043836934e-17
-1.8018722005e-17
-6.96322050388e-17
-9.20022364879e-17
-6.41456105884e-17
-4.70510177324e-17
-5.98187740016e-17
-3.63797097438e-18
5.77323398333e-17
9.44670941558e-18
6.31304047354e-17
5.77530366539e-17
9.1089394971e-17
7.09784620587e-17
-2.60184873854e-18
7.103238129e-17
5.76181222474e-17
9.22107435615e-17
4.99981725534e-17
7.96258514252e-17
3.9898911349e-17
1.53864616425e-16
1.03976718065e-16
1.18404166502e-16
1.80505137764e-16
1.77539781834e-16
2.02275386952e-16
3.10668633744e-16
1.9340573522e-16
1.02445607059e-16
3.54379795177e-17
-1.25583143811e-16
-1.66567115538e-16
-8.04160075729e-17
-8.0529474906e-17
-3.67883235295e-17
1.82869291755e-17
6.20711314604e-17
1.61121705145e-17
7.95583614259e-17
1.2184275468e-16
1.13429058384e-16
9.72008693808e-17
6.83368138491e-17
8.21710454479e-17
7.67713395424e-17
9.23704491e-17
8.50797847531e-17
1.00385403498e-16
-2.53068705328e-17
9.39244551932e-17
1.19153581287e-16
1.39435362013e-16
1.66188309628e-16
1.75593692352e-16
1.77842555139e-16
2.08993924498e-16
1.70457885239e-16
1.23347562959e-16
5.66894547066e-17
-7.90510923913e-17
-5.07736724963e-17
6.2404292157e-18
-4.03650719811e-17
-1.40040990859e-17
2.59737635033e-17
7.97904488921e-17
5.00571644292e-17
5.86780244984e-17
7.57685388204e-17
8.57771654821e-17
8.89041175539e-17
8.86474301957e-17
9.38434625354e-17
1.48442293952e-18
4.86517003168e-17
1.77193390774e-16
1.56688233542e-16
2.02003070911e-16
1.8345215545e-16
1.7817724454e-16
3.215223634e-16
2.71109465544e-16
2.2519554699e-16
9.07347347769e-17
2.91254450366e-16
1.9956735369e-16
1.34159692483e-16
8.47771073737e-17
2.730574613e-17
-1.13986838782e-17
-4.38059680524e-17
-2.46386760626e-17
6.88728456733e-18
5.04042846059e-17
1.41676742065e-16
2.86587770271e-17
3.55281746084e-17
4.69064638828e-17
5.76198810043e-17
7.47620076338e-17
1.65080561567e-16
1.56628349887e-16
1.17191434912e-16
1.14268345978e-16
1.53196791178e-16
1.6840196183e-16
1.9625353874e-16
2.15144912154e-16
2.28186302234e-16
2.8576680112e-16
2.83443080577e-16
2.66620712629e-16
2.35218380149e-16
2.17407076762e-16
1.61281881795e-16
1.28525570571e-16
1.12640298122e-16
1.23727518166e-16
4.73651753594e-17
7.24167032841e-17
9.31486794061e-18
2.95223135325e-17
7.52588957258e-17
1.39424319249e-16
1.82693940482e-17
2.97466906137e-17
6.87952520677e-17
7.97105129502e-17
1.57398016348e-16
2.4036189119e-16
2.21029316423e-16
1.94366939277e-16
1.8087181927e-16
1.92792843733e-16
2.8536421233e-16
2.73542441752e-16
4.66186742551e-16
3.90531362226e-16
3.62610893037e-16
3.47782556451e-16
3.27006531701e-16
3.10372646215e-16
3.23714569602e-16
8.38449995182e-17
8.59221592504e-17
7.47888942234e-17
6.88285174006e-17
4.30385745206e-17
4.19314819876e-17
1.40866493671e-17
2.57276486026e-17
4.46575427654e-17
2.51857107092e-17
5.75467018506e-17
1.10695374493e-16
1.16838844751e-16
1.13599170565e-16
1.27457848518e-16
1.53822429109e-16
1.67361469667e-16
1.72916927763e-16
1.04815875097e-16
2.14409716297e-16
2.44892304335e-16
2.52771941307e-16
3.14791528316e-16
3.28538631936e-16
4.28958980055e-16
3.84093799036e-16
3.48099897301e-16
3.885196975e-16
1.63107128016e-16
1.24537207045e-16
8.81954332629e-17
6.37731395783e-17
5.62623637485e-17
5.06827233481e-17
5.46314084339e-17
8.86298106984e-17
2.56367563529e-17
9.20036373698e-18
-5.12747069698e-17
6.05158340905e-17
7.12323969887e-17
1.33391625478e-16
1.30229090296e-16
1.25278370776e-16
1.28008506888e-16
1.40341076491e-16
2.16916101874e-16
1.94822519785e-16
2.00893776182e-16
2.15247144969e-16
3.09382531902e-16
2.97582060104e-16
2.90969963489e-16
2.27191103887e-16
2.57908508114e-16
1.67143106491e-16
2.17534473165e-16
1.67357725072e-16
1.20918899623e-16
7.74970597287e-17
5.12243717147e-17
4.14883349622e-17
3.96085694331e-17
3.90940052842e-17
3.78641895436e-17
-1.3525103617e-17
-4.54729996678e-17
-1.1407322353e-16
1.56121696643e-17
1.99490201776e-17
2.84795357187e-17
3.5729672161e-17
4.1686529955e-17
5.23342117925e-17
1.20203356935e-16
1.35838264378e-16
1.37907081219e-16
1.47987584941e-16
1.67934042467e-16
2.00056917233e-16
1.39709523684e-16
1.85120683885e-16
2.02351609646e-16
2.2902034268e-16
2.19717058233e-16
2.25568513148e-16
1.95341838089e-16
1.46670128127e-16
9.60789764493e-17
6.15912730686e-17
4.72810155652e-17
5.14328830066e-17
5.71913365438e-17
5.47973058553e-17
2.86409905823e-17
8.46275353947e-18
2.09805022094e-18
-8.45825268312e-19
-4.60960344612e-17
-4.11049009676e-17
-3.10957895166e-17
-1.79087577169e-17
5.57638906576e-17
1.20237715869e-16
1.13459254671e-16
1.15450917806e-16
2.54453871215e-16
3.02835235026e-16
2.57798811186e-16
2.43481729111e-16
2.45442562345e-16
4.22863040688e-16
3.48851011858e-16
3.13744781715e-16
2.80558196913e-16
2.20091954835e-16
1.40627018555e-16
6.04311255407e-17
-3.1707623383e-17
4.23931968358e-17
8.2336464906e-17
1.48506276449e-16
5.85430375555e-17
-8.18677451917e-18
7.26627111982e-19
1.15174131523e-18
-1.25067389858e-18
-2.73994357584e-18
-3.08663259053e-18
-2.18237445793e-18
5.1805537501e-18
1.24565643164e-17
-3.5234692638e-17
-2.46062423486e-17
-1.17344429807e-16
-5.91192540215e-17
-1.39101475413e-17
2.0433268228e-17
5.71714260758e-17
1.28651883182e-16
1.75435268665e-16
3.88339389407e-16
4.83514332108e-16
3.38417871323e-16
2.30937573974e-16
1.09533102757e-16
-6.98192730856e-17
1.58430832051e-17
7.55983980385e-17
1.80264221955e-16
1.00993558215e-16
8.67200349199e-17
3.62006006179e-17
4.03947370708e-17
3.72699013806e-17
3.5335820954e-17
3.40954436526e-17
3.28011812916e-17
3.15571956031e-17
3.05278380663e-17
3.24601674395e-17
1.44243672262e-16
1.17500171236e-16
9.79907211006e-17
9.27172129244e-17
9.05780570093e-17
9.10473742769e-17
1.00429021014e-16
1.12467645022e-16
-5.00375369348e-18
-2.39221585425e-17
1.01608381749e-16
1.41212454904e-19
7.71223075653e-17
1.1122712308e-16
7.37834660984e-17
8.29772389893e-17
1.30909398471e-16
1.14411994343e-16
1.05173131203e-16
-7.05954976336e-19
-4.36830083954e-19
-8.33755693801e-19
-1.26249369985e-18
-1.7261494671e-18
-2.34834316645e-18
-3.12703367734e-18
-3.76531221438e-18
-2.09050291524e-18
7.21175760773e-18
1.2443143689e-17
1.77252451881e-17
2.40655965817e-17
3.10947422729e-17
3.89659225332e-17
5.08452285562e-17
6.39660818315e-17
5.73873060888e-17
5.1072809424e-17
6.85050448617e-17
4.64119953138e-17
6.52827657812e-17
9.37189819014e-17
7.93212286849e-17
7.74129512949e-17
9.10756658571e-17
9.11395032442e-17
8.74285704212e-17
-9.13354537118e-17
-9.88496225445e-17
-1.28488937482e-16
-1.33318130225e-16
-1.31664082534e-16
-1.31107861966e-16
-1.30560210833e-16
-1.23949374723e-16
-1.67356593574e-17
-2.5778897034e-17
-3.25105228916e-17
-3.10171009741e-17
-2.7689144876e-17
-2.44659471051e-17
-1.6671250778e-17
1.42493457539e-16
1.09845565114e-16
1.04585590954e-16
1.01443676948e-16
-4.53972959566e-17
4.12611944807e-18
2.21783033416e-17
3.58543878503e-17
3.71635816879e-17
3.98500990341e-17
4.71852343933e-17
6.0886029078e-17
8.11358275446e-17
1.12157213702e-18
6.13341697227e-17
6.15184399243e-17
5.35411425186e-17
4.77750836554e-17
4.37149146294e-17
3.99456161527e-17
3.64915139992e-17
3.98578988037e-17
1.44656693843e-16
1.28053792835e-16
-7.30120270034e-19
1.97780246897e-17
2.64231721277e-17
2.74079999015e-17
1.73414665982e-16
1.41722795055e-16
1.36503451991e-16
1.39187199372e-16
1.26352745691e-16
1.24795227086e-16
1.26852766597e-16
3.76794409818e-16
2.93627527795e-16
2.61380774482e-16
2.57936933092e-16
2.60258598223e-16
2.54987460335e-16
3.56122250964e-17
4.36256586968e-17
6.37948182949e-17
3.15504648522e-16
3.66204721423e-16
1.687118822e-16
7.52413782235e-17
1.31710027498e-16
8.48652227408e-17
2.18565130752e-17
5.20840713869e-17
4.06549631113e-17
5.97849944134e-18
1.86981574686e-17
1.85043820883e-17
6.07271953105e-18
7.51461270654e-18
7.70583248859e-18
-1.55271078964e-18
2.27585992185e-18
3.78091493615e-18
1.32424610284e-18
1.20974217612e-17
9.83599523125e-18
6.12822855799e-18
1.10941619001e-16
5.87070218232e-17
-1.25962012252e-18
2.43023905832e-17
2.27392177036e-17
1.65951530088e-18
1.25390422068e-17
1.22242936912e-17
3.28487615018e-18
8.5925215648e-17
5.44500751492e-17
1.81260375049e-17
9.48128243243e-17
5.91184641227e-17
3.94605361206e-19
1.15640964744e-17
1.14803311881e-17
-2.50926972538e-18
4.89850698854e-19
1.39265001544e-18
1.91798905354e-18
3.71829006561e-19
-1.1571329022e-20
-2.97790127489e-18
-5.34351766657e-19
3.34338482628e-18
-8.91977125851e-19
-1.5466012824e-18
-1.13543947449e-18
-3.44657059185e-18
-9.06215699237e-17
-6.22328411382e-17
7.06059957079e-20
-1.63816514123e-18
-1.61372543085e-18
5.31990872197e-18
8.05660355651e-18
9.03537312622e-18
9.17832866612e-18
9.12062779211e-18
8.9675395195e-18
8.74491241627e-18
8.50507771025e-18
8.54050360074e-18
1.15538759486e-17
1.23658333868e-17
1.04165328458e-17
9.91911013026e-18
9.16615880367e-18
8.76040360494e-18
1.13625930143e-17
1.21431686099e-17
1.34269738291e-17
1.57391404802e-17
2.30340797138e-17
5.14755044521e-17
3.1870388856e-17
7.36208520596e-18
1.76758362629e-17
1.68349116072e-17
1.45493973563e-17
1.36603302544e-17
1.43366061778e-17
6.10528531529e-18
7.33864742984e-18
7.97753943174e-18
8.24831392892e-18
8.29891155578e-18
8.2240702399e-18
8.07718352649e-18
7.89670604653e-18
7.80287318722e-18
8.27723905837e-18
8.66115607679e-18
8.6124273559e-18
8.43999771973e-18
8.10595936361e-18
7.83095220733e-18
8.06523601227e-18
8.51035101823e-18
9.62150472539e-18
1.29031767772e-17
2.29962094879e-17
4.84047547112e-17
2.3367641941e-17
-9.81088402794e-18
1.06527119318e-18
1.61188275381e-18
2.09849326989e-18
3.22516343859e-18
3.53619118298e-18
)
;
    }
    procBoundary0to1
    {
        type            processor;
        value           nonuniform List<scalar> 
27
(
2.36841870665e-08
7.29139998495e-08
1.21717888952e-07
1.44961283488e-07
2.0364682158e-05
2.87717745742e-05
4.13290077244e-05
6.538112594e-05
0.00010970255255
0.000159038979742
0.000178687933239
5.30991300733e-07
8.11866020733e-07
1.12971402949e-06
1.50085452793e-06
1.94875600252e-06
2.48365463275e-06
3.10806082974e-06
4.1609732575e-06
5.64236747927e-06
7.744733959e-06
1.070694178e-05
1.47828424016e-05
9.58668875114e-06
2.02013421747e-05
2.61920378477e-05
2.25269399254e-05
)
;
    }
}


// ************************************************************************* //
