/*--------------------------------*- C++ -*----------------------------------*\
  =========                 |
  \\      /  F ield         | OpenFOAM: The Open Source CFD Toolbox
   \\    /   O peration     | Website:  https://openfoam.org
    \\  /    A nd           | Version:  7
     \\/     M anipulation  |
\*---------------------------------------------------------------------------*/
FoamFile
{
    version     2.0;
    format      ascii;
    class       surfaceScalarField;
    location    "0.05";
    object      phi;
}
// * * * * * * * * * * * * * * * * * * * * * * * * * * * * * * * * * * * * * //

dimensions      [1 0 -1 0 0 0 0];

internalField   nonuniform List<scalar> 
1567
(
-3.69315851319e-09
8.88249768351e-08
-1.40826505225e-08
2.65764249236e-07
4.11615679039e-07
1.44866117889e-09
8.76646415931e-08
-1.66443637648e-09
2.69739685794e-07
4.11379945921e-07
4.26498635925e-10
8.74207725911e-08
-1.76033280003e-09
2.72469331242e-07
4.10511018545e-07
-2.54202369562e-09
9.01541819603e-08
1.07071943074e-09
2.69422300488e-07
3.87594675662e-07
2.48292664083e-08
-1.8676462148e-09
9.22152218176e-08
1.71486760183e-09
2.66418346037e-07
3.89600137705e-07
6.31503744172e-10
4.51390960306e-10
9.19617877884e-08
5.02800297459e-09
2.62429693742e-07
3.716342663e-07
2.39373673288e-08
-8.44410185795e-10
9.30074751948e-08
-5.70287103187e-10
2.62747396194e-07
3.68153660103e-07
3.81150534247e-09
-5.42826801988e-10
9.37525872919e-08
-1.49594721287e-09
2.64276854209e-07
3.66881031092e-07
6.16685570558e-10
-2.40680389662e-10
9.4197899802e-08
-2.84272273986e-10
2.64881323708e-07
3.66250179644e-07
1.17640190429e-09
-2.04899905146e-10
9.46126631179e-08
1.1069634919e-09
2.64124474007e-07
3.67369647964e-07
8.70735870001e-10
1.14179542394e-10
9.47141683756e-08
1.99947913688e-09
2.62791344988e-07
3.69816209852e-07
5.13505989734e-10
6.82122761784e-10
9.42510861174e-08
2.69922199028e-09
2.61330296882e-07
3.72260308002e-07
1.26043920491e-09
1.33764582052e-09
9.31335335097e-08
3.43468427332e-09
2.5979257356e-07
3.74243878598e-07
2.41521205069e-09
2.02305321109e-09
9.1323808917e-08
5.86582506728e-09
2.56486568946e-07
3.7420748618e-07
6.71613735718e-09
2.51250824881e-09
8.89978129884e-08
8.30758700327e-09
2.51141150324e-07
3.71715485627e-07
1.13536102662e-08
2.81662661906e-09
8.63075630506e-08
9.41731894686e-09
2.44805182891e-07
3.67109510858e-07
1.4210732394e-08
3.03446243276e-09
8.32984727772e-08
1.03627437836e-08
2.37454495198e-07
3.60372871824e-07
1.68541195371e-08
3.62537606975e-09
7.95702676435e-08
1.20040005931e-08
2.28719301249e-07
3.50612955957e-07
2.11315408086e-08
3.32329859688e-09
7.60276776997e-08
1.1893657966e-08
2.19527725455e-07
3.40470782369e-07
2.12227996618e-08
2.92639234932e-09
7.28274915277e-08
1.0458168178e-08
2.11306251999e-07
3.31806533996e-07
1.84669819464e-08
2.4973584155e-09
7.01036701491e-08
8.64324232218e-09
2.04683281453e-07
3.24859282869e-07
1.5461689757e-08
2.44294776407e-09
6.75815616367e-08
8.95159528104e-09
1.98159461451e-07
3.18096256087e-07
1.63850008254e-08
2.10428344063e-09
6.56138788341e-08
7.56849725183e-09
1.93303252917e-07
3.12590363629e-07
1.46758064099e-08
2.16848006805e-09
6.37987262621e-08
7.63259936933e-09
1.89039802661e-07
3.06936352693e-07
1.57165400979e-08
1.92550108234e-09
6.23789493077e-08
7.43121046209e-09
1.85140238508e-07
3.02396064909e-07
1.49033563546e-08
1.73288910525e-09
6.12060939652e-08
6.17250328437e-09
1.82430306384e-07
2.98681132873e-07
1.29252587156e-08
1.78156750646e-09
5.9991860409e-08
6.75352441736e-09
1.79207857935e-07
2.94643493722e-07
1.3838116847e-08
1.93149829933e-09
5.86852294417e-08
7.65141495844e-09
1.75414974895e-07
2.89681238777e-07
1.60346176653e-08
2.54768458435e-09
5.69209913323e-08
9.83020341878e-09
1.70555666913e-07
2.82406378938e-07
2.13859819046e-08
3.00011612006e-09
5.48782556458e-08
1.20626034358e-08
1.64423990816e-07
2.73339697695e-07
2.62445941289e-08
3.65715936224e-09
5.22425899877e-08
1.44268377927e-08
1.56759035268e-07
2.60484694274e-07
3.25783290858e-08
4.18508602485e-09
1.63846892351e-08
3.63240383239e-08
2.72669791657e-07
-2.49526026573e-07
2.50154058244e-07
2.40537869831e-08
2.54911593191e-07
2.05899127923e-08
2.74777036234e-07
-1.44047056779e-08
2.95363407923e-07
-1.81001623493e-08
3.14101733107e-07
-1.54918103552e-08
3.30752908616e-07
-1.36062155016e-08
3.46007828382e-07
-1.24858906719e-08
3.5908019702e-07
-9.60789523011e-09
3.69606301127e-07
-6.2340496857e-09
3.77350955537e-07
1.03364983528e-10
3.81703491709e-07
7.54896458936e-09
3.82984898261e-07
1.29947351983e-08
3.81110598383e-07
1.8421345908e-08
3.77231604179e-07
2.45197136276e-08
3.72813038484e-07
2.52605139106e-08
3.68895813494e-07
2.24518146678e-08
3.66009284022e-07
1.91534598495e-08
3.62194082525e-07
2.19137611209e-08
3.58743385481e-07
2.07924262773e-08
3.55220623941e-07
2.26756497087e-08
3.51493001383e-07
2.24616723903e-08
3.49094971288e-07
1.91644748164e-08
3.46109811711e-07
2.07033431955e-08
3.42036777513e-07
2.45559162434e-08
3.3526776922e-07
3.37134567238e-08
3.25181866753e-07
4.28226940859e-08
3.11278393051e-07
5.30277494809e-08
5.90420515746e-08
-1.19164049818e-07
1.13128309568e-06
-3.48848978946e-07
1.84657025279e-06
-6.79892229873e-07
2.70135163398e-06
-1.20446692672e-06
3.82781263966e-06
-1.76610993743e-06
5.0141085829e-06
-2.50728965177e-06
6.60310558546e-06
-3.21437100975e-06
8.29119672972e-06
-3.98665479708e-06
1.04538529976e-05
-4.67104777632e-06
1.29132408447e-05
-5.29948428728e-06
1.59431709696e-05
-5.79287846893e-06
1.95384513986e-05
-6.13363905076e-06
2.3886481076e-05
-6.27734151645e-06
2.91089047484e-05
-6.18085867881e-06
3.53814324738e-05
-5.85112691555e-06
4.29625127394e-05
-5.14745513894e-06
5.1959215196e-05
-4.25300271674e-06
6.3000296992e-05
-2.82579467417e-06
7.59099996304e-05
-1.78739442073e-06
9.23601114111e-05
0.00011078149112
6.64228524901e-08
1.10745393786e-06
-3.3319431318e-07
2.33621048295e-06
-5.66278323307e-07
3.08024048882e-06
-1.04066193699e-06
4.51239398913e-06
-1.47846494527e-06
5.73924719737e-06
-2.04967261125e-06
7.55528705115e-06
-2.60684509034e-06
9.34294497981e-06
-3.20144817609e-06
1.16814231078e-05
-3.70849947189e-06
1.42216457612e-05
-4.17326566061e-06
1.74139982023e-05
-4.52142020922e-06
2.11408075016e-05
-4.75448643746e-06
2.5673702967e-05
-4.83434358512e-06
3.11048969926e-05
-4.73390262555e-06
3.76328373542e-05
-4.44375800891e-06
4.55467764473e-05
-3.88637193476e-06
5.49035104351e-05
-3.14948856461e-06
6.65206946036e-05
-2.0355975434e-06
7.99596831086e-05
-1.55071862059e-06
9.81190838177e-05
0.000116752928663
-8.69810970562e-09
1.03148454024e-06
-6.16019916639e-08
2.34994482473e-06
-1.83453838643e-07
3.20121930232e-06
-5.79822895883e-07
4.99575710787e-06
-9.3158335224e-07
6.24747827516e-06
-1.40461917462e-06
8.25603260283e-06
-1.79611569137e-06
1.00397033199e-05
-2.19359931995e-06
1.2474017117e-05
-2.50564764481e-06
1.50356264345e-05
-2.78233513634e-06
1.832134825e-05
-2.9777951619e-06
2.21227373788e-05
-3.10251397635e-06
2.67730569422e-05
-3.12920198793e-06
3.23332902263e-05
-3.04354165208e-06
3.90227371671e-05
-2.8322578647e-06
4.71401798226e-05
-2.45786082528e-06
5.67289110809e-05
-1.94358339226e-06
6.86807939467e-05
-1.19918588179e-06
8.24590056034e-05
-1.02862571682e-06
0.000101870264532
0.00012045258265
-3.35994627322e-07
9.25652346832e-07
-2.20806068752e-07
1.8603294895e-06
-6.48717552228e-07
3.22995592581e-06
-8.04989838974e-07
4.93591423676e-06
-1.28964602208e-06
6.69628317781e-06
-1.68407245101e-06
8.80242861084e-06
-2.10201595911e-06
1.07490104587e-05
-2.49455342669e-06
1.32833893735e-05
-2.79198409025e-06
1.58764569898e-05
-3.03798057824e-06
1.9253806697e-05
-3.20312648366e-06
2.31448558805e-05
-3.29686793944e-06
2.7929069857e-05
-3.291926544e-06
3.36382388922e-05
-3.17463433218e-06
4.05142785326e-05
-2.92388089709e-06
4.88581377354e-05
-2.50807063578e-06
5.87138123205e-05
-1.89728948796e-06
7.09885791809e-05
-1.06076175355e-06
8.51620704743e-05
4.78127800693e-07
0.000104609802825
0.000124281684949
1.74343782692e-06
2.78742694021e-07
6.25081967569e-07
5.16548142269e-07
1.26734106379e-06
2.24887806946e-07
2.77274136118e-06
-4.3969702263e-07
4.6062222356e-06
-1.30116316434e-06
6.88284965582e-06
-1.84993805072e-06
9.05469827278e-06
-2.41719041986e-06
1.13789168412e-05
-2.74078531066e-06
1.39580890767e-05
-3.03752055867e-06
1.67243044569e-05
-3.23092835174e-06
2.01663792234e-05
-3.3515335952e-06
2.41672611742e-05
-3.40235493821e-06
2.90985267065e-05
-3.3606210303e-06
3.49759804453e-05
-3.21171895845e-06
4.2059700308e-05
-2.92533120362e-06
5.06456104903e-05
-2.47923398088e-06
6.07971131806e-05
-1.7851255924e-06
7.33695154248e-05
-8.50480574123e-07
8.7955885103e-05
1.32098565347e-06
0.000106946076331
0.000126144082608
4.80709074643e-06
5.40053043285e-08
5.81115327931e-07
7.97718794746e-08
1.00391814656e-06
-2.00268622096e-07
2.33902605829e-06
-9.14557867709e-07
4.05013272391e-06
-1.81116626745e-06
6.5265704901e-06
-2.43163304625e-06
8.7182567731e-06
-2.98720471757e-06
1.15682883022e-05
-3.19342826794e-06
1.43398617621e-05
-3.41466901898e-06
1.74639599929e-05
-3.53587247732e-06
2.10259485669e-05
-3.6087848495e-06
2.51785882205e-05
-3.61059112463e-06
3.02670760824e-05
-3.52711373715e-06
3.63318781996e-05
-3.34019075163e-06
4.36406020911e-05
-3.01165724886e-06
5.24810439131e-05
-2.52629683098e-06
6.29512815073e-05
-1.75557279933e-06
7.58079013806e-05
-7.33279504285e-07
9.08237502963e-05
1.57713626664e-06
0.000109340005296
0.000128170052829
5.1651683555e-06
-6.23069000796e-08
6.23080805263e-07
-7.21558435856e-08
9.06510687031e-07
-4.04087320396e-07
2.04832772803e-06
-1.21733942112e-06
3.60708068964e-06
-2.12924656598e-06
5.88977851997e-06
-2.98894840351e-06
8.16679211336e-06
-3.55090921592e-06
1.13751912037e-05
-3.74883474263e-06
1.4497883156e-05
-3.90590068379e-06
1.80661205468e-05
-3.95169655342e-06
2.18098261773e-05
-3.97140510062e-06
2.61638907693e-05
-3.91773510001e-06
3.14214870471e-05
-3.78534262476e-06
3.76918136604e-05
-3.55240782584e-06
4.5240814827e-05
-3.17516517534e-06
5.43476941219e-05
-2.64386666723e-06
6.51572170241e-05
-1.80664555843e-06
7.82988835362e-05
-7.22744336594e-07
9.37740671134e-05
1.56634664218e-06
0.000111928801293
0.0001307237369
4.86232742939e-06
-7.10792049777e-08
6.71904711625e-07
-1.33756081674e-07
9.19646640722e-07
-4.93769144148e-07
1.84899770894e-06
-1.30718088886e-06
3.25944793935e-06
-2.28407690665e-06
5.29891952752e-06
-3.32272764306e-06
7.67313750298e-06
-3.96724239398e-06
1.10685035537e-05
-4.28410934908e-06
1.45871001282e-05
-4.41819663176e-06
1.85381273787e-05
-4.42720362329e-06
2.25274881454e-05
-4.40012008811e-06
2.7120422542e-05
-4.28886067739e-06
3.25579859579e-05
-4.10062823029e-06
3.90490774717e-05
-3.81476424503e-06
4.68543207734e-05
-3.38502007019e-06
5.62427248644e-05
-2.80566351496e-06
6.74137864129e-05
-1.91625660632e-06
8.0858075934e-05
-7.98287649967e-07
9.68365568838e-05
1.33234780314e-06
0.0001148513755
0.000134046154521
4.07080161786e-06
-7.00916293567e-08
7.23945323652e-07
-1.53762108527e-07
9.65211467936e-07
-4.83424901642e-07
1.69876051826e-06
-1.25177580426e-06
2.9869502809e-06
-2.29208512166e-06
4.88264450663e-06
-3.43548561049e-06
7.3419204435e-06
-4.24400573712e-06
1.08190016483e-05
-4.74311803557e-06
1.46632976078e-05
-4.92141028055e-06
1.89004662882e-05
-4.93805800823e-06
2.31860016327e-05
-4.87867588068e-06
2.80516726465e-05
-4.70352777502e-06
3.36705727778e-05
-4.45362605458e-06
4.0401458593e-05
-4.11008438526e-06
4.84817064903e-05
-3.62636825785e-06
5.81710753939e-05
-2.99959814361e-06
6.97290043377e-05
-2.07228190723e-06
8.35086947264e-05
-9.39301598809e-07
0.000100041549856
1.03490267762e-06
0.000118119661406
0.000138121980741
3.23444027705e-06
-7.17528473453e-08
7.80761788789e-07
-1.5932365592e-07
1.02168673193e-06
-4.25394735651e-07
1.60989515452e-06
-1.13509085527e-06
2.78262247146e-06
-2.20152152701e-06
4.60588335845e-06
-3.42955215997e-06
7.1173044559e-06
-4.44754590443e-06
1.05964877556e-05
-5.15092644782e-06
1.46729864457e-05
-5.43146798529e-06
1.91458265185e-05
-5.48485305011e-06
2.37723306648e-05
-5.38142652354e-06
2.89284899442e-05
-5.15765892807e-06
3.47725783382e-05
-4.84426664768e-06
4.17497737258e-05
-4.44006924544e-06
5.01246377141e-05
-3.90272442824e-06
6.0138884842e-05
-3.22939276726e-06
7.21103160956e-05
-2.27491872541e-06
8.62693112217e-05
-1.13519298418e-06
0.000103406992976
6.77514068138e-07
0.000121750772605
0.000142819092982
2.4846806656e-06
-7.43564991147e-08
8.42055561171e-07
-1.68622087317e-07
1.08836645477e-06
-3.65594588567e-07
1.6169307394e-06
-9.95289091898e-07
2.62581731779e-06
-2.06215471373e-06
4.39198557433e-06
-3.38409748117e-06
6.89877460303e-06
-4.62452527552e-06
1.03098313307e-05
-5.54517656536e-06
1.45454818723e-05
-5.967635091e-06
1.92496862578e-05
-6.06951442297e-06
2.42527123176e-05
-5.92548117114e-06
2.97273013941e-05
-5.65360845111e-06
3.58577646043e-05
-5.27763032314e-06
4.30949083551e-05
-4.81069513392e-06
5.17833979719e-05
-4.22052478826e-06
6.21504263937e-05
-3.50096238511e-06
7.45621004657e-05
-2.52566877737e-06
8.9150893687e-05
-1.37749086312e-06
0.000106936773219
2.75998071068e-07
0.000125749115861
0.000147971207222
1.86648531777e-06
-6.91021490562e-08
9.01584608536e-07
-1.56940906236e-07
1.1534814123e-06
-3.25872294864e-07
1.65748466996e-06
-8.54992853561e-07
2.49708430121e-06
-1.89725773178e-06
4.18298368388e-06
-3.29378945053e-06
6.62713237257e-06
-4.75822603701e-06
9.95284193618e-06
-5.89685192032e-06
1.42599639136e-05
-6.50244521924e-06
1.9219017124e-05
-6.66816592984e-06
2.45985959521e-05
-6.51013983711e-06
3.04391625929e-05
-6.18596004913e-06
3.69095039764e-05
-5.75334277914e-06
4.44403235267e-05
-5.22237744017e-06
5.34574791542e-05
-4.5812879607e-06
6.42097093072e-05
-3.81613621172e-06
7.70878274982e-05
-2.8214921364e-06
9.21581375116e-05
-1.65608148299e-06
0.000110625786607
-1.20719150994e-07
0.000130078150542
0.000153466203895
1.36756341941e-06
-6.30942028971e-08
9.58844938068e-07
-1.47199282137e-07
1.2203152007e-06
-2.95516092824e-07
1.71333463609e-06
-6.99269102298e-07
2.42208783767e-06
-1.6834790909e-06
3.97170027002e-06
-3.13414300616e-06
6.32933674534e-06
-4.77781494649e-06
9.56247656065e-06
-6.15857569073e-06
1.38858384525e-05
-6.9890880816e-06
1.90916506609e-05
-7.25882978672e-06
2.48170921155e-05
-7.11988417799e-06
3.10596655442e-05
-6.73977830278e-06
3.7906172311e-05
-6.25879440933e-06
4.57894504663e-05
-5.66841202943e-06
5.51514012538e-05
-4.97996642947e-06
6.63219201231e-05
-4.17131191558e-06
7.96922510437e-05
-3.15613847397e-06
9.52930602023e-05
-1.96079362207e-06
0.000114464700951
-4.64072852222e-07
0.000134662855421
0.000159238815844
9.85928124716e-07
-5.41687875004e-08
1.01382208751e-06
-1.36538690819e-07
1.28992455326e-06
-2.75398957538e-07
1.78062503735e-06
-5.72086937447e-07
2.43869775577e-06
-1.44597063022e-06
3.75297013852e-06
-2.91416559031e-06
6.03386327762e-06
-4.68923513729e-06
9.17405604651e-06
-6.31138170144e-06
1.34780935845e-05
-7.38345362482e-06
1.88845331997e-05
-7.8026107857e-06
2.49298680566e-05
-7.71531556857e-06
3.15877824695e-05
-7.29663893843e-06
3.88428147446e-05
-6.77535885876e-06
4.71429797165e-05
-6.13658790872e-06
5.68750831591e-05
-5.40770795904e-06
6.84950518739e-05
-4.56086079617e-06
8.23829677355e-05
-3.52296075163e-06
9.85563683254e-05
-2.28560644504e-06
0.000118444286933
-7.84021851521e-07
0.000139462271819
0.000165207918321
7.05926603551e-07
-3.98167976749e-08
1.06191243254e-06
-1.13265144745e-07
1.35558847262e-06
-2.31491628641e-07
1.84305003941e-06
-4.68126830914e-07
2.4756475691e-06
-1.19008325473e-06
3.53998995419e-06
-2.6270994207e-06
5.73356860911e-06
-4.48289000841e-06
8.7695436272e-06
-6.35307179193e-06
1.30638494595e-05
-7.67739217618e-06
1.85970111546e-05
-8.28190228828e-06
2.49534676427e-05
-8.268908274e-06
3.20208749656e-05
-7.84241186169e-06
3.97261454136e-05
-7.27558266818e-06
4.84849473429e-05
-6.60779179402e-06
5.86450656187e-05
-5.8515326536e-06
7.07418428863e-05
-4.97647566081e-06
8.51709274394e-05
-3.91519506374e-06
0.00010194891773
-2.62363543336e-06
0.000122553433074
-1.07234818801e-06
0.000144431069002
0.000171294722128
5.28575777978e-07
-2.54130550421e-08
1.10104271382e-06
-9.0318027212e-08
1.41744373826e-06
-1.95999827981e-07
1.9050889494e-06
-3.96043938121e-07
2.52483648437e-06
-9.16031874415e-07
3.40151373577e-06
-2.21064252371e-06
5.37712799283e-06
-4.15571502017e-06
8.34604097933e-06
-6.234141721e-06
1.25860701924e-05
-7.83251198761e-06
1.82136346222e-05
-8.65089091015e-06
2.48857933209e-05
-8.72032048789e-06
3.23568825825e-05
-8.31297108081e-06
4.05570719571e-05
-7.72341249566e-06
4.98204462517e-05
-7.05713888992e-06
6.04852575638e-05
-6.29476868084e-06
7.30802866372e-05
-5.40836080687e-06
8.80712500118e-05
-4.32683094395e-06
0.000105472501661
-2.97151239548e-06
0.000126780443979
-1.33532966373e-06
0.000149529007646
0.000177430114374
4.27820403205e-07
-1.07995640317e-08
1.13137747335e-06
-6.52285748591e-08
1.47274593303e-06
-1.55278483353e-07
1.96082210815e-06
-3.19950606648e-07
2.56798815477e-06
-6.78960590237e-07
3.35508170321e-06
-1.74001848371e-06
4.93039922042e-06
-3.67421558631e-06
7.78511416364e-06
-5.93133530864e-06
1.19405116363e-05
-7.83379443016e-06
1.76982719165e-05
-8.85690782032e-06
2.4671674295e-05
-9.03336311643e-06
3.26053533294e-05
-8.67971914231e-06
4.13509874677e-05
-8.0858369251e-06
5.11505062803e-05
-7.44202675983e-06
6.24045489796e-05
-6.71561222893e-06
7.55437365335e-05
-5.84540388762e-06
9.11046837268e-05
-4.7536367713e-06
0.00010913064083
-3.32605583904e-06
0.000131108871653
-1.56592910527e-06
0.000154703764459
0.00018354042256
3.98071539839e-07
4.30044300429e-09
1.15370789545e-06
-4.68007108052e-08
1.52830149056e-06
-1.24080283971e-07
2.01367811929e-06
-2.44386625229e-07
2.59259859137e-06
-4.88109482091e-07
3.30584793761e-06
-1.21381052588e-06
4.47933140722e-06
-2.95797418841e-06
7.06276744382e-06
-5.35988652565e-06
1.11315985593e-05
-7.54160729106e-06
1.69988704047e-05
-8.79798974846e-06
2.42976609686e-05
-9.08941635458e-06
3.27551749298e-05
-8.80257410845e-06
4.21066022517e-05
-8.28128273528e-06
5.25334984705e-05
-7.69651096906e-06
6.4415915209e-05
-7.07748046985e-06
7.81838348063e-05
-6.27336005348e-06
9.43044921255e-05
-5.19416841837e-06
0.00011292985443
-3.69490257516e-06
0.000135520853545
-1.79295930622e-06
0.000159908605749
0.000189535901959
3.97373068357e-07
7.19625904614e-09
1.1755765028e-06
-4.10167608186e-08
1.58435117056e-06
-1.10917565637e-07
2.06942371628e-06
-2.01735100286e-07
2.61195695575e-06
-3.65670358091e-07
3.2529926274e-06
-7.79523079822e-07
4.19775187499e-06
-2.11816074671e-06
6.24241529252e-06
-4.44981665289e-06
1.01414714038e-05
-6.78067533453e-06
1.61132223802e-05
-8.27272979155e-06
2.38518765993e-05
-8.72184999538e-06
3.28783334451e-05
-8.605285594e-06
4.29240790613e-05
-8.24853911146e-06
5.40214134352e-05
-7.8375574789e-06
6.65831369071e-05
-7.35761182977e-06
8.09888813655e-05
-6.68343159681e-06
9.76977024576e-05
-5.66175165314e-06
0.000116879273434
-4.09711883965e-06
0.000139983838248
-2.0154853951e-06
0.000165050595547
0.000195215600727
4.98195759941e-07
7.24262955197e-09
1.19684824471e-06
-3.36898710551e-08
1.63689717004e-06
-8.78021337844e-08
2.12083825931e-06
-1.46301626224e-07
2.62617795846e-06
-2.21663619823e-07
3.184487189e-06
-4.40775339401e-07
3.98433131512e-06
-1.32496950742e-06
5.52191240834e-06
-3.30689994609e-06
9.2312924294e-06
-5.58240462291e-06
1.5202495899e-05
-7.19164259023e-06
2.34562887636e-05
-7.81422018399e-06
3.31393947023e-05
-7.93960790505e-06
4.38914718608e-05
-7.88757788776e-06
5.56781326786e-05
-7.78761041948e-06
6.89379397329e-05
-7.56035913032e-06
8.39795140811e-05
-7.05685817201e-06
0.000101245635114
-6.13928396557e-06
0.000120952097222
-4.55012330256e-06
0.000144462725497
-2.2882789524e-06
0.000170028629602
0.000200413111533
5.60789265951e-07
9.01076477764e-09
1.21569640291e-06
-2.1630040163e-08
1.68360859467e-06
-5.97499765292e-08
2.1685139736e-06
-9.71135639852e-08
2.64785004051e-06
-1.48252405896e-07
3.16159881681e-06
-2.9289234434e-07
3.89667441065e-06
-8.13380189644e-07
5.16077424002e-06
-2.08985267321e-06
8.57709737584e-06
-3.76752166299e-06
1.46225121046e-05
-5.20287133495e-06
2.34508453799e-05
-6.08939029239e-06
3.37743313767e-05
-6.67447390425e-06
4.51796586649e-05
-7.14708394926e-06
5.75871017317e-05
-7.57629987111e-06
7.15200581721e-05
-7.76679398321e-06
8.71359082241e-05
-7.54707063811e-06
0.000104904242213
-6.75802459383e-06
0.000125033741689
-5.10205938052e-06
0.000148782644344
-2.58657312523e-06
0.000174620037076
0.000204873463092
6.5390725673e-07
1.9088969469e-08
1.23000698338e-06
4.71809404685e-09
1.71867787268e-06
-1.47412795041e-08
2.20909749101e-06
-2.9597407308e-08
2.67359261102e-06
-5.08504257459e-08
3.1726853917e-06
-1.10316284154e-07
3.88870147814e-06
-3.60709771231e-07
5.08763780262e-06
-1.13829636175e-06
8.62575125868e-06
-1.93962251523e-06
1.47724056768e-05
-2.73445926738e-06
2.39225242688e-05
-3.85824597652e-06
3.49385537689e-05
-5.03341999227e-06
4.67799038073e-05
-6.17263217615e-06
5.96201084759e-05
-7.21492280251e-06
7.40962987402e-05
-7.93546972245e-06
9.02427099084e-05
-8.09780265066e-06
0.000108467615449
-7.51232921326e-06
0.000128946874028
-5.79553327791e-06
0.000152733804032
-3.02209437437e-06
0.000178635404937
0.00020838600358
5.98416404216e-07
3.01054913448e-08
1.234701255e-06
3.30981818057e-08
1.74014088289e-06
3.45784032246e-08
2.23793431881e-06
3.61954364495e-08
2.70652532238e-06
3.85377485453e-08
3.22633866806e-06
4.31558996121e-08
4.00058863492e-06
-3.67927751872e-08
5.5090790989e-06
8.26531302052e-08
9.53882096334e-06
3.09793480395e-07
1.57448259737e-05
-3.70215137315e-07
2.53523703751e-05
-1.65128322442e-06
3.62721342546e-05
-3.41668246173e-06
4.83152043592e-05
-5.27497287702e-06
6.13441805151e-05
-7.01251693817e-06
7.61789055025e-05
-8.42024252457e-06
9.28483746775e-05
-9.067238981e-06
0.000111472694063
-8.6999953499e-06
0.000132248394131
-6.87722005155e-06
0.00015595617623
-3.73002859109e-06
0.000181701956997
0.00021061249261
4.21207872046e-07
3.81474089468e-08
1.23489040132e-06
4.50167548621e-08
1.75976782437e-06
3.75164625806e-08
2.28239871593e-06
4.05394594156e-09
2.79942155613e-06
-5.6678335053e-08
3.42291033676e-06
-1.11320500619e-07
4.38129911634e-06
2.11851222734e-07
6.5543795104e-06
1.29578222011e-06
1.12015254052e-05
2.20425103059e-06
1.77989233274e-05
1.69262166931e-06
2.75167640115e-05
-2.15818369136e-08
3.77407356043e-05
-2.14541645444e-06
4.89036241641e-05
-4.60116489704e-06
6.18821589999e-05
-6.88441616886e-06
7.66925717739e-05
-8.88611962493e-06
9.38068118888e-05
-1.0081419629e-05
0.000112966553596
-1.00345883827e-05
0.00013420351722
-8.1745570284e-06
0.000157953519599
-4.63185622519e-06
0.000183515489249
0.000211531759094
-4.08918672615e-08
3.76071898748e-08
1.2357577868e-06
3.92142621184e-08
1.78532668431e-06
1.2354021189e-08
2.35415308615e-06
-5.53040803806e-08
2.96477780205e-06
-1.5389621667e-07
3.77209384559e-06
-1.76265215664e-07
4.99569858854e-06
7.67928894853e-07
8.07677817995e-06
2.69736020398e-06
1.30631535045e-05
3.39504856029e-06
2.025715291e-05
3.0333236024e-06
2.85837001037e-05
1.29378251806e-06
3.77299602591e-05
-1.16526437122e-06
4.78992394207e-05
-4.01097264694e-06
6.01314964858e-05
-6.91043791409e-06
7.45640647994e-05
-9.65933230449e-06
9.18277071811e-05
-1.16657731023e-05
0.000111641770768
-1.21508828022e-05
0.000133619540701
-1.05091923111e-05
0.000158019241921
-6.24879965278e-06
0.000183322800422
0.000210507151655
-5.91760734684e-07
3.20512358024e-08
1.23851634272e-06
2.50717112622e-08
1.82125618326e-06
-1.84994520015e-08
2.45759155224e-06
-1.0173707515e-07
3.19765475165e-06
-1.86278654734e-07
4.21554405945e-06
4.20590210038e-08
5.83374802184e-06
1.39182537338e-06
9.63496146381e-06
3.06708302955e-06
1.4624861645e-05
3.7095796472e-06
2.11229271069e-05
3.19084921561e-06
2.78088563634e-05
1.50735913873e-06
3.55781541792e-05
-8.23746013655e-07
4.43405746181e-05
-3.53939797874e-06
5.50967092448e-05
-6.4995235111e-06
6.84622353876e-05
-9.61294317114e-06
8.52511169168e-05
-1.25170880048e-05
0.000105730395717
-1.37296965973e-05
0.000128671414624
-1.23974893748e-05
0.000154615813212
-7.72505075801e-06
0.000180649400445
0.000207761157327
-1.24732720228e-06
3.42930324709e-08
1.2413275593e-06
3.04351857165e-08
1.85993544905e-06
-4.7823157201e-09
2.5728880364e-06
-6.64086312702e-08
3.44168101294e-06
-8.88391557901e-08
4.59827314168e-06
4.72427389328e-07
6.62095159133e-06
1.99573252886e-06
1.03865012565e-05
3.2701685857e-06
1.48675619668e-05
3.77369729723e-06
1.9935339505e-05
3.14081278425e-06
2.52538885196e-05
1.78879636552e-06
3.13446418361e-05
-1.60518007213e-07
3.84658648269e-05
-2.436401398e-06
4.71683376702e-05
-5.20194512328e-06
5.87551889387e-05
-8.41699243885e-06
7.39986439904e-05
-1.18886446642e-05
9.40570464439e-05
-1.47835399206e-05
0.000118472089039
-1.46401252501e-05
0.000146505198182
-9.98862278834e-06
0.000174658384396
0.000202757635927
-2.30540373505e-06
4.74733818396e-08
1.23812207528e-06
6.28623235782e-08
1.8884964579e-06
6.99676167789e-08
2.66136631118e-06
8.90588114888e-08
3.60523506378e-06
2.06756464578e-07
4.78336029319e-06
9.69156607237e-07
6.93939266282e-06
2.24945850471e-06
1.02004021421e-05
3.11403921623e-06
1.38524521929e-05
3.28334808806e-06
1.75690937232e-05
2.65294972663e-06
2.1610028341e-05
1.5973023528e-06
2.60619488006e-05
3.23339469467e-07
3.13148663475e-05
-1.08694517696e-06
3.77760709688e-05
-2.76391336121e-06
4.68531969238e-05
-5.14070676286e-06
5.96504307975e-05
-8.51300843879e-06
7.78334532218e-05
-1.23733828886e-05
0.000102364255828
-1.4460365033e-05
0.000133013700413
-1.14565156417e-05
0.00016518550401
0.000195555919788
-3.05276223523e-06
7.28444939701e-08
1.22331382905e-06
1.22638674077e-07
1.88951731799e-06
1.9242875753e-07
2.68792767195e-06
3.16160590589e-07
3.63711995671e-06
5.75710925445e-07
4.74392788023e-06
1.4293827342e-06
6.6512613624e-06
2.37874867364e-06
9.34969857839e-06
2.8929976182e-06
1.21442593244e-05
2.76123773622e-06
1.48375096767e-05
2.28177018209e-06
1.75977086297e-05
1.7778427837e-06
2.05193171189e-05
1.32115651408e-06
2.41396978345e-05
7.35401936352e-07
2.89216648521e-05
-9.65628292913e-08
3.5870467965e-05
-1.26879269244e-06
4.57271095325e-05
-3.36560349635e-06
6.07451752663e-05
-7.06134443348e-06
8.31017380805e-05
-1.16888714867e-05
0.000115194347437
-1.09155011847e-05
0.000151841521676
0.000187583465814
-3.70896358927e-06
1.00399849111e-07
1.19279401602e-06
1.84762520062e-07
1.85595633324e-06
3.12125420877e-07
2.64445822314e-06
5.1394058456e-07
3.55464602097e-06
8.49288484581e-07
4.55793688814e-06
1.6054417219e-06
6.0516152694e-06
2.34864869924e-06
8.16243335375e-06
2.6657371886e-06
1.02035462198e-05
2.51430467358e-06
1.20561699949e-05
2.15249213956e-06
1.39098773206e-05
1.80131264941e-06
1.59163587184e-05
1.66676260904e-06
1.84254990325e-05
2.0303780465e-06
2.16249023006e-05
2.88132733979e-06
2.65151775089e-05
3.34996980199e-06
3.45905425464e-05
2.62559870891e-06
4.74365598658e-05
5.80634024676e-08
6.7068281935e-05
-4.17678143563e-06
9.59842814959e-05
-7.76508610177e-06
0.000137334227734
0.000179924454058
-3.18833170387e-06
1.29218583984e-07
1.14237589969e-06
2.47078638463e-07
1.78186397984e-06
4.24718133492e-07
2.53138369383e-06
6.8834018994e-07
3.37416247449e-06
1.0636771232e-06
4.27258704573e-06
1.66958010227e-06
5.36932450838e-06
2.15636440626e-06
6.96442382185e-06
2.21323662128e-06
8.47237160579e-06
1.94129886102e-06
9.79557343018e-06
1.78766995625e-06
1.09771888623e-05
2.32347692518e-06
1.19644295355e-05
3.32275243868e-06
1.37357230585e-05
4.48675491839e-06
1.65511456013e-05
5.47392648196e-06
6.54787051555e-06
7.69723302025e-06
6.75041530647e-06
2.843854476e-06
-1.04573718755e-06
-1.95073135356e-06
1.39184768262e-07
2.64834653209e-07
4.49432047738e-07
7.08298888032e-07
1.03829486499e-06
1.43680372574e-06
1.94543849671e-06
2.41840665712e-06
3.03059269874e-06
3.82846513778e-06
4.54177581977e-06
5.17797305556e-06
-2.30080037799e-06
4.94967459474e-06
-1.23539698552e-06
1.11839035538e-06
9.73565723857e-06
1.02993581225e-06
2.82539198966e-06
1.33065876722e-05
5.06948889873e-06
2.93449001e-06
1.65358317938e-05
9.27779488316e-06
2.54903369612e-06
1.94034404122e-05
1.31429365537e-05
2.07532898862e-06
2.19479932666e-05
1.65709549134e-05
1.59193836117e-06
2.42644394761e-05
1.95465779922e-05
1.22170603709e-06
2.6368548322e-05
2.21765748937e-05
9.22371616166e-07
2.8303113962e-05
2.45218662147e-05
6.93867516982e-07
3.01055956012e-05
2.66392926325e-05
5.28181276377e-07
3.18013745997e-05
2.85726681174e-05
4.2538272665e-07
3.34112794636e-05
3.03605118175e-05
3.66704240979e-07
3.4942290869e-05
3.2017825316e-05
3.55815251039e-07
3.63885754054e-05
3.35608091851e-05
3.62017156329e-07
3.77278747003e-05
3.49742005818e-05
4.23344493343e-07
3.8972828623e-05
3.62834233789e-05
4.63726417742e-07
4.00696757873e-05
3.74410729574e-05
5.20437856298e-07
4.10131037085e-05
3.84487978791e-05
5.00895114066e-07
4.17223370453e-05
3.92276771838e-05
4.29679897086e-07
4.21566740461e-05
3.97460239975e-05
2.28148856765e-07
4.22456281276e-05
3.99323126535e-05
-5.20915367865e-08
4.20233056816e-05
3.97839028171e-05
-3.6372926249e-07
4.15640033557e-05
3.93592235046e-05
-8.92531183877e-07
4.06825858315e-05
3.84864388854e-05
-1.28888708538e-06
3.95646837903e-05
3.7330034042e-05
-1.72014458418e-06
3.82239660325e-05
3.58176620339e-05
-1.50102118877e-06
3.71569475665e-05
3.46019924232e-05
-1.02113377636e-06
)
;

boundaryField
{
    inletfuel
    {
        type            calculated;
        value           nonuniform List<scalar> 3(-8.46740245885e-08 -2.53999737528e-07 -4.23402479999e-07);
    }
    inletair
    {
        type            calculated;
        value           nonuniform List<scalar> 
20
(
-9.00388487875e-07
-1.43829049475e-06
-2.10835656809e-06
-2.9378836023e-06
-3.95948124084e-06
-5.21204307331e-06
-6.74196481687e-06
-8.60452286192e-06
-1.08655736168e-05
-1.36035131685e-05
-1.69116451369e-05
-2.09009568822e-05
-2.57034306402e-05
-3.14759445995e-05
-3.84048912116e-05
-4.67117289157e-05
-5.66594664298e-05
-6.85606556326e-05
-8.27860027607e-05
-9.97765215174e-05
)
;
    }
    outlet
    {
        type            calculated;
        value           nonuniform 0();
    }
    axis
    {
        type            empty;
        value           nonuniform 0();
    }
    leftside
    {
        type            calculated;
        value           uniform 0;
    }
    burnerwall
    {
        type            calculated;
        value           uniform 0;
    }
    front
    {
        type            wedge;
        value           nonuniform List<scalar> 
814
(
-8.71936472021e-20
-3.17781958188e-18
-1.09970311619e-17
-1.3849501561e-17
-8.03135025293e-18
-4.43276316917e-18
2.37863614314e-19
5.10863113216e-18
5.25125379514e-18
4.65794144056e-18
-4.66261719458e-19
3.91158460038e-18
6.60822273823e-18
1.95744922948e-18
8.74573860256e-19
8.28442721317e-19
1.04532713407e-18
1.27515722524e-18
7.32003707982e-18
4.12453840791e-18
1.36142752035e-18
-1.11825698481e-19
-4.62643848521e-18
-2.94565042254e-18
-5.9886092095e-18
-4.60160440221e-18
-1.06651895724e-17
-4.14347369455e-18
9.2330987984e-19
-1.41238784582e-19
-3.92395598609e-18
-1.09829418561e-17
-9.15220177663e-18
-6.3467787001e-18
-3.86260335714e-18
-1.14538892775e-19
2.71201495282e-18
7.52492603004e-18
1.19556939084e-17
2.84971881951e-18
-1.18925059488e-18
6.37767580208e-19
9.21256239097e-19
1.49364282159e-18
2.2411424665e-18
2.97952631265e-18
3.62987864626e-18
1.18310702205e-17
1.07683094842e-17
4.87614157279e-18
3.8119691042e-18
-6.38576890657e-18
-1.10280084052e-17
-1.75830274701e-17
-1.25752977914e-17
-2.00032477137e-17
-1.03225092018e-17
3.59131331378e-18
-3.74407088932e-19
-1.44195193311e-18
-1.31175866318e-18
2.84401116258e-18
6.20920674655e-18
7.33854022585e-18
5.45003606081e-18
5.39404778071e-18
1.013067633e-17
1.22035578454e-17
7.1508098725e-18
1.78085898339e-18
-1.86943608637e-18
3.93702198772e-19
2.89466239659e-18
4.33074326804e-18
5.40704101288e-18
6.13388292551e-18
1.08921720262e-17
8.94673410654e-18
9.81108983706e-18
7.60675820674e-18
-9.6050168856e-18
-1.46391307004e-17
-2.26659972193e-17
-1.6282505812e-17
-1.46057758827e-17
-4.50339431071e-18
1.20207078955e-17
-3.0913038132e-20
-4.42633010233e-21
1.78169172727e-22
3.4438916921e-20
-2.38177954142e-20
-9.50140911446e-21
5.58103635443e-19
9.61540146572e-20
3.38792278876e-20
-8.94316701219e-18
-3.46322697842e-18
-2.15695450711e-18
-1.59771944999e-18
-7.68796339318e-19
-3.83208025203e-19
-1.19697295492e-19
1.11156049336e-18
3.13731507958e-18
4.30974096418e-18
4.27509381805e-18
3.43491710818e-18
4.14981692729e-18
3.56005833947e-18
6.53331413241e-18
6.49884563617e-18
7.06257812034e-18
7.66908203504e-18
7.17387284712e-18
6.71480610672e-18
8.91008125586e-18
5.17369149546e-18
-9.03857976419e-18
-1.29848301029e-17
-1.72754538153e-17
-6.52169430347e-18
-2.16606825502e-18
3.46295902339e-18
2.2111692833e-17
-6.37193047391e-17
-4.73993203507e-18
-1.271149484e-17
-2.3960799306e-17
-2.34237303634e-17
-2.17995319691e-17
-1.57519342766e-17
-1.06630799942e-17
-9.1734959653e-18
-6.29559927145e-18
-1.04805205635e-18
1.93828271476e-17
3.49213243867e-17
2.46489439911e-17
3.44104519002e-17
3.51104087483e-17
2.80251484373e-17
3.09543695877e-17
2.23317923996e-17
1.65162858591e-17
1.39164045929e-17
4.22248672224e-18
-2.5026609341e-17
-3.84583144524e-17
-2.70658685837e-17
3.13008430186e-17
4.30696093101e-17
4.47897461918e-17
1.16786580093e-16
-1.72013337374e-16
-6.02271173461e-17
-5.369798392e-17
-5.88733429845e-17
-4.65913164947e-17
-2.97732319917e-17
-8.46339700321e-20
8.71134118251e-18
-1.00839785279e-17
-1.16476433984e-17
5.9149954494e-18
2.74640937283e-17
4.60351869177e-17
5.99583911227e-17
6.03685897413e-17
6.85253247702e-17
7.08249386703e-17
6.46120149028e-17
6.33967511558e-17
5.46821965332e-17
2.75350913661e-17
-5.06260568288e-18
-1.73038922693e-17
-2.0479162655e-17
-5.37304409497e-17
-3.73023340638e-17
3.19959280725e-17
6.01459067394e-17
9.33838288021e-17
-7.06774334099e-17
-5.97352176523e-17
-5.08173278139e-17
-4.40461617934e-17
-3.40071743621e-17
9.68490801653e-20
1.23702394168e-17
-3.98639350332e-18
-7.21997098896e-18
1.63162930343e-17
6.5597156567e-17
9.61928467339e-17
1.10499389751e-16
1.24960663869e-16
1.21105702995e-16
1.10254942526e-16
1.1387214853e-16
1.16864667566e-16
9.42424011361e-17
6.53955162466e-17
4.24380433928e-17
2.08291314155e-17
3.44888447312e-17
3.24284940623e-17
1.6146238981e-17
3.51518807546e-17
5.38582579956e-17
6.58800805521e-17
7.94959255672e-17
-3.29399648887e-17
-3.74279816878e-17
-3.32916199802e-17
-2.74094927449e-17
-2.17933185342e-17
-1.40109443512e-17
-6.39452420404e-18
-1.16144835335e-18
4.17985415963e-18
1.20736617645e-17
2.46228453961e-17
5.13189136976e-17
8.36601654354e-17
1.12271065351e-16
1.19453974305e-16
1.13826020226e-16
1.06368610379e-16
9.67821088151e-17
7.96508920984e-17
6.04272261009e-17
4.22557866143e-17
2.75359958386e-17
2.35387516152e-17
2.15684663237e-17
1.94474330946e-17
-3.76837573672e-18
2.98942867796e-17
5.48876319065e-17
3.86765349098e-17
-1.60858907816e-17
-2.22793923401e-17
-2.56430793652e-17
-2.82081032843e-17
-2.81432180427e-17
-2.32634315632e-17
-1.77207066916e-17
-1.18168325597e-17
-6.32278074934e-18
6.2554086166e-19
8.03656946008e-18
1.79447479837e-17
2.79153301084e-17
3.95230345464e-17
4.9262211079e-17
5.02894105103e-17
4.94754747934e-17
4.64094480567e-17
4.06652242047e-17
3.2418682668e-17
2.68339488101e-17
2.15338496314e-17
1.82249762157e-17
1.66628789239e-17
1.58770120112e-17
9.98503630648e-18
1.91396639606e-17
3.38893613892e-17
3.74733945894e-17
-5.1314251955e-18
-1.61904366266e-17
-2.62206794985e-17
-4.05306322427e-17
-4.49034843531e-17
-3.14297774799e-17
-3.02055928012e-17
-2.76752188856e-17
-3.11585008525e-17
-2.61078036954e-17
-2.35209755441e-17
-1.28564350774e-17
-1.36484115883e-17
-8.53606746413e-18
-1.86566833293e-18
-2.72556572768e-17
-2.81074892923e-17
-1.77685754862e-17
-1.22380765527e-17
-9.54428349738e-18
2.00504159835e-17
2.37879836086e-17
2.02679735525e-17
1.86062623207e-17
1.58732371468e-17
1.35962921893e-17
1.59148225244e-17
2.33685281116e-17
2.79375779865e-17
-1.08354152586e-17
-5.78530167353e-17
-7.69106627815e-17
-1.13554869105e-16
-1.11697808043e-16
-5.66415153847e-17
-7.46123475073e-17
-7.38977632472e-17
-9.76920319015e-17
-9.16584213994e-17
-1.04736495617e-16
-7.58863336178e-17
-1.09410593561e-16
-9.75624296541e-17
-7.41902711887e-17
-5.69088189092e-17
-4.33049686281e-17
-3.4998230286e-17
-6.23088259845e-17
-7.00104893537e-17
-7.15312243139e-17
-7.90001427369e-17
-3.15570797513e-17
3.56359933762e-17
4.13920016813e-17
6.75174525536e-17
5.54187881067e-17
4.1680953854e-17
3.23281939312e-17
-2.20239597663e-17
-5.98242032412e-17
-1.02523370888e-16
-1.10322939072e-16
-1.05352521727e-16
-9.49305723788e-17
-8.71547014516e-17
-6.87233971424e-17
-6.43814585377e-17
-8.23081601418e-17
-9.2437236495e-17
-3.30653756257e-17
-4.24862894321e-17
-6.04463708804e-17
-8.02719747599e-17
-7.93736912988e-17
-7.0060071536e-17
-5.96792296188e-17
-7.04128918833e-17
-8.92293295442e-17
-1.17071454374e-16
-1.46992646546e-16
-9.80940410471e-17
-7.9522142926e-17
-1.32647679634e-16
-1.09099797293e-16
-6.66425778213e-17
-2.84343872794e-17
-5.85144107039e-18
-5.47112388189e-17
-5.27712151967e-17
-5.77145935599e-17
-6.64684857705e-17
-7.64398281165e-17
-9.3616577079e-17
-1.0175232791e-16
-3.44673007058e-17
-3.77082388215e-17
-1.22147137447e-16
-1.46477308998e-16
-1.99454850045e-16
-1.90277965475e-16
-1.66558409247e-16
-2.1683559019e-16
-2.06253464992e-16
-1.73896201362e-16
-7.76775740817e-17
-1.38003630474e-16
-1.80967304256e-16
-2.15542979781e-16
-2.44202781754e-16
-2.54159838981e-16
-2.47787840884e-16
-1.85626079046e-16
-1.50553829739e-16
-1.10940488742e-16
-6.60587478344e-17
-3.27528198968e-17
-2.43409439369e-17
-3.13306243748e-17
-4.26867176287e-17
-5.44441085018e-17
-7.58402868128e-17
-1.5749543179e-16
-1.73622811702e-16
-1.61075373303e-16
-1.42450368301e-16
-1.41117000035e-16
-1.61678626925e-16
-1.79254798026e-16
-2.13105452436e-16
-2.23518317326e-16
-2.32972236768e-16
-2.38401609152e-16
-2.3476798251e-16
-2.14853450932e-16
-2.20847206651e-16
-2.44276445046e-16
-2.71976185662e-16
-2.94183565303e-16
-3.66041058665e-16
-3.69142014886e-16
-4.33564287003e-16
-3.57315541789e-16
-2.37897666899e-16
-1.31021530701e-16
-6.04550332606e-17
-1.99749739128e-17
-3.19093214248e-17
-6.56934439921e-17
-8.0337087211e-17
-1.40692213882e-16
-2.08055761602e-16
-2.16551990639e-16
-2.05358214239e-16
-1.83431613509e-16
-1.82004562902e-16
-2.45476663506e-16
-2.6029963779e-16
-3.86583750587e-16
-3.86929074623e-16
-3.66622387356e-16
-3.47887155004e-16
-3.35894197498e-16
-3.32017560094e-16
-4.0773974792e-16
-3.49524180065e-16
-3.28223285592e-16
-3.19106831743e-16
-3.05359043222e-16
-2.76740590249e-16
-2.51106909277e-16
-2.17603642318e-16
-1.647436215e-16
-1.06356342145e-16
-6.14888586888e-17
-6.00236277058e-17
-1.04979077938e-16
-1.15358660265e-16
-1.16873090882e-16
-1.2181496653e-16
-1.34489118246e-16
-1.50414842062e-16
-1.66337727685e-16
-1.29306398156e-16
-1.86881279092e-16
-2.15697478156e-16
-2.40897512677e-16
-2.72492701121e-16
-3.02071319782e-16
-3.76255640621e-16
-3.934852634e-16
-3.87085918385e-16
-4.51657760006e-16
-4.01977404452e-16
-3.73065054582e-16
-3.52718104016e-16
-3.24556955403e-16
-2.85418984486e-16
-2.44139661209e-16
-2.1500783587e-16
-2.73529096419e-16
-2.09952894065e-16
-1.21394532331e-16
-5.73343341484e-17
-4.7083195328e-17
-5.42144049245e-17
-9.95302589123e-17
-1.11374690081e-16
-1.11477361799e-16
-1.12213498332e-16
-1.2219768687e-16
-1.74587748487e-16
-1.84134060578e-16
-1.82504094648e-16
-1.88913178071e-16
-2.49344453296e-16
-2.6694872384e-16
-2.68501498373e-16
-2.20221368044e-16
-2.34576929189e-16
-1.95048971959e-16
-2.23919693032e-16
-2.54212181158e-16
-2.69381784746e-16
-2.68169405039e-16
-2.52230959519e-16
-2.22778967077e-16
-1.88831926801e-16
-1.62142417653e-16
-1.55813643076e-16
-1.32846984103e-16
-9.40134063112e-17
2.47252513189e-18
-1.22550624297e-17
-1.64117911581e-17
-2.09165289278e-17
-2.74317326864e-17
-3.49147515284e-17
-4.59269585953e-17
-1.02571366735e-16
-1.25932951918e-16
-1.37179878907e-16
-1.45749596976e-16
-1.63041635048e-16
-1.85995320645e-16
-1.60503276291e-16
-1.70343911119e-16
-1.89303849211e-16
-2.16980427624e-16
-2.3319963888e-16
-2.46813721275e-16
-2.60527773468e-16
-2.71528039718e-16
-2.75412773676e-16
-2.64478993505e-16
-2.27722059728e-16
-1.85374174888e-16
-1.49335926499e-16
-1.24004431122e-16
-9.64553641163e-17
-6.00050336638e-17
-3.376667956e-18
-1.25290774783e-18
3.33022955116e-17
3.77581394975e-17
3.2241690881e-17
2.10061290397e-17
-3.63760946545e-17
-9.7860636193e-17
-1.11239739353e-16
-1.17640880655e-16
-2.08773272748e-16
-2.67517257027e-16
-2.61266002063e-16
-2.4104244094e-16
-2.30813079584e-16
-3.3512100473e-16
-3.50880516573e-16
-3.47900068433e-16
-3.50787879761e-16
-3.53955449355e-16
-3.49053974565e-16
-3.18882124528e-16
-1.58531280799e-16
-1.00136089313e-16
-9.61656524739e-17
-1.71149886739e-16
-1.35303014149e-16
-6.82890739401e-17
-1.38055552062e-19
-1.00401239799e-18
-2.63488920488e-19
1.21574403801e-18
2.56823187722e-18
2.90568827958e-18
-2.17723667807e-19
-5.06056642512e-18
2.75167668273e-17
2.60951174299e-17
9.19351093843e-17
7.59131974797e-17
4.18146957618e-17
1.00251594486e-17
-1.65136596144e-17
-4.84878484834e-17
-8.3833762818e-17
-2.16518398605e-16
-3.63451138186e-16
-3.88249678438e-16
-3.57479337002e-16
-3.07465545634e-16
-1.44492266905e-16
-9.27042791725e-17
-9.50729163076e-17
-1.87911347635e-16
-1.68367775305e-16
-1.01786935164e-16
-3.45232186039e-17
-3.93562054225e-17
-3.87944522258e-17
-3.73645794716e-17
-3.57642759185e-17
-3.43465464133e-17
-3.32534344603e-17
-3.26588393104e-17
-3.54653912492e-17
-1.11038532103e-16
-1.18278358498e-16
-1.07970606472e-16
-9.6948872009e-17
-9.00352419684e-17
-8.68202199625e-17
-8.70227155422e-17
-8.68569263127e-17
6.84672205298e-18
1.03069647229e-16
8.29204386957e-17
1.23771863934e-16
7.0785825594e-17
-9.28681610708e-17
-1.35117976091e-16
-1.34442075009e-16
-1.40203523009e-16
-1.2846329906e-16
-9.01065042919e-17
2.07264805873e-18
2.1597073336e-18
2.4043625765e-18
2.65137267057e-18
2.9208284748e-18
3.21479575433e-18
3.56878356084e-18
3.87696964607e-18
2.57306449295e-18
-2.0436012136e-18
-7.39728977134e-18
-1.19539522678e-17
-1.58208980785e-17
-1.94379536979e-17
-2.32562608413e-17
-3.05762638624e-17
-3.83106860817e-17
-4.14731097152e-17
-3.98017919116e-17
-3.63126809065e-17
-3.02148572849e-17
-3.1101956788e-17
-4.95525737218e-17
-7.06052679841e-17
-8.56452121752e-17
-1.00494553085e-16
-1.0515701447e-16
-9.50405320561e-17
8.85855597447e-17
9.65422256464e-17
1.22377984475e-16
1.28332306229e-16
1.28184878895e-16
1.27326439132e-16
1.26568754199e-16
1.22377414183e-16
5.3336504277e-17
3.36462661746e-17
3.16073020389e-17
3.29456282349e-17
3.28720299785e-17
3.13434628378e-17
2.61862707084e-17
-6.98764506709e-17
-9.82182992791e-17
-1.00367389896e-16
-9.56807797087e-17
1.39981615232e-17
3.0958658149e-17
2.14096643504e-17
-1.96474337111e-18
-2.32384055699e-17
-4.20869637777e-17
-5.93662008263e-17
-7.70515038815e-17
-9.35173371556e-17
1.74069935055e-18
-4.16149221858e-17
-4.86752458184e-17
-4.57358947071e-17
-4.10795107846e-17
-3.65669351131e-17
-3.30007257366e-17
-3.04303770374e-17
-3.22276396653e-17
-1.05066082047e-16
-1.21248538302e-16
-4.61237191552e-17
-2.32279510057e-17
-2.30042446306e-17
-2.84330099327e-17
-1.21157296409e-16
-1.4633810766e-16
-1.48444360939e-16
-1.48118179762e-16
-1.45692679899e-16
-1.43605813618e-16
-1.51183196566e-16
-3.5298114397e-16
-3.70958186837e-16
-3.27866836049e-16
-2.83525044758e-16
-2.46687410201e-16
-2.19595340601e-16
-4.32326270023e-17
-4.14878840573e-17
-4.69407420763e-17
-3.16306325564e-16
-3.52449374419e-16
-2.14771494059e-16
-5.48021437698e-17
-7.87091088588e-17
-6.42325909113e-17
-1.42403333643e-17
-2.64063329405e-17
-2.49060213371e-17
-4.93308568254e-18
-1.00913545022e-17
-1.03045517121e-17
2.70359746325e-18
-2.76055799208e-19
-1.8628872962e-18
-3.36491646984e-18
-6.60274801476e-18
-6.08205984194e-18
-1.72120251278e-18
-2.10322314543e-17
-1.71367666621e-17
-4.64709546487e-18
-9.81423310053e-17
-5.91465758499e-17
-6.3252832042e-18
-1.84552497581e-17
-1.74514134532e-17
-2.29649313115e-18
-1.59986911261e-17
-1.4462452274e-17
-9.22959354774e-18
-8.46014991371e-17
-5.57084401709e-17
6.76808165634e-18
-6.20984917812e-17
-4.4006927717e-17
-2.90825327302e-18
-8.14551146124e-18
-8.18387104914e-18
-3.89566914024e-18
-3.69460268746e-18
-2.7808671312e-18
2.99457221527e-18
2.24214358925e-18
1.18111716925e-18
-4.19311562684e-18
-3.46145221371e-18
-4.70320342041e-18
-1.32711731479e-18
1.32998078603e-18
1.53090923337e-18
8.59341412818e-18
8.82006771144e-17
6.15107992022e-17
-1.54537037954e-20
4.17418744421e-19
5.4158329668e-19
-4.93973129126e-18
-8.52648094017e-18
-9.87061648765e-18
-1.02103242363e-17
-1.01031769456e-17
-9.85291470744e-18
-9.57020307847e-18
-9.30477162635e-18
-9.26477504477e-18
-1.11786927675e-17
-1.27264502326e-17
-1.22065702903e-17
-1.15475062049e-17
-1.10786215454e-17
-1.07501078351e-17
-1.19521269035e-17
-1.32080207031e-17
-1.44272774353e-17
-1.61832041267e-17
-2.08288473023e-17
-4.33067091276e-17
-4.56175261806e-17
-2.55306239514e-17
-2.30866106083e-17
-2.69769274983e-17
-2.92178997924e-17
-2.97319270421e-17
-2.86626995755e-17
-5.5228793441e-18
-7.26866644919e-18
-8.42430222544e-18
-8.79986055721e-18
-8.89476278753e-18
-8.86351628021e-18
-8.77021846646e-18
-8.65813941709e-18
-8.60552227024e-18
-8.95882347104e-18
-9.41587903747e-18
-9.60238761439e-18
-9.61546728893e-18
-9.50018284199e-18
-9.32139872347e-18
-9.3472034185e-18
-9.59947871951e-18
-1.02639486453e-17
-1.21445090168e-17
-1.80025402835e-17
-4.1216570697e-17
-4.14824970877e-17
-1.6027140162e-17
-1.04164805049e-17
-1.34481501729e-17
-1.60888737541e-17
-1.72660815887e-17
-1.70224343026e-17
)
;
    }
    back
    {
        type            wedge;
        value           nonuniform List<scalar> 
814
(
8.63527903907e-20
3.17799077757e-18
1.09981620248e-17
1.38496758489e-17
8.03006558164e-18
4.43223028524e-18
-2.37707537692e-19
-5.10835672689e-18
-5.25053640946e-18
-4.65649246169e-18
4.68808604303e-19
-3.90784011723e-18
-6.60413049934e-18
-1.95305885132e-18
-8.69749182975e-19
-8.23593834518e-19
-1.04105731719e-18
-1.27161604718e-18
-7.31654120484e-18
-4.12149081008e-18
-1.35823943227e-18
1.1473836271e-19
4.62902518865e-18
2.94822725467e-18
5.99147364429e-18
4.60509505765e-18
1.06695150327e-17
4.14851601745e-18
-9.17409864706e-19
1.2673584024e-19
3.90807861512e-18
1.09771820122e-17
9.15057848478e-18
6.34244583162e-18
3.85922754379e-18
1.12883263822e-19
-2.71200520512e-18
-7.52316439309e-18
-1.19528488556e-17
-2.84443545276e-18
1.19586167539e-18
-6.29761505756e-19
-9.12621573861e-19
-1.48424670812e-18
-2.23153101974e-18
-2.9709477433e-18
-3.62267954545e-18
-1.18238112362e-17
-1.07618883774e-17
-4.86963021526e-18
-3.80569880362e-18
6.39123019106e-18
1.10335072997e-17
1.75890615993e-17
1.2582568456e-17
2.00125637256e-17
1.03331319445e-17
-3.57895235576e-18
4.0592083385e-19
1.51089282071e-18
1.33635813395e-18
-2.82425318018e-18
-6.20210294779e-18
-7.33503530528e-18
-5.44626383094e-18
-5.38892450976e-18
-1.01249505462e-17
-1.21964402649e-17
-7.14080918112e-18
-1.76426141966e-18
1.88913998455e-18
-3.71807859413e-19
-2.87023494249e-18
-4.30559547771e-18
-5.38403482939e-18
-6.11448963328e-18
-1.08730268278e-17
-8.92810730228e-18
-9.79196511266e-18
-7.58779150632e-18
9.62157948852e-18
1.46557179888e-17
2.26848262972e-17
1.63049973137e-17
1.46343271839e-17
4.53696745859e-18
-1.1981125291e-17
-3.25421215397e-20
-5.72685338749e-21
8.69473297989e-22
3.41992041325e-20
-2.4098553121e-20
-7.78571882093e-21
5.57971894892e-19
9.60653615413e-20
3.59834538112e-20
8.90116337504e-18
3.45509525094e-18
2.15707833222e-18
1.59974521468e-18
7.65477263953e-19
3.80092697874e-19
1.17408257114e-19
-1.11331860874e-18
-3.1384211264e-18
-4.30994951855e-18
-4.27403027937e-18
-3.43197354068e-18
-4.14529703461e-18
-3.55460349693e-18
-6.52682864524e-18
-6.49186277246e-18
-7.0561722287e-18
-7.66354181356e-18
-7.16817194411e-18
-6.70870197448e-18
-8.90347614372e-18
-5.16695558871e-18
9.04470001185e-18
1.29907484068e-17
1.72820355738e-17
6.52998068326e-18
2.17662490963e-18
-3.44990653967e-18
-2.20968563334e-17
6.49930308268e-17
4.24375548515e-18
1.24250589831e-17
2.38444057085e-17
2.36581975275e-17
2.20488589413e-17
1.59955874218e-17
1.08997561163e-17
9.38834124386e-18
6.47784180701e-18
1.19234178899e-18
-1.9316464894e-17
-3.48904406675e-17
-2.46864794096e-17
-3.44975454666e-17
-3.52163176405e-17
-2.80994317032e-17
-3.10280500348e-17
-2.24492393627e-17
-1.66611748089e-17
-1.40988671799e-17
-4.42300619831e-18
2.48700221497e-17
3.83003753814e-17
2.68662963238e-17
-3.1571089538e-17
-4.33614904665e-17
-4.5176107823e-17
-1.17279603094e-16
1.71963268695e-16
6.15692666551e-17
5.4158066939e-17
5.88016196797e-17
4.62845177493e-17
2.93958118854e-17
-4.20047348964e-19
-9.2287377965e-18
9.53874214374e-18
1.11298721287e-17
-6.40195339254e-18
-2.78829916598e-17
-4.63755401889e-17
-6.02300079726e-17
-6.05099481696e-17
-6.86304699507e-17
-7.09122912702e-17
-6.46742978809e-17
-6.33591497274e-17
-5.45375376025e-17
-2.73224729984e-17
5.27095259803e-18
1.75221943691e-17
2.0636898754e-17
5.39785160543e-17
3.76041300994e-17
-3.13707630076e-17
-5.94504233128e-17
-9.25726026916e-17
6.99392379007e-17
5.9962579236e-17
5.09773951604e-17
4.3874607403e-17
3.36426026533e-17
-5.77118710727e-19
-1.27744442277e-17
3.59797843953e-18
6.86553762313e-18
-1.66558829989e-17
-6.59131787059e-17
-9.64708886738e-17
-1.10747464468e-16
-1.25143250184e-16
-1.21255123033e-16
-1.10391449544e-16
-1.1397967435e-16
-1.16939139603e-16
-9.42594867387e-17
-6.53389035917e-17
-4.23346065786e-17
-2.07292709992e-17
-3.44623439338e-17
-3.24101765908e-17
-1.61124307805e-17
-3.49365269236e-17
-5.35866331368e-17
-6.54778772428e-17
-7.90219216929e-17
3.33420553377e-17
3.74919371351e-17
3.37766721229e-17
2.82899540101e-17
2.2782221504e-17
1.49138256451e-17
7.19813233092e-18
1.88844070745e-18
-3.52209262799e-18
-1.14869843456e-17
-2.41008565605e-17
-5.08685532676e-17
-8.32622747817e-17
-1.11944333556e-16
-1.1918137966e-16
-1.13604736875e-16
-1.06197746094e-16
-9.66755298805e-17
-7.96262462442e-17
-6.04892737432e-17
-4.2349037079e-17
-2.75726035187e-17
-2.34836405839e-17
-2.14698800393e-17
-1.94338999027e-17
3.45841189314e-18
-3.04049274146e-17
-5.54594260314e-17
-3.94385095069e-17
1.50043057135e-17
2.08027036754e-17
2.38395958118e-17
2.60700119886e-17
2.5955181566e-17
2.11606445158e-17
1.5810113639e-17
1.01098406833e-17
4.71394763897e-18
-2.11563632561e-18
-9.35251824713e-18
-1.90636601819e-17
-2.88349834581e-17
-4.0269516484e-17
-4.98357175312e-17
-5.07155107907e-17
-4.97552932047e-17
-4.65460654485e-17
-4.06856309541e-17
-3.23287543429e-17
-2.67620214418e-17
-2.15869301835e-17
-1.84053116291e-17
-1.68837954364e-17
-1.59760253878e-17
-9.7340989631e-18
-1.8405684362e-17
-3.28249357659e-17
-3.62581466642e-17
1.00019081507e-17
2.1953781878e-17
3.40395702493e-17
5.04108714589e-17
5.57544225158e-17
4.22311799011e-17
4.09145618819e-17
3.80681297724e-17
4.11257008312e-17
3.52310178775e-17
3.17773874202e-17
2.01311026373e-17
1.97693988016e-17
1.34297761374e-17
5.49716766135e-18
3.0064809518e-17
2.95539265e-17
1.83642493768e-17
1.2397085475e-17
9.25763289046e-18
-1.94729118656e-17
-2.30171983687e-17
-1.89326165879e-17
-1.80086802316e-17
-1.73493953349e-17
-1.71398121124e-17
-2.06781561475e-17
-2.87703496193e-17
-3.36466568593e-17
7.23737178073e-18
5.22473202008e-17
7.15128629202e-17
1.05926719825e-16
1.04589536085e-16
4.77842887095e-17
6.5841783399e-17
6.62376870699e-17
8.87109584018e-17
8.40912110602e-17
9.63802699309e-17
6.93719606219e-17
1.0229784051e-16
9.24561172143e-17
7.03364050018e-17
5.42623168217e-17
4.17123184762e-17
3.41963651601e-17
6.17870680819e-17
7.00880728666e-17
7.17479913824e-17
7.951335487e-17
3.39606931039e-17
-3.19906934481e-17
-3.84150318982e-17
-6.28536401268e-17
-5.1731643199e-17
-3.78960713817e-17
-2.85192174858e-17
2.24640901891e-17
6.05759093663e-17
1.03407219107e-16
1.11152464273e-16
1.06314076713e-16
9.59840170254e-17
8.82901346942e-17
6.99125797385e-17
6.56237593508e-17
8.35860862443e-17
9.37227407793e-17
3.46789739881e-17
4.36043756155e-17
6.14894296224e-17
8.11667168685e-17
8.00450555867e-17
7.04956994773e-17
5.99166030377e-17
7.04927843459e-17
8.91761157646e-17
1.1689014551e-16
1.46648324863e-16
9.73281549141e-17
7.90206974191e-17
1.31856446404e-16
1.08508576535e-16
6.60515400757e-17
2.78723388802e-17
5.26768836616e-18
5.60880121341e-17
5.42202527665e-17
5.92957678473e-17
6.8273453273e-17
7.85105759925e-17
9.59482901179e-17
1.04388244749e-16
3.8546648988e-17
4.06250514411e-17
1.26575962153e-16
1.50115338203e-16
2.04086466909e-16
1.93970720502e-16
1.70098469498e-16
2.20978287158e-16
2.08960165452e-16
1.75789856833e-16
7.9496363182e-17
1.38846790576e-16
1.80418802218e-16
2.14424142459e-16
2.42871680128e-16
2.52733978696e-16
2.46331531577e-16
1.83274741059e-16
1.48991578486e-16
1.0945320964e-16
6.46325264304e-17
3.10277651538e-17
1.95326428123e-17
2.62915174761e-17
3.72163542381e-17
4.83348759024e-17
6.89967144788e-17
1.47212264623e-16
1.65333457688e-16
1.51808366664e-16
1.32227804224e-16
1.30051444569e-16
1.49923986932e-16
1.67022360542e-16
2.00528760624e-16
2.11019288425e-16
2.21068490899e-16
2.27950247076e-16
2.26713192694e-16
2.10265993802e-16
2.19680213896e-16
2.46466289609e-16
2.76270777614e-16
2.99269287974e-16
3.7323036579e-16
3.73678142466e-16
4.39660714712e-16
3.61807986374e-16
2.42123795791e-16
1.35388383998e-16
6.69342940755e-17
1.94635454779e-17
3.1371912132e-17
6.48063251667e-17
7.96637407145e-17
1.39591124662e-16
2.06854417058e-16
2.15799711931e-16
2.04627748681e-16
1.82523311706e-16
1.8089596947e-16
2.43667816261e-16
2.5889141295e-16
3.84550126909e-16
3.85361738819e-16
3.650846559e-16
3.46466200133e-16
3.34738107376e-16
3.31235450296e-16
4.07024413321e-16
3.49372560979e-16
3.28529318573e-16
3.19482727296e-16
3.05646122116e-16
2.77065461051e-16
2.51447075352e-16
2.18014124797e-16
1.65142416363e-16
1.06946023156e-16
6.24070493908e-17
5.63446941111e-17
9.98622180327e-17
1.11420928129e-16
1.12647536545e-16
1.1722179477e-16
1.29493012701e-16
1.45004850874e-16
1.60490298463e-16
1.19906514804e-16
1.76905542238e-16
2.0837022845e-16
2.33081053919e-16
2.64290258503e-16
2.93566379295e-16
3.64118684106e-16
3.85073647906e-16
3.79533949459e-16
4.43380601828e-16
3.95774937095e-16
3.71571127784e-16
3.52453635827e-16
3.24735504694e-16
2.85363433606e-16
2.44284633742e-16
2.15719111078e-16
2.75857395734e-16
2.1236509267e-16
1.26271131276e-16
6.43060987492e-17
5.95221219523e-17
6.67883535248e-17
1.15976606521e-16
1.25351013235e-16
1.26718768019e-16
1.28871831394e-16
1.40357522124e-16
1.99091120929e-16
2.05467915084e-16
2.05777225882e-16
2.14063709182e-16
2.82024659359e-16
2.94781233909e-16
2.97389559927e-16
2.56684367178e-16
2.63298028827e-16
2.28720070837e-16
2.46706623846e-16
2.72181060895e-16
2.83062144557e-16
2.79387003653e-16
2.62134289605e-16
2.320831932e-16
1.95360632131e-16
1.64484008361e-16
1.51555057377e-16
1.23271768934e-16
7.48515948224e-17
-2.93733028786e-17
1.03253557654e-17
1.45241940751e-17
1.89937664199e-17
2.54034115088e-17
3.27458434948e-17
4.35970242893e-17
9.86752466063e-17
1.23168827533e-16
1.3423105548e-16
1.42601660046e-16
1.59696734262e-16
1.82476329142e-16
1.54387319036e-16
1.66504805078e-16
1.85443273185e-16
2.13126903283e-16
2.29233748154e-16
2.42771707054e-16
2.56605493832e-16
2.67843903968e-16
2.71750667919e-16
2.60931703228e-16
2.24479792381e-16
1.82880666889e-16
1.47989618883e-16
1.24570812989e-16
9.90470127346e-17
6.46072416283e-17
-4.26945248174e-19
-2.49384876422e-18
-3.86970358964e-17
-4.17291538099e-17
-3.64794790033e-17
-2.55678307196e-17
2.93712642984e-17
9.04071887659e-17
1.05667384668e-16
1.11611996411e-16
1.99217313575e-16
2.57633138085e-16
2.54051720347e-16
2.33407269347e-16
2.22868000137e-16
3.22958067624e-16
3.43085372884e-16
3.39764900411e-16
3.42274292522e-16
3.44695064695e-16
3.39178561044e-16
3.0812520962e-16
1.43797000074e-16
9.09125785877e-17
9.16856812278e-17
1.70089622383e-16
1.41511228848e-16
7.89499578493e-17
2.97319679489e-18
3.67449995182e-18
2.89411508679e-18
1.4851713255e-18
2.68899637114e-19
1.15655662879e-19
3.47760096092e-18
8.61167498943e-18
-2.152113664e-17
-2.17616768767e-17
-8.46156337795e-17
-7.06861790471e-17
-3.58952501781e-17
-3.3878709569e-18
2.36065456314e-17
5.5894066513e-17
9.1471143336e-17
2.28047566897e-16
3.75405001151e-16
3.97580613108e-16
3.68264507365e-16
3.19969535191e-16
1.62528723416e-16
1.05472014793e-16
1.02853180938e-16
1.91336265312e-16
1.62248916052e-16
9.0262598845e-17
2.89789990033e-17
3.54673787e-17
3.49150230641e-17
3.33584585321e-17
3.15500319858e-17
2.98671252062e-17
2.84426429869e-17
2.74343499781e-17
2.9749465312e-17
1.02016076961e-16
1.11596505864e-16
1.00571028285e-16
8.87596339413e-17
8.10203162749e-17
7.69566593858e-17
7.62822490791e-17
7.52586012307e-17
-2.36765501607e-17
-1.21143537388e-16
-9.91222858398e-17
-1.46784789814e-16
-9.32897990172e-17
6.30568092032e-17
1.10257376537e-16
1.15456781607e-16
1.32702234059e-16
1.35516844676e-16
1.07334392974e-16
-3.06429593793e-18
-2.69085024313e-18
-2.59016694875e-18
-2.64331261597e-18
-2.84604163572e-18
-3.18928949921e-18
-3.70726514519e-18
-4.28997279885e-18
-3.36125398276e-18
8.05572924641e-19
5.66366131068e-18
9.67827945124e-18
1.29689038939e-17
1.59844668341e-17
1.91766048307e-17
2.58383477062e-17
3.28661473166e-17
3.51153700015e-17
3.23079205985e-17
2.71130602831e-17
1.90005142833e-17
1.68780655677e-17
3.32084420633e-17
5.23023893298e-17
6.9671615408e-17
8.99232287671e-17
1.05382666026e-16
1.03812371467e-16
-8.48509968392e-17
-9.42871243546e-17
-1.19892725025e-16
-1.27055738656e-16
-1.2691274291e-16
-1.25801003403e-16
-1.24585760598e-16
-1.19805558224e-16
-4.74143326836e-17
-2.94451946553e-17
-2.65711554104e-17
-2.7078239572e-17
-2.6167832135e-17
-2.38041368824e-17
-1.77506610413e-17
8.23624734977e-17
1.08356227591e-16
1.11887801656e-16
1.08995200986e-16
6.90627139892e-18
-1.055247059e-17
5.45430691397e-18
3.36022157833e-17
6.19692595623e-17
8.03054014227e-17
9.14303048558e-17
9.3475017315e-17
8.85390463958e-17
5.16405214796e-19
4.99633668115e-17
5.72349846903e-17
5.48504007677e-17
4.99907910284e-17
4.48927481113e-17
4.04000160058e-17
3.67010924145e-17
3.73451309364e-17
1.07916291988e-16
1.24197434931e-16
4.73629219864e-17
2.50355583825e-17
2.43101340022e-17
2.93066407103e-17
1.20497594091e-16
1.46552613215e-16
1.48351188871e-16
1.4755471743e-16
1.44264532001e-16
1.40970794026e-16
1.46416936175e-16
3.4241450454e-16
3.61684387511e-16
3.17382591716e-16
2.73118825862e-16
2.40785395867e-16
2.20685816354e-16
4.37736245285e-17
4.09289485779e-17
4.68836798544e-17
3.15383242795e-16
3.51525575884e-16
2.1445869192e-16
5.43079245839e-17
7.83709549109e-17
6.41168135944e-17
1.48691976073e-17
2.69173251079e-17
2.52079984233e-17
3.53380282717e-18
8.88063320742e-18
9.44338161489e-18
5.24702385413e-18
6.7358836004e-18
6.07808234833e-18
-1.81526734138e-18
2.1897335477e-18
3.03185916333e-18
2.23769635524e-18
2.15763267359e-17
1.75450912705e-17
6.61542811821e-18
1.00690912532e-16
6.04232552528e-17
-2.03589794842e-18
1.16869208741e-17
1.2982320795e-17
1.64569855281e-18
1.53469626031e-17
1.39774141897e-17
2.46653386808e-18
7.74653211933e-17
5.21763221776e-17
1.77764848301e-17
8.45414104188e-17
5.59120469462e-17
-7.38372238758e-19
5.21133293007e-18
6.27576822965e-18
-3.5833814486e-18
-2.19911038446e-18
-9.52428680298e-19
3.03252440313e-18
2.42602433357e-18
1.7127336807e-18
-4.19322248037e-18
-3.05456269907e-18
6.37740128629e-19
-1.95839025631e-18
-3.70994901641e-18
-2.87100013106e-18
-2.31222060033e-18
-8.1635754591e-17
-5.8449790072e-17
-2.5187423501e-19
-1.82373344635e-18
-1.75288396891e-18
5.37933417472e-18
7.96453190368e-18
8.91266503524e-18
9.16491969717e-18
9.11648797335e-18
9.00050971812e-18
8.87054510052e-18
8.75164336981e-18
8.83633825189e-18
1.08552601142e-17
1.24806823625e-17
1.20141217317e-17
1.13908987479e-17
1.09424075288e-17
1.06198231667e-17
1.18218518889e-17
1.30595053618e-17
1.42641276079e-17
1.59923493291e-17
2.06245856795e-17
4.31892990279e-17
4.54235112729e-17
2.56486576489e-17
2.30221664926e-17
2.69868678222e-17
2.92940479737e-17
2.97165408241e-17
2.85366037317e-17
6.35985125416e-18
7.4728296396e-18
8.07862456143e-18
8.35365736582e-18
8.46514110258e-18
8.48877826028e-18
8.46083341181e-18
8.40544710648e-18
8.39660600215e-18
8.78660588346e-18
9.27269934098e-18
9.48129309872e-18
9.51008370728e-18
9.40695214252e-18
9.23756469636e-18
9.26846889785e-18
9.5218623396e-18
1.01869531878e-17
1.20679252704e-17
1.79298321961e-17
4.11847172469e-17
4.1422637237e-17
1.60453671512e-17
1.03682440591e-17
1.33998051053e-17
1.60504835733e-17
1.72167317932e-17
1.69664895629e-17
)
;
    }
    procBoundary0to1
    {
        type            processor;
        value           nonuniform List<scalar> 
27
(
4.89678878418e-08
1.47298301884e-07
2.45156552074e-07
2.94131101961e-07
2.1196532196e-05
2.81531744327e-05
3.88886599016e-05
5.71240601618e-05
8.47200895752e-05
0.000125582075323
0.000177424151419
1.08316745858e-06
1.68894767335e-06
2.39058958586e-06
3.16490831411e-06
3.97975720388e-06
4.85640936597e-06
5.84544946868e-06
6.70010975551e-06
7.40863458825e-06
8.24343085361e-06
9.60200516068e-06
1.19843814095e-05
6.20162304856e-06
1.50463244161e-05
3.67904425469e-05
3.39456605605e-05
)
;
    }
}


// ************************************************************************* //
