/*--------------------------------*- C++ -*----------------------------------*\
  =========                 |
  \\      /  F ield         | OpenFOAM: The Open Source CFD Toolbox
   \\    /   O peration     | Website:  https://openfoam.org
    \\  /    A nd           | Version:  7
     \\/     M anipulation  |
\*---------------------------------------------------------------------------*/
FoamFile
{
    version     2.0;
    format      ascii;
    class       surfaceScalarField;
    location    "0.03";
    object      phi;
}
// * * * * * * * * * * * * * * * * * * * * * * * * * * * * * * * * * * * * * //

dimensions      [1 0 -1 0 0 0 0];

internalField   nonuniform List<scalar> 
1572
(
-1.44907378241e-09
-5.85590719173e-08
-5.63794709932e-09
-1.75416587934e-07
-2.90369111422e-07
-1.29001193445e-08
-2.77216280655e-09
-5.91319808556e-08
-1.09522707693e-08
-1.77276654706e-07
-2.93658695165e-07
-2.44152993065e-08
-3.47630637708e-09
-5.92630715893e-08
-1.39970209984e-08
-1.77578712862e-07
-2.94128708856e-07
-3.15932060345e-08
-4.07268497371e-09
-5.91138376866e-08
-1.63197693462e-08
-1.77107182376e-07
-2.93344894718e-07
-3.6736868533e-08
-4.71247373433e-09
-5.86439087812e-08
-1.88537994571e-08
-1.75693414709e-07
-2.90914216906e-07
-4.25169394201e-08
-5.03990161639e-09
-5.8188579572e-08
-2.01413839911e-08
-1.74347698957e-07
-2.88519851083e-07
-4.54697079043e-08
-5.49391725429e-09
-5.76539768729e-08
-2.19085952139e-08
-1.72806858146e-07
-2.86011098091e-07
-4.92257139202e-08
-5.6845999794e-09
-5.73593212928e-08
-2.29348101373e-08
-1.71726767769e-07
-2.8450267582e-07
-5.13920503029e-08
-5.91917031572e-09
-5.72624889721e-08
-2.37449439313e-08
-1.71362463973e-07
-2.8391948541e-07
-5.34431100095e-08
-6.18295838144e-09
-5.73767753629e-08
-2.48280100183e-08
-1.71606715224e-07
-2.84322951595e-07
-5.59054222182e-08
-6.72673157941e-09
-5.74850496604e-08
-2.666825023e-08
-1.7216344025e-07
-2.85179778915e-07
-5.99811519445e-08
-7.0314861245e-09
-5.78507355112e-08
-2.81126868647e-08
-1.73268177448e-07
-2.86979530828e-07
-6.32907755229e-08
-7.67755403175e-09
-5.81213406881e-08
-3.05417031067e-08
-1.74241297311e-07
-2.88762679145e-07
-6.84896012334e-08
-8.14684489124e-09
-5.84515448575e-08
-3.24548789868e-08
-1.75353293496e-07
-2.90719162501e-07
-7.2872414199e-08
-8.6789786033e-09
-5.87583857339e-08
-3.46299333116e-08
-1.76347603599e-07
-2.9253718236e-07
-7.77241642931e-08
-9.28371370372e-09
-5.89447454282e-08
-3.68713896093e-08
-1.7715498196e-07
-2.94084277783e-07
-8.26511224862e-08
-9.61937503331e-09
-5.92561583822e-08
-3.84888361566e-08
-1.78060665249e-07
-2.95762280078e-07
-8.64290811288e-08
-1.00544118381e-08
-5.95449759409e-08
-4.01386464844e-08
-1.78986673732e-07
-2.97552822714e-07
-9.00148133849e-08
-1.0307086814e-08
-5.99085040206e-08
-4.11561457225e-08
-1.80128027539e-07
-2.99721690798e-07
-9.22789972325e-08
-1.04101500357e-08
-6.04318373544e-08
-4.16561068875e-08
-1.81660186825e-07
-3.02580438835e-07
-9.33962422883e-08
-1.05100701402e-08
-6.10579786821e-08
-4.19280800633e-08
-1.83630074937e-07
-3.06187247658e-07
-9.39371782499e-08
-1.05428512003e-08
-6.17742522328e-08
-4.20287965625e-08
-1.85905144477e-07
-3.10298470919e-07
-9.41560697242e-08
-1.06325781656e-08
-6.25046478511e-08
-4.24577110636e-08
-1.88155823557e-07
-3.14407926239e-07
-9.51214808088e-08
-1.07860382161e-08
-6.31565786211e-08
-4.30827818274e-08
-1.90167921515e-07
-3.18001930298e-07
-9.66445702006e-08
-1.07208457208e-08
-6.37885224933e-08
-4.28777377677e-08
-1.92067015017e-07
-3.21087878388e-07
-9.65316048031e-08
-1.04476239487e-08
-6.43276085032e-08
-4.17174153885e-08
-1.93757559741e-07
-3.23973448442e-07
-9.37457920455e-08
-9.35249289531e-09
-6.51770700463e-08
-3.72223403533e-08
-1.96493998616e-07
-3.28754002471e-07
-8.34374909894e-08
-7.30969820718e-09
-6.67755668175e-08
-2.90497134792e-08
-2.01475700478e-07
-3.37224137343e-07
-6.51097874008e-08
-4.37998923736e-09
-6.94184655938e-08
-1.7285652326e-08
-2.09627201539e-07
-3.50873526788e-07
-3.87591934172e-08
-1.06876075002e-09
-7.29497199345e-08
-4.30861334991e-09
-2.20195399265e-07
-3.68282804979e-07
-9.88017670488e-09
2.88858511027e-10
1.08513639249e-09
2.18980564996e-09
-3.47532383297e-07
-2.1308863722e-08
-3.50612972117e-07
-4.14519918365e-08
-3.50508143083e-07
-5.3394121282e-08
-3.48925190145e-07
-6.18891586047e-08
-3.4599211698e-07
-7.09367514386e-08
-3.42910901329e-07
-7.6071621865e-08
-3.3982393607e-07
-8.20768040622e-08
-3.3774002731e-07
-8.57969812274e-08
-3.37039104785e-07
-8.90592838095e-08
-3.3733776804e-07
-9.33493861054e-08
-3.38594713626e-07
-9.96858407751e-08
-3.40630290968e-07
-1.05577694232e-07
-3.42949482491e-07
-1.13788207101e-07
-3.45418923997e-07
-1.21183069406e-07
-3.47748572462e-07
-1.29207948462e-07
-3.49932054285e-07
-1.37165106663e-07
-3.52167475179e-07
-1.43625491538e-07
-3.5467819665e-07
-1.49379521417e-07
-3.57693202341e-07
-1.53078625763e-07
-3.61511260422e-07
-1.54955869159e-07
-3.66326490952e-07
-1.55721960254e-07
-3.7171313501e-07
-1.56122822982e-07
-3.76942788836e-07
-1.57897328032e-07
-3.81434798381e-07
-1.60624042618e-07
-3.85093735876e-07
-1.6085317417e-07
-3.88626405208e-07
-1.56009636752e-07
-3.94564354927e-07
-1.3860433313e-07
-4.04903271381e-07
-1.08131377452e-07
-4.21284020718e-07
-6.44746590493e-08
-4.41946611222e-07
-1.67512323273e-08
3.35856850487e-09
-1.76243744012e-05
-2.55696667749e-06
-2.48760818427e-05
7.41906938825e-06
-2.70028555668e-05
2.48342414953e-05
-2.55385775766e-05
3.93846424703e-05
-2.02273390871e-05
4.22083048881e-05
-1.18957590618e-05
3.14307260595e-05
-1.30917750445e-05
-8.77502854369e-07
-5.56792774105e-08
-1.27380325336e-06
-1.17418143767e-07
-1.9714210137e-06
-2.22619909183e-07
-2.76185681245e-06
-3.92589862306e-07
-3.63871140712e-06
-6.56320887896e-07
-4.58581224932e-06
-1.04972197407e-06
-5.57981059928e-06
-1.6195076145e-06
-6.58643605549e-06
-2.42314007595e-06
-7.55327789397e-06
-3.56077600072e-06
-8.39622830931e-06
-5.15488928441e-06
-8.99362187821e-06
-7.41549181689e-06
-9.06967638166e-06
-1.05950474523e-05
-8.23785243436e-06
-1.51745156622e-05
-5.74753000583e-06
-2.15260883071e-05
-4.60581266262e-07
-2.82775647891e-05
9.25877674462e-06
-2.97998037036e-05
2.32448352025e-05
-2.74464896958e-05
3.40688990097e-05
-2.17192616612e-05
3.32341613781e-05
-1.23661118308e-05
1.83352910162e-05
-3.03735755753e-05
-1.05541831918e-06
-1.0388784814e-07
-1.28664440743e-06
-2.08541794761e-07
-1.98856550694e-06
-3.69299012101e-07
-2.78326759782e-06
-6.09345959587e-07
-3.65957479384e-06
-9.60498530816e-07
-4.59831524148e-06
-1.46565259413e-06
-5.57182265075e-06
-2.18213386635e-06
-6.53939385586e-06
-3.18852233109e-06
-7.43722042336e-06
-4.59496636515e-06
-8.16389838515e-06
-6.55732151383e-06
-8.57154539619e-06
-9.26836773714e-06
-8.3649641653e-06
-1.29682717686e-05
-7.12052662338e-06
-1.78779265865e-05
-4.14772240332e-06
-2.38737351508e-05
1.26428474468e-06
-2.92987678714e-05
1.03534695321e-05
-3.03030252761e-05
2.08363083956e-05
-2.73635770809e-05
2.78049000935e-05
-2.18928979632e-05
2.44070163451e-05
-1.22518136008e-05
4.76044465888e-06
-4.7860724744e-05
-1.22145015585e-06
-1.35488088658e-07
-1.2856830676e-06
-2.71090860799e-07
-1.98407389771e-06
-4.77846856291e-07
-2.77226417857e-06
-7.80823779255e-07
-3.6364666618e-06
-1.21382419581e-06
-4.5548838573e-06
-1.82303681252e-06
-5.49489931536e-06
-2.67180705124e-06
-6.40749189463e-06
-3.84796824105e-06
-7.21490804132e-06
-5.47161688056e-06
-7.79719485404e-06
-7.70758860456e-06
-7.9801027887e-06
-1.07217989569e-05
-7.48330056711e-06
-1.46753119967e-05
-5.88572770049e-06
-1.95817730663e-05
-2.62150367858e-06
-2.49519443871e-05
2.59302560649e-06
-2.89421375632e-05
1.03782635557e-05
-2.96571697164e-05
1.79061527264e-05
-2.69501749499e-05
2.14805124041e-05
-2.15653378172e-05
1.54938261304e-05
-1.16689563942e-05
-9.2829470473e-06
-6.51760999718e-05
-1.30088102063e-06
-1.56443632087e-07
-1.27917969591e-06
-3.11790591898e-07
-1.97076422148e-06
-5.4672344955e-07
-2.74885043215e-06
-8.89149614095e-07
-3.59552756532e-06
-1.37622164003e-06
-4.48611847811e-06
-2.05964680698e-06
-5.3813552263e-06
-3.00909600151e-06
-6.22372390631e-06
-4.31661497178e-06
-6.92394142938e-06
-6.09722006745e-06
-7.35144719302e-06
-8.48869325521e-06
-7.32317966899e-06
-1.16190073826e-05
-6.5774381584e-06
-1.55343157287e-05
-4.75947663041e-06
-2.00404199945e-05
-1.48678558688e-06
-2.45706735583e-05
3.30417186257e-06
-2.74252410342e-05
9.36798196165e-06
-2.79087569611e-05
1.45006493719e-05
-2.56462431057e-05
1.53207161747e-05
-2.04945266529e-05
6.53260378145e-06
-1.10270481769e-05
-2.32996496271e-05
-8.22829205227e-05
-1.39836966948e-06
-1.77116082413e-07
-1.26818666451e-06
-3.50701704361e-07
-1.95055618819e-06
-6.13240061002e-07
-2.71431300148e-06
-9.94392060326e-07
-3.53859737173e-06
-1.53306286729e-06
-4.39608161575e-06
-2.2827376305e-06
-5.24110312317e-06
-3.31222628007e-06
-6.01045872461e-06
-4.70843194245e-06
-6.60716806752e-06
-6.57427099116e-06
-6.89458570865e-06
-9.0171697986e-06
-6.69311362311e-06
-1.21058027986e-05
-5.78018859842e-06
-1.57853531933e-05
-3.9024921802e-06
-1.97466608332e-05
-8.71637093077e-07
-2.34349274107e-05
3.27059880279e-06
-2.56747772945e-05
7.66679765436e-06
-2.60476563964e-05
1.07194304812e-05
-2.42606336914e-05
9.31575575217e-06
-1.92491120172e-05
-2.64124268545e-06
-1.03129108917e-05
-3.73211294956e-05
-9.91908138252e-05
-1.47234359439e-06
-1.91084674925e-07
-1.25591044828e-06
-3.78905433661e-07
-1.92810349682e-06
-6.61278613499e-07
-2.67734861167e-06
-1.06866370646e-06
-3.479390642e-06
-1.64088534778e-06
-4.30427129967e-06
-2.43048688986e-06
-5.10184981427e-06
-3.50357335745e-06
-5.8048252612e-06
-4.93847107428e-06
-6.31359089742e-06
-6.8182847195e-06
-6.49419728426e-06
-9.21190242524e-06
-6.18378051925e-06
-1.21327057391e-05
-5.20947316112e-06
-1.54633112889e-05
-3.42760441823e-06
-1.89104051196e-05
-7.84270469485e-07
-2.18241080359e-05
2.42100308775e-06
-2.37360200959e-05
5.44152241316e-06
-2.4183231333e-05
6.70124421809e-06
-2.27519344775e-05
3.31530108544e-06
-1.78252287661e-05
-1.21113789611e-05
-9.52093210289e-06
-5.1268964028e-05
-0.000115872578377
-1.48206445104e-06
-2.04181447669e-07
-1.24488197536e-06
-4.03037423014e-07
-1.90781596719e-06
-7.01066251169e-07
-2.64379041587e-06
-1.12876590789e-06
-3.42587949307e-06
-1.72616957818e-06
-4.22137601007e-06
-2.54301762227e-06
-4.97856001744e-06
-3.63984784773e-06
-5.62840219049e-06
-5.08281289122e-06
-6.07430090427e-06
-6.9324905329e-06
-6.19332837047e-06
-9.22207859156e-06
-5.84921448413e-06
-1.1922723597e-05
-4.92411645029e-06
-1.49110531986e-05
-3.35759052748e-06
-1.78750447528e-05
-1.26491833231e-06
-2.03035105593e-05
9.23045129978e-07
-2.20111600915e-05
2.72637155279e-06
-2.26237726523e-05
2.48843575954e-06
-2.12862582495e-05
-2.97003060467e-06
-1.65861644964e-05
-2.17941380418e-05
-8.75507589945e-06
-6.53254350918e-05
-0.000132455436511
-1.43586081629e-06
-2.1409364207e-07
-1.23714623942e-06
-4.21963956002e-07
-1.89353586864e-06
-7.33056352383e-07
-2.61887882395e-06
-1.17679523662e-06
-3.38594215603e-06
-1.79130175575e-06
-4.16009432713e-06
-2.62225814757e-06
-4.88993337368e-06
-3.7220169871e-06
-5.50824260581e-06
-5.14296215192e-06
-5.92607129029e-06
-6.92409855612e-06
-6.03823018553e-06
-9.07014141755e-06
-5.74105547329e-06
-1.15306340489e-05
-4.96412049706e-06
-1.41772690861e-05
-3.71499201904e-06
-1.66926747176e-05
-2.29682105381e-06
-1.8885581266e-05
-1.01155329645e-06
-2.04847256493e-05
-4.00614857513e-07
-2.12807365723e-05
-1.94087438144e-06
-2.00711266692e-05
-9.54816120474e-06
-1.54930592849e-05
-3.1799143079e-05
-8.09073067883e-06
-7.95384765985e-05
-0.000149036874464
-1.39019667729e-06
-2.23294248436e-07
-1.23312534819e-06
-4.40117456927e-07
-1.88559684688e-06
-7.63250529701e-07
-2.60405968973e-06
-1.22135387858e-06
-3.3619058137e-06
-1.85049261486e-06
-4.12392538488e-06
-2.69192898913e-06
-4.84129169383e-06
-3.79019906893e-06
-5.45160576822e-06
-5.18489964806e-06
-5.8778272582e-06
-6.89767638529e-06
-6.03645058788e-06
-8.91683643054e-06
-5.85605512269e-06
-1.11911358794e-05
-5.30191032902e-06
-1.35010055733e-05
-4.54839925644e-06
-1.57328298398e-05
-3.80169041806e-06
-1.77637702584e-05
-3.37586447385e-06
-1.94256366576e-05
-3.81974223966e-06
-2.02485842155e-05
-6.74479912018e-06
-1.91370785459e-05
-1.64323128701e-05
-1.45786729288e-05
-4.22196976364e-05
-7.55058324778e-06
-9.39602640141e-05
-0.000165721179414
-1.32246723695e-06
-2.34246539806e-07
-1.23293668092e-06
-4.61197085451e-07
-1.88414237632e-06
-7.97403787861e-07
-2.60015945629e-06
-1.27065883905e-06
-3.35542238017e-06
-1.91425056214e-06
-4.11604280987e-06
-2.76464135246e-06
-4.83766479859e-06
-3.85820381939e-06
-5.46573042406e-06
-5.22318499537e-06
-5.93788490182e-06
-6.86967092882e-06
-6.19268936688e-06
-8.78377787518e-06
-6.18345680872e-06
-1.08446672793e-05
-5.9822480685e-06
-1.2941960652e-05
-5.76057038669e-06
-1.50041065997e-05
-5.6999884383e-06
-1.69565192549e-05
-6.11816977774e-06
-1.86479193466e-05
-7.58420007049e-06
-1.95455775295e-05
-1.18928115273e-05
-1.84726193092e-05
-2.36787850971e-05
-1.38397358945e-05
-5.3115377277e-05
-7.13326893021e-06
-0.00010862732913
-0.000182589028223
-1.27726851255e-06
-2.48555705391e-07
-1.2367389545e-06
-4.87312042362e-07
-1.88982251255e-06
-8.38995619777e-07
-2.60813400743e-06
-1.3303394679e-06
-3.36810153691e-06
-1.99198566434e-06
-4.13869433902e-06
-2.85571480137e-06
-4.8818944852e-06
-3.95047744389e-06
-5.55338640939e-06
-5.29547364981e-06
-6.10681535525e-06
-6.8952342661e-06
-6.49978775795e-06
-8.69687487522e-06
-6.74588098502e-06
-1.06030519629e-05
-6.96672327677e-06
-1.25668114151e-05
-7.29604605191e-06
-1.45399074084e-05
-7.93325946149e-06
-1.64769483051e-05
-9.19191889499e-06
-1.82330169648e-05
-1.16691548743e-05
-1.92521760853e-05
-1.73312312828e-05
-1.81048981185e-05
-3.13520997699e-05
-1.33099054833e-05
-6.45243918465e-05
-6.86696671478e-06
-0.000123562055916
-0.000199736294426
-1.24681883875e-06
-2.63564950067e-07
-1.24388634058e-06
-5.16015420361e-07
-1.90150777832e-06
-8.85377548471e-07
-2.62681779852e-06
-1.39732747453e-06
-3.39873029063e-06
-2.07962275593e-06
-4.19082584589e-06
-2.95953020787e-06
-4.97289577092e-06
-4.0596084647e-06
-5.71252173119e-06
-5.39319309345e-06
-6.37883517452e-06
-6.94695269914e-06
-6.96128711354e-06
-8.65308409968e-06
-7.53337142708e-06
-1.04709954214e-05
-8.19924900874e-06
-1.23659293419e-05
-9.1022901694e-06
-1.43213894225e-05
-1.04413108275e-05
-1.63124634882e-05
-1.25335127721e-05
-1.81806658183e-05
-1.60214122751e-05
-1.92927124786e-05
-2.30560614949e-05
-1.79829262916e-05
-3.94673591676e-05
-1.29742306357e-05
-7.64343674368e-05
-6.72616274152e-06
-0.000138769067548
-0.000217201993353
-1.23336212522e-06
-2.8212099685e-07
-1.25289143984e-06
-5.49739453557e-07
-1.91724559666e-06
-9.38627960205e-07
-2.65355223992e-06
-1.47305176161e-06
-3.44414296268e-06
-2.17799543538e-06
-4.26846784056e-06
-3.07649393725e-06
-5.10545265505e-06
-4.18625237694e-06
-5.93515143151e-06
-5.51296695454e-06
-6.74533104832e-06
-7.02095157767e-06
-7.57315788163e-06
-8.67485300987e-06
-8.50030850801e-06
-1.04522173021e-05
-9.63069889502e-06
-1.23367530369e-05
-1.11194592938e-05
-1.43352531991e-05
-1.31598161527e-05
-1.64400470633e-05
-1.60734850346e-05
-1.84655178528e-05
-2.05711350782e-05
-1.96437205052e-05
-2.90343117336e-05
-1.80780372654e-05
-4.80179584395e-05
-1.28125752676e-05
-8.88087434632e-05
-6.68458921919e-06
-0.000154245810384
-0.000235000601778
-1.23083300742e-06
-3.00468729574e-07
-1.26262322566e-06
-5.83937645783e-07
-1.93544720695e-06
-9.92978642129e-07
-2.68626332219e-06
-1.5501650887e-06
-3.50186142168e-06
-2.27770229453e-06
-4.36853154712e-06
-3.19486894438e-06
-5.2752261836e-06
-4.31540792513e-06
-6.21482741758e-06
-5.62884150256e-06
-7.20661017585e-06
-7.11032911428e-06
-8.31025701469e-06
-8.74404062958e-06
-9.6092906637e-06
-1.05208315945e-05
-1.12161664366e-05
-1.24456377023e-05
-1.32917682477e-05
-1.45483565493e-05
-1.60209771864e-05
-1.68188106094e-05
-1.97485061619e-05
-1.90360948503e-05
-2.52573894724e-05
-2.02646807072e-05
-3.52172795802e-05
-1.83506422462e-05
-5.69979091334e-05
-1.28098415263e-05
-0.000101603501242
-6.74491959414e-06
-0.000169984508505
-0.000253150146744
-1.25149960081e-06
-3.19665208469e-07
-1.27235059509e-06
-6.19064697575e-07
-1.95515550706e-06
-1.04792287024e-06
-2.72391253416e-06
-1.62703087798e-06
-3.57072055128e-06
-2.37596002427e-06
-4.4894864533e-06
-3.31086278166e-06
-5.47971857067e-06
-4.43761197014e-06
-6.55223566414e-06
-5.74342115137e-06
-7.75332238343e-06
-7.21936263503e-06
-9.14867163495e-06
-8.86123991597e-06
-1.08301186498e-05
-1.06752923476e-05
-1.29171906899e-05
-1.26883043366e-05
-1.55713036552e-05
-1.49424409643e-05
-1.89768909651e-05
-1.74401957445e-05
-2.34914088472e-05
-1.98795656762e-05
-3.00268044051e-05
-2.10828805983e-05
-4.16143330501e-05
-1.87290244581e-05
-6.64067239674e-05
-1.2906531063e-05
-0.000114782508256
-6.8544646699e-06
-0.000185982662419
-0.000271649807241
-1.2741665027e-06
-3.3822137702e-07
-1.28207223526e-06
-6.5242343566e-07
-1.97654961862e-06
-1.09933491928e-06
-2.76683385975e-06
-1.69789255058e-06
-3.65120247647e-06
-2.46544273179e-06
-4.63154754175e-06
-3.41471009247e-06
-5.71931059948e-06
-4.54501641865e-06
-6.94692269677e-06
-5.85339900488e-06
-8.37248134036e-06
-7.34203829721e-06
-1.00679997958e-05
-9.01892665512e-06
-1.21344606578e-05
-1.09076304856e-05
-1.4695127299e-05
-1.30532518228e-05
-1.7911601176e-05
-1.55157616002e-05
-2.19656492271e-05
-1.82733656177e-05
-2.7256496766e-05
-2.09229668414e-05
-3.48541195311e-05
-2.20355279495e-05
-4.82036069581e-05
-1.91643830495e-05
-7.62244516628e-05
-1.30728643041e-05
-0.000128294488863
-7.00077816754e-06
-0.000202214666981
-0.000290474945642
-1.30522977728e-06
-3.54036155071e-07
-1.29246801454e-06
-6.81122839567e-07
-2.00066908351e-06
-1.14338041792e-06
-2.81650945882e-06
-1.75810309694e-06
-3.74504993431e-06
-2.5407577287e-06
-4.79650634433e-06
-3.49931492271e-06
-5.99745240724e-06
-4.6367540318e-06
-7.39419340509e-06
-5.96007092487e-06
-9.05138575498e-06
-7.48131238842e-06
-1.10489011625e-05
-9.22243775549e-06
-1.34943434495e-05
-1.12250260665e-05
-1.65119185162e-05
-1.35514216493e-05
-2.02640363125e-05
-1.62627600093e-05
-2.49417520923e-05
-1.93038478581e-05
-3.10031013002e-05
-2.21554138496e-05
-3.9697879563e-05
-2.30805123585e-05
-5.49736673115e-05
-1.96146098239e-05
-8.6425080346e-05
-1.32686187602e-05
-0.00014207405416
-7.15918576151e-06
-0.000218615359891
-0.000309552988547
-1.34044308239e-06
-3.67108949086e-07
-1.30450578565e-06
-7.04119499335e-07
-2.02885395972e-06
-1.17796078323e-06
-2.87450995965e-06
-1.80465901082e-06
-3.85375770482e-06
-2.5976208611e-06
-4.98614780861e-06
-3.56461246136e-06
-6.31197636451e-06
-4.71676197832e-06
-7.88375407835e-06
-6.06959847686e-06
-9.77332298202e-06
-7.64645018164e-06
-1.20669513567e-05
-9.48381325278e-06
-1.4876907835e-05
-1.16390142863e-05
-1.83278524248e-05
-1.4185900934e-05
-2.25862065437e-05
-1.71767864995e-05
-2.78665225028e-05
-2.05369401114e-05
-3.46724296913e-05
-2.35590637476e-05
-4.45239945735e-05
-2.4162446693e-05
-6.19271732615e-05
-2.00357646858e-05
-9.69644431157e-05
-1.34530389448e-05
-0.000156033684604
-7.28144060935e-06
-0.000235098176829
-0.000328760817182
-1.35285093076e-06
-3.75660264524e-07
-1.31881790879e-06
-7.19253770264e-07
-2.06165879854e-06
-1.20076964092e-06
-2.94093949244e-06
-1.83561702432e-06
-3.97632280467e-06
-2.63648909855e-06
-5.19709027549e-06
-3.61712587368e-06
-6.65104773533e-06
-4.79608036239e-06
-8.39612494193e-06
-6.19825046448e-06
-1.05103298959e-05
-7.85911566402e-06
-1.30846587501e-05
-9.83054220727e-06
-1.62337844319e-05
-1.21816148614e-05
-2.00866381583e-05
-1.49991043421e-05
-2.48105873954e-05
-1.83231025237e-05
-3.06603340192e-05
-2.1993732405e-05
-3.82256596473e-05
-2.51489095788e-05
-4.92680075868e-05
-2.52769387153e-05
-6.90462920519e-05
-2.04294264416e-05
-0.000107775777811
-1.36323712577e-05
-0.000170055512916
-7.41772876421e-06
-0.000251518276634
-0.000347974783687
-1.39233513643e-06
-3.80074013895e-07
-1.33638120875e-06
-7.2735279657e-07
-2.10001584035e-06
-1.21364819105e-06
-3.01613400437e-06
-1.85505107655e-06
-4.11127163396e-06
-2.66780066265e-06
-5.42192464936e-06
-3.67253763318e-06
-7.00050306163e-06
-4.89560392983e-06
-8.91008447682e-06
-6.37230078356e-06
-1.12329973088e-05
-8.15087854561e-06
-1.40634243906e-05
-1.02970852512e-05
-1.75178885448e-05
-1.28903415981e-05
-2.17328056129e-05
-1.60117724852e-05
-2.68895771714e-05
-1.96871766381e-05
-3.32799224525e-05
-2.36964413442e-05
-4.15812692639e-05
-2.68857821144e-05
-5.39052311318e-05
-2.63464709799e-05
-7.63287428623e-05
-2.07385730305e-05
-0.000118782353881
-1.37572787727e-05
-0.000184015299736
-7.50082894269e-06
-0.00026776878088
-0.000367100031484
-1.40394598933e-06
-3.81791996034e-07
-1.35757758003e-06
-7.31216659154e-07
-2.14371768644e-06
-1.22219165865e-06
-3.09795390103e-06
-1.87375579163e-06
-4.25236785008e-06
-2.70779231352e-06
-5.64835304223e-06
-3.75198959989e-06
-7.34198083697e-06
-5.04152930212e-06
-9.40027839219e-06
-6.62306354473e-06
-1.19080513704e-05
-8.55693159572e-06
-1.49625823863e-05
-1.09187517035e-05
-1.8684754906e-05
-1.37980270553e-05
-2.32174595026e-05
-1.72800327507e-05
-2.87577622312e-05
-2.13673548554e-05
-3.56445522042e-05
-2.57335663394e-05
-4.4662981126e-05
-2.8829193269e-05
-5.84122141788e-05
-2.74132290529e-05
-8.3768732227e-05
-2.10541017814e-05
-0.000129871522185
-1.39420355366e-05
-0.000197775790077
-7.70059557136e-06
-0.000283735896997
-0.000386160591103
-1.50622947757e-06
-3.83254883073e-07
-1.38060006934e-06
-7.36232917607e-07
-2.18877928007e-06
-1.23598087232e-06
-3.178771398e-06
-1.90627416722e-06
-4.38648979368e-06
-2.77501368267e-06
-5.85732070275e-06
-3.87799390254e-06
-7.64935069004e-06
-5.25964172651e-06
-9.83296762988e-06
-6.97776173653e-06
-1.24941318063e-05
-9.10326562926e-06
-1.57343225433e-05
-1.17249983238e-05
-1.96762165161e-05
-1.49390682077e-05
-2.44744822222e-05
-1.88316383837e-05
-3.03411611617e-05
-2.33740900054e-05
-3.76687474591e-05
-2.80793487006e-05
-4.73896953517e-05
-3.09192088843e-05
-6.27311648583e-05
-2.84188824123e-05
-9.13246175469e-05
-2.14031031665e-05
-0.000140876853855
-1.42744621313e-05
-0.000211184881381
-8.09495083345e-06
-0.000299397139675
-0.000405337074118
-1.69392345872e-06
-3.88447138866e-07
-1.40274144329e-06
-7.49493298894e-07
-2.23017145395e-06
-1.26536509387e-06
-3.25056087652e-06
-1.965427311e-06
-4.50175173005e-06
-2.88381838792e-06
-6.03281244909e-06
-4.06451831851e-06
-7.90225999158e-06
-5.5607577888e-06
-1.01836357518e-05
-7.44095507762e-06
-1.29626175521e-05
-9.78681822611e-06
-1.63449191078e-05
-1.26969622638e-05
-2.04556672377e-05
-1.62791289408e-05
-2.54570372156e-05
-2.06181642412e-05
-3.15789824979e-05
-2.56462441748e-05
-3.92667346636e-05
-3.06147178564e-05
-4.96980660236e-05
-3.29543134023e-05
-6.68323300845e-05
-2.93234003258e-05
-9.88340983011e-05
-2.19383093204e-05
-0.000151549933982
-1.50368682431e-05
-0.00022407739959
-9.00226490818e-06
-0.000314821667525
-0.000425047608772
-2.11550960858e-06
-3.96714326108e-07
-1.42117320718e-06
-7.68863919899e-07
-2.26371308748e-06
-1.30534142201e-06
-3.30712209287e-06
-2.04021557265e-06
-4.59064450545e-06
-3.01410710155e-06
-6.16551769922e-06
-4.27788542224e-06
-8.09054133448e-06
-5.89368934134e-06
-1.04406447426e-05
-7.93851449542e-06
-1.33017112873e-05
-1.0505990123e-05
-1.67802471944e-05
-1.37073635395e-05
-2.10021784809e-05
-1.7661377463e-05
-2.61349276519e-05
-2.24465474354e-05
-3.24286894556e-05
-2.79433064307e-05
-4.03710752993e-05
-3.30677053089e-05
-5.15107363128e-05
-3.46725225485e-05
-7.06775007234e-05
-3.01182467365e-05
-0.000106065080033
-2.28884180541e-05
-0.000161623853583
-1.65947608825e-05
-0.000236353002852
-1.08068689127e-05
-0.000330209392978
-0.000445990529712
-2.88885158952e-06
-3.99667453056e-07
-1.43513466776e-06
-7.77754741719e-07
-2.28879747127e-06
-1.32656780917e-06
-3.34815999674e-06
-2.08304054884e-06
-4.65429330996e-06
-3.09292280347e-06
-6.2584383573e-06
-4.41147920574e-06
-8.22047665299e-06
-6.10753858676e-06
-1.0614446598e-05
-8.26496700138e-06
-1.35261417468e-05
-1.09863549153e-05
-1.70603366116e-05
-1.43919307591e-05
-2.13422828122e-05
-1.86086195975e-05
-2.65403475906e-05
-2.37021137707e-05
-3.29271503174e-05
-2.94601237611e-05
-4.10455283679e-05
-3.44804110323e-05
-5.28803906165e-05
-3.5385536012e-05
-7.41020193887e-05
-3.05371697134e-05
-0.00011272072607
-2.4260620474e-05
-0.000170832110564
-1.90591853587e-05
-0.000248023448638
-1.3568977263e-05
-0.000345913232315
-0.000468933390963
-3.92646750084e-06
-3.87202728654e-07
-1.44864290815e-06
-7.54477564841e-07
-2.31198169961e-06
-1.28948080839e-06
-3.38472038358e-06
-2.03018828006e-06
-4.70877188409e-06
-3.02289240912e-06
-6.33568220186e-06
-4.32410221978e-06
-8.32543505348e-06
-6.00358084026e-06
-1.07510963303e-05
-8.14693587603e-06
-1.36970030159e-05
-1.08580189252e-05
-1.72657960778e-05
-1.42574493556e-05
-2.15811605609e-05
-1.84703919075e-05
-2.68097871716e-05
-2.35411295371e-05
-3.32502207001e-05
-2.91546731099e-05
-4.15269211163e-05
-3.37648165575e-05
-5.40013902715e-05
-3.4331650793e-05
-7.69530149385e-05
-3.0220199783e-05
-0.000118480718308
-2.58111712784e-05
-0.000178971070109
-2.23106435785e-05
-0.000259067189249
-1.73720722482e-05
-0.000362057094226
-0.000494467183488
-5.29439820277e-06
-3.43122327907e-07
-1.47140691907e-06
-6.68577456405e-07
-2.34928988113e-06
-1.14336416659e-06
-3.44114489214e-06
-1.8021072081e-06
-4.78937634994e-06
-2.6863821371e-06
-6.44663747063e-06
-3.84761552283e-06
-8.4726795799e-06
-5.34819255945e-06
-1.09410207556e-05
-7.26439563543e-06
-1.39354242431e-05
-9.68885514049e-06
-1.75570125087e-05
-1.27266356206e-05
-2.19307591275e-05
-1.6488272652e-05
-2.72191660761e-05
-2.09929367306e-05
-3.37551581798e-05
-2.58827331997e-05
-4.22555635508e-05
-2.97388657745e-05
-5.5293601999e-05
-3.03808791035e-05
-7.93406337809e-05
-2.82128436786e-05
-0.000122923434577
-2.65004882524e-05
-0.000185812527681
-2.5213934286e-05
-0.000269412592223
-2.10503166028e-05
-0.000378567360319
-0.000522312967609
-6.38155130546e-06
-2.67901995626e-07
-1.5101381911e-06
-5.22285570175e-07
-2.41181341615e-06
-8.93963783476e-07
-3.53368616591e-06
-1.41016439674e-06
-4.91954986826e-06
-2.10425501427e-06
-6.62302825322e-06
-3.01646959657e-06
-8.70549074534e-06
-4.19650294997e-06
-1.12410542307e-05
-5.7037255609e-06
-1.43155702092e-05
-7.6111127599e-06
-1.80297626644e-05
-9.99847878737e-06
-2.25145513486e-05
-1.29637689256e-05
-2.7918367803e-05
-1.65607300765e-05
-3.45789277417e-05
-2.06050061612e-05
-4.32250013239e-05
-2.39973398575e-05
-5.66079345691e-05
-2.4841314367e-05
-8.16372960474e-05
-2.44366270518e-05
-0.000126721515678
-2.4749487782e-05
-0.000192317366867
-2.50801169761e-05
-0.000279758991302
-2.22798760662e-05
-0.000394554942513
-0.000550268569445
-6.48796661218e-06
-1.60128756457e-07
-1.57111007237e-06
-3.12288366424e-07
-2.50975561655e-06
-5.34302615465e-07
-3.67813441869e-06
-8.41897664433e-07
-5.1223943239e-06
-1.25456407531e-06
-6.89807294038e-06
-1.79434916228e-06
-9.07077709455e-06
-2.48992101095e-06
-1.17160926937e-05
-3.37049956104e-06
-1.49288784409e-05
-4.48017971181e-06
-1.88060117977e-05
-5.85670763629e-06
-2.3496662223e-05
-7.56095163567e-06
-2.91355785662e-05
-9.66179834656e-06
-3.60448422431e-05
-1.2241876067e-05
-4.48343868664e-05
-1.51912288883e-05
-5.79406051507e-05
-1.71181723843e-05
-8.32124994809e-05
-1.85434917702e-05
-0.000129980542574
-2.02484390906e-05
-0.000199006869129
-2.12436508207e-05
-0.000290369123018
-1.83946090843e-05
-0.000410262047345
-0.00057430545227
-4.72493034907e-06
-4.3600973335e-08
-1.64669407327e-06
-8.59325438055e-08
-2.63103380996e-06
-1.46952601561e-07
-3.85692664654e-06
-2.29341639588e-07
-5.37418627331e-06
-3.36432012068e-07
-7.24147304008e-06
-4.69915496047e-07
-9.5305742044e-06
-6.30443988477e-07
-1.23235376176e-05
-8.16999787212e-07
-1.57234073266e-05
-1.01627555644e-06
-1.98469513435e-05
-1.22767225933e-06
-2.48399387081e-05
-1.40251044399e-06
-3.08956038921e-05
-1.59260702906e-06
-3.82494764728e-05
-1.84983593016e-06
-4.75198305913e-05
-2.94749175765e-06
-6.02606932922e-05
-4.87720536139e-06
-8.46101064151e-05
-7.70571370486e-06
-0.000131749614688
-1.06623253883e-05
-0.00020361145626
-1.21368147893e-05
-0.000298249277754
-8.65853500101e-06
-0.00042337091769
-0.000589816906829
-1.01258891071e-06
6.29008271125e-09
1.10331133029e-08
1.88073864706e-08
3.04844307707e-08
4.97529687228e-08
7.77572729164e-08
1.24906015015e-07
1.92599927404e-07
3.07198631254e-07
4.71114466797e-07
7.48324597672e-07
1.14811748442e-06
1.82968264399e-06
2.73031377887e-06
3.19841604308e-06
2.3320325145e-06
9.53011029605e-07
-1.81172218978e-07
1.38980358405e-06
1.43621630544e-06
-2.65885324227e-07
-1.60050939496e-05
-2.02178262304e-05
-2.79202094032e-07
-1.8556970492e-05
-2.24610501583e-05
-3.23013835966e-07
-2.1287627184e-05
-2.4824943106e-05
-3.57312886372e-07
-2.41326486733e-05
-2.73069431048e-05
-4.14850701444e-07
-2.71071371784e-05
-2.99479845374e-05
-4.20767099703e-07
-3.02603246689e-05
-3.27185487499e-05
-4.27819486222e-07
-3.35261821969e-05
-3.56193882508e-05
-4.83383299257e-07
-3.68151446387e-05
-3.87150162073e-05
-4.84414477203e-07
-4.0184352043e-05
-4.19556644922e-05
-4.37463386542e-07
-4.36525043834e-05
-4.52892669073e-05
-4.06086368798e-07
-4.72284256674e-05
-4.87361731203e-05
-3.81924524543e-07
-5.09150101357e-05
-5.23019344662e-05
-3.65467081765e-07
-5.4709116747e-05
-5.59837968647e-05
-3.5969601801e-07
-5.85965966352e-05
-5.97800459909e-05
-3.55789944608e-07
-6.25869475304e-05
-6.36822322643e-05
-3.57114086788e-07
-6.66670003678e-05
-6.76875986886e-05
-3.59741279921e-07
-7.08325555418e-05
-7.17879767514e-05
-3.55133181485e-07
-7.50774293115e-05
-7.59605940487e-05
-3.53613800808e-07
-7.93519591937e-05
-8.01871601547e-05
-3.38346618902e-07
-8.36745576324e-05
-8.44335507513e-05
-3.36894448716e-07
-8.79894693524e-05
-8.87022228999e-05
-3.53194988429e-07
-9.23687911536e-05
-9.30107582698e-05
-4.36359021573e-07
-9.68400981134e-05
-9.74354947523e-05
-6.27787360667e-07
-0.000101544537286
-0.000102102723148
-9.52408371343e-07
-0.000106709488291
-0.000107165255386
-1.44680245341e-06
-0.000112409856812
-0.000112801293192
-1.97683798886e-06
-0.000118876705197
-0.000119030315524
-2.40702169854e-06
-0.000125820881524
-0.000125691540897
-2.31563636629e-06
-0.0001326769459
-0.00013214547511
-1.52942958855e-06
-0.000138276888549
-0.000137530981493
-2.73699656472e-07
-0.00014119802771
-0.000141101562236
1.10853551037e-06
)
;

boundaryField
{
    inletfuel
    {
        type            calculated;
        value           nonuniform 0();
    }
    inletair
    {
        type            calculated;
        value           nonuniform 0();
    }
    outlet
    {
        type            calculated;
        value           nonuniform List<scalar> 
26
(
-7.48866829024e-08
-2.25926082086e-07
-3.77643507316e-07
-4.53018031144e-07
-1.68649241938e-06
-2.69468663934e-06
-3.9511013633e-06
-5.5063524573e-06
-7.4233025552e-06
-9.77284735713e-06
-1.26482655609e-05
-1.61458659323e-05
-2.04099930751e-05
-2.55652894287e-05
-3.18695194986e-05
-3.95056024044e-05
-4.92349048627e-05
-6.22740381433e-05
-8.5476715927e-05
-0.000130607632612
-0.000203169310958
-0.000299174325805
-0.000427869134672
-0.000594248823731
-0.000142528172504
-0.00014219324719
)
;
    }
    axis
    {
        type            empty;
        value           nonuniform 0();
    }
    leftside
    {
        type            calculated;
        value           uniform 0;
    }
    burnerwall
    {
        type            calculated;
        value           nonuniform 0();
    }
    front
    {
        type            wedge;
        value           nonuniform List<scalar> 
815
(
-4.3196079434e-17
-8.02425076645e-17
-1.8876421915e-16
-1.59287842031e-16
-1.95923335752e-16
-2.27515716452e-17
-9.84429577549e-18
1.3001286183e-17
7.98836722358e-17
-1.42547211441e-17
1.58175958176e-16
-5.39615008409e-17
-1.10226573425e-16
-2.53450667336e-16
-7.13816818224e-17
2.30428924594e-17
-9.97751219181e-17
-8.455648771e-17
2.17204206419e-17
4.73333131191e-16
3.3120694098e-16
1.38765515517e-17
2.33241248532e-19
-5.75425342844e-18
-3.65172095644e-17
-6.79553169252e-16
-3.73451451799e-17
2.67364427365e-16
-5.60784373918e-16
2.01846098236e-16
-6.05883446504e-16
-1.18386696267e-16
-2.05924355286e-16
-2.14982992451e-16
-1.19949806797e-16
-1.90779447694e-16
-6.37559286111e-17
-2.98836172554e-17
2.82420697522e-17
2.09186410534e-16
-6.91548183442e-17
-8.41799059111e-17
-1.48297352234e-16
-2.96350905823e-16
-6.91781680816e-16
-2.09301586715e-16
6.84901644481e-17
-2.81798233281e-16
-2.4290098398e-16
3.21769156805e-17
1.26078821942e-15
8.66343067625e-16
2.61168938265e-17
-4.9834348067e-18
-1.64560114727e-17
-4.46626683895e-17
-3.30879587277e-16
-1.47251811656e-16
-7.25904240497e-16
-1.30052593571e-16
6.2151209884e-16
1.50962351944e-15
-1.7156458269e-16
-3.07663384986e-16
-2.5183503133e-16
-2.9932154075e-16
-2.00252536839e-16
-1.02067799013e-16
-5.88927496558e-17
-1.1334268639e-17
3.55328279498e-17
-1.33741109544e-16
-2.93329222536e-16
-2.17564125733e-16
-3.88406825833e-16
-7.54194223803e-16
-4.02035012297e-16
-3.91359765842e-16
-4.61700122644e-16
-4.23198912147e-16
-1.46367652855e-16
8.87494782029e-16
2.22852311775e-16
-2.65453751457e-17
-3.89008623619e-17
-3.60320801848e-17
-2.36214747341e-17
-1.46093646713e-17
-2.27880178262e-16
-5.60006392793e-16
2.62889099941e-16
-3.59477802787e-16
1.58293472685e-15
-1.57791352734e-16
-2.52817917471e-16
-2.42802778288e-16
-2.71395660126e-16
-2.14560215947e-16
-1.13712925832e-16
-7.46722122406e-17
-4.13852230632e-17
-3.5659713133e-17
-1.36865753527e-16
-2.34067328068e-16
-2.26307555693e-16
-3.61313312789e-16
-5.93679470649e-16
-4.82524597247e-16
-6.13878141003e-16
-5.32711595287e-16
-5.19687423443e-16
-3.43962533605e-16
1.00234173941e-16
-2.10428116775e-16
-1.02841807476e-16
-8.09915690239e-17
-5.51579498758e-17
-6.34097128261e-18
1.82821449143e-16
-3.31835777184e-16
-5.39777534828e-16
-5.9985872959e-17
-1.98973349319e-16
8.32365695813e-16
-3.90537270978e-16
-6.41007997732e-16
-7.17304458189e-16
-7.66158493731e-16
-7.69134221046e-16
-3.66885030176e-16
-2.68702343788e-16
-2.04022541527e-16
-2.17369978972e-16
-4.32262113695e-16
-6.26707913342e-16
-6.96479618311e-16
-1.00560156926e-15
-1.6205180495e-15
-1.63488171348e-15
-2.55304855522e-15
-1.7808158009e-15
-1.90206372932e-15
-1.57647441312e-15
-1.28421809647e-15
-1.93534903113e-15
-5.24008925768e-16
-3.98992346777e-16
-2.41431239312e-16
2.99921334705e-17
1.28387351939e-15
-1.80740383685e-15
-1.97812892244e-15
-8.13616653188e-16
4.93449934749e-17
2.31556525056e-15
-3.13381353162e-16
-8.00892832577e-16
-8.61999090866e-16
-7.73118540987e-16
-5.20457866472e-16
-3.8392201114e-16
-3.13659253962e-16
-2.66098051918e-16
-2.40284425951e-16
-6.6996082528e-16
-9.67856343699e-16
-8.11852576683e-16
-9.39507160797e-16
-1.18938783065e-15
-1.46094371139e-15
-1.68608554224e-15
-1.91690632082e-15
-2.65436772709e-15
-1.83126660906e-15
-1.23709715184e-15
-3.66992561243e-16
2.74660478451e-16
-3.67734070373e-16
-3.06561894205e-16
-2.17386739682e-16
2.25716471163e-17
-1.49887176858e-15
9.78668017778e-17
-4.37629367272e-16
2.00935265848e-15
5.7192747117e-16
-2.07343598884e-16
-2.72501844575e-16
-4.30791833774e-16
-4.53713825655e-16
-3.64872092027e-16
-3.35506951087e-16
-3.64494863789e-16
-4.935319813e-16
-7.52058927496e-16
-7.94595482052e-16
-8.42438434557e-16
-8.54840434903e-16
-9.22002601564e-16
-1.15121662831e-15
-1.69663948503e-15
-1.36581179695e-15
-1.5612301828e-15
-1.64835146154e-15
-1.49421894185e-15
-6.67127540089e-16
-1.78755668921e-15
-9.44610433873e-16
-8.34312018389e-16
-6.80433413965e-16
-4.8628084336e-16
-3.54336727157e-17
-6.77599689551e-16
-4.89348953285e-16
-9.50852519696e-16
-7.37977616031e-16
-3.40458207566e-15
-2.60047940362e-16
-3.03574871408e-16
-1.77657832454e-16
-3.72539614253e-16
-2.27646932892e-16
-2.29005624261e-16
-2.8121719179e-16
-4.25184718269e-16
-7.05319497086e-16
-1.06532462019e-15
-8.21297893483e-16
-8.17918003928e-16
-7.92360861299e-16
-7.81851554438e-16
-8.62605771896e-16
-9.6722601067e-16
-1.48662074273e-15
-1.23609711376e-15
-1.58725920351e-15
-5.80497123634e-16
-1.62364102087e-15
-1.06027370806e-15
-9.44560421257e-16
-7.95484566914e-16
-4.67549118006e-16
8.70818794374e-16
-1.48501950813e-15
-8.15085084988e-16
-2.39034075959e-15
-1.66735143067e-15
-3.82568206276e-15
-1.71867799242e-16
-1.56287738905e-16
-1.21701238371e-16
-1.22549345405e-16
-1.06188733271e-16
-1.22739948429e-16
-1.79773855169e-16
-3.02784023089e-16
-4.92872971956e-16
-6.22288615579e-16
-7.21834837691e-16
-6.85774118007e-16
-6.13598668792e-16
-4.67412025345e-16
-4.15758947938e-16
-3.07737239319e-16
-4.09981487036e-16
-4.59058862693e-16
-5.6980977469e-16
-5.37852975177e-16
-6.79682950062e-16
-6.76133757374e-16
-6.69874324437e-16
-6.2748696105e-16
-5.39273834275e-16
-3.34688153064e-16
-5.56998158208e-16
-5.80861810392e-16
-8.46871892807e-16
-6.85387912992e-16
-8.04667655413e-16
-1.44454777252e-16
-1.19868171304e-16
-6.79785510534e-17
-1.11044455394e-17
-3.12133765647e-17
-5.12631876681e-17
-1.1965337178e-16
-2.87536995515e-16
-6.06811058632e-16
-5.46722972802e-16
-8.33081154462e-16
-5.56064266222e-16
-3.93548748629e-16
1.65056428156e-17
-8.18987485896e-17
3.00594912613e-16
-1.61484698639e-17
-1.70078139804e-16
-2.57496027909e-16
-3.80628548706e-16
-4.68102991589e-16
-4.96569137788e-16
-5.0142329758e-16
-4.78285514086e-16
-4.683366756e-16
-6.21327255361e-16
-6.12885048109e-16
-6.56523439599e-16
-5.39368095998e-16
8.16630540249e-16
1.63443456793e-15
-1.78657691541e-16
-1.5512286709e-16
-6.8113432484e-17
1.26141215869e-16
-3.73974419833e-17
-3.79882826791e-17
-5.33405857999e-17
-9.02363860174e-17
-1.51704866887e-16
-2.0842359624e-16
-3.07802030274e-16
-2.8216354109e-16
-2.79100164497e-16
-2.95280543742e-16
-2.47136037764e-16
-2.0647156009e-16
-2.98504635047e-16
-6.69264304426e-16
-5.09649330309e-16
-7.13744512459e-16
-6.83736844255e-16
-5.32097560936e-16
-5.01141923217e-16
-4.24892649154e-16
-4.61309794471e-16
-1.26833465019e-15
-7.83043372214e-16
-9.0770262603e-16
-6.92834094752e-16
-4.85166328809e-16
-2.79430302407e-16
-2.57949000327e-16
-2.89216051701e-16
-3.41975126636e-16
-1.17451672976e-16
-1.04833305507e-16
-7.62837856351e-17
-5.95178441243e-17
-5.42570329765e-17
-6.48924688444e-17
-1.18258629019e-16
-2.91176208706e-16
-9.90766222157e-17
-1.18738032253e-16
-4.4163781717e-16
-2.31108849284e-16
-2.44402839764e-16
-2.54970152186e-16
-3.25358227964e-16
-5.44697872645e-16
-1.35474039991e-15
-7.91141125809e-16
-3.1556350837e-17
-3.6392281507e-16
-2.33874785688e-16
-5.15168289242e-17
-2.66377953283e-16
-3.63503506604e-16
-1.12493089749e-15
1.30821080032e-16
-2.636439831e-16
-1.94437731467e-16
-2.87721804669e-16
-1.43806208994e-16
-1.06733198138e-16
3.64012350563e-17
-6.34504070813e-17
-4.99554547955e-17
-3.7580949559e-17
-2.52844870745e-17
2.20447042164e-18
9.31110783392e-17
3.37125147291e-16
2.56857517972e-16
4.31079427509e-16
-3.01994115753e-17
7.13372400715e-17
-7.99020210772e-17
-1.04364074808e-16
-1.68422146966e-16
-3.614738253e-16
-1.00707617744e-15
-5.57312801456e-16
-4.55508786632e-16
-3.22356655289e-16
-9.18725133879e-17
5.5701192856e-16
-4.3167931514e-16
-1.84351246874e-16
-2.13333719068e-16
-1.22371527223e-16
-8.52508459215e-17
4.47214090412e-17
-6.03300012437e-17
-8.49505510703e-17
-2.31126715489e-16
-1.90773704805e-16
-7.42622833101e-17
-6.16935578966e-17
-4.69285188365e-17
-3.12554780659e-17
-3.11537211347e-19
7.76747691581e-17
1.27916700889e-16
1.77703578723e-16
2.3149399972e-16
2.32662717242e-16
1.29604845079e-16
-3.45332096467e-16
-4.67813794617e-17
-4.91537395634e-17
-1.03199770297e-16
-8.3241125625e-18
4.46997593711e-16
1.91541297353e-16
2.12411305291e-16
2.30092626446e-16
2.82860861693e-16
2.14800388125e-16
-3.18646942474e-16
2.85487962847e-16
5.21939509125e-16
7.47219060874e-16
2.38986477415e-15
8.02099586483e-17
1.72268538415e-16
8.54245037079e-17
1.56027559361e-16
7.02338305785e-17
3.36934226327e-17
1.95565805869e-17
1.29698832106e-17
5.10498896681e-17
2.79548349202e-16
2.72699525476e-16
2.9991734779e-16
3.59932491391e-16
4.53966940225e-16
4.71299847889e-16
5.36212975058e-16
5.39364351666e-16
5.24779389947e-16
7.66322662059e-17
3.51108045008e-16
-1.5579917118e-17
3.14178227865e-16
3.700307704e-16
4.07017783611e-16
4.60247304451e-16
6.83103584022e-16
7.95904664645e-16
2.03642233403e-15
2.68524099339e-15
2.2515312802e-15
2.38060547728e-15
6.02280873551e-17
-2.48944728753e-17
-7.75098089524e-17
-2.02549507162e-16
-6.1251333406e-18
-9.27139075756e-17
-8.39194036869e-17
-8.63903980094e-17
-1.12255783449e-16
9.65692172e-17
4.94668101122e-16
3.41108256888e-16
4.60445581617e-16
7.98738973932e-16
6.83392547357e-16
1.0714168688e-15
9.35339928918e-16
1.36362544277e-15
1.17820991678e-15
1.58677941532e-15
1.56451066744e-15
1.19190150603e-15
9.84388179901e-16
7.85064586612e-16
7.48854604491e-16
1.52282807705e-15
9.41287267809e-16
7.6829968849e-16
8.12257381736e-16
8.33871314345e-16
8.22155684862e-16
-1.0108914567e-16
-1.18345630843e-17
-2.61945649123e-17
-1.49137305843e-16
-1.71084050749e-16
-4.64320931333e-17
-2.59048252761e-17
-5.08048186104e-17
-2.78847092693e-16
3.07478011503e-16
2.29649419914e-16
2.71349728707e-16
2.44783497897e-16
-7.01394675257e-17
1.6258900031e-16
2.25511643458e-16
3.62263268615e-16
7.83330000694e-16
6.36317367742e-16
6.33874828012e-16
1.77697701288e-16
3.26954340285e-16
2.34992480782e-16
1.65286395732e-16
1.3097066215e-16
1.2840091319e-16
2.42358790673e-17
-8.21387634621e-16
-3.31802120799e-16
-4.90407988978e-16
-1.602225832e-15
-3.98504142639e-17
-2.64685058724e-17
-2.29826258417e-17
1.63411554104e-17
1.10147042684e-16
1.11600638567e-16
1.41623955881e-16
1.62009548363e-16
1.7495277175e-16
1.85747012483e-16
2.7216111577e-16
6.02290044541e-16
4.40137948299e-16
4.53354965609e-16
4.71917256727e-16
4.53398697403e-16
4.67256902419e-16
3.91086666697e-16
3.59639438835e-16
3.36747680844e-16
6.19777570394e-16
-1.85057897408e-17
7.97222394324e-17
-1.4104269448e-16
-2.14598585075e-16
-1.63406963522e-16
-2.06541648473e-16
-6.96899191837e-17
-2.20441508016e-17
6.94496044328e-16
3.42633943444e-16
3.21548568665e-16
8.0791723812e-18
3.37758296465e-17
-2.23085413398e-17
4.14479609821e-17
3.04576065321e-16
1.84456046199e-16
2.07305877173e-16
2.2080309068e-16
2.33806657394e-16
2.4688051219e-16
2.60799283347e-16
2.79806586295e-16
2.84677775464e-16
3.17821886527e-16
6.09591050346e-16
5.1315588879e-16
6.93000554603e-16
1.5551302785e-16
5.95505589632e-17
-2.88523632423e-16
3.85829551444e-16
-5.08777986105e-17
-2.3559116055e-16
-9.10126298046e-16
-6.08593978652e-16
-3.54708296528e-17
-4.1854285723e-16
1.84629263498e-16
-3.20120541244e-16
-1.06825151022e-15
-1.65531045964e-15
-2.33952715118e-15
-8.54938810609e-17
-7.02265513019e-17
-4.50998183266e-17
3.61832246693e-17
5.24532109493e-17
8.40398119486e-17
1.1260979391e-16
1.48394009224e-16
2.27793513367e-16
2.91944624429e-16
3.21629146836e-16
3.4049565862e-16
2.84937551879e-16
2.36284020402e-17
2.0381129638e-16
1.89648018028e-16
1.62415000264e-16
-3.9323709385e-17
-7.42509107954e-16
-1.0199170556e-15
-6.98194145357e-16
-5.45737913025e-16
-4.52937285326e-16
-4.99972188031e-16
-8.88924982356e-16
-7.25831349453e-16
-1.20584724842e-15
-8.03665986694e-16
-7.70088925646e-16
-8.17386933919e-16
-1.06008309529e-15
-1.90179349893e-15
-9.9052837726e-17
-9.57435578427e-17
-7.25103628608e-17
1.61668091203e-16
5.40793615865e-17
7.3634677145e-17
9.57175591335e-17
1.6393999733e-16
4.67981303989e-16
5.91859941213e-16
4.92914971441e-16
4.89733220507e-16
4.64317720441e-16
4.7741415453e-16
6.18581009045e-16
4.09255182527e-16
2.70960911785e-16
1.6295814091e-16
3.18194928284e-17
-4.98869083506e-17
2.74167894458e-17
3.33909534224e-16
2.70370656491e-17
-5.78436997212e-17
-2.11434174455e-16
-4.63458166947e-16
-8.92544081803e-16
-7.05109998909e-16
-6.96434190868e-16
-7.05119530233e-16
-8.88642819984e-16
-1.48903573422e-15
-6.22199150519e-17
-1.03679681618e-16
-1.12298342257e-16
-1.23446562998e-16
-1.14009644411e-16
-6.18622973429e-17
-1.3213977704e-17
2.35413855275e-17
7.35365551262e-17
1.15441633218e-16
1.13690964258e-16
1.25628285087e-16
1.21849414193e-16
1.05244886295e-16
4.70249611019e-17
-1.3600791578e-16
-4.46545185863e-16
-2.65371213784e-16
-2.8094157651e-16
-3.05877681746e-16
-3.28202542527e-16
-2.95620367212e-16
-2.97333744586e-16
-2.36090546561e-16
-2.40111141605e-16
-3.85844652569e-16
-5.75456211063e-16
-6.64108956345e-16
-6.4015759197e-16
-6.15495192146e-16
-6.22544008964e-16
-6.86604600192e-16
-7.05742055606e-17
-2.82961584493e-16
-2.04108294794e-16
-2.12741455001e-16
-1.17772035367e-16
1.4291946659e-16
2.45234271816e-16
2.12671596969e-16
2.69563537846e-16
2.99666760087e-16
7.45059837035e-17
1.32790183079e-16
1.13624269205e-16
9.81484680066e-17
7.48373997976e-17
3.02321728594e-17
-3.64018886252e-17
-1.06249251137e-16
-2.27763259326e-16
-4.24758023631e-16
-6.31858242244e-16
-5.51269999917e-16
-5.64845143788e-16
-2.38418347088e-16
-1.54644415107e-16
-4.95366474893e-16
-7.31487853673e-16
-8.55345636082e-16
-6.73485335311e-16
-6.24250889713e-16
-5.97993536804e-16
-6.03163034796e-16
-2.02922841807e-16
-2.12667095534e-16
-2.67384314658e-16
-3.58363313317e-16
-2.43632714751e-16
-1.7214799207e-16
-9.44050932588e-17
-2.48681582098e-17
3.3320874186e-17
7.52495638952e-17
9.76058172435e-17
1.15783518942e-16
1.20526777449e-16
1.23765430565e-16
1.23820510664e-16
1.14669365873e-16
8.48818424747e-17
2.57053471698e-17
-4.23862531371e-17
-1.18338692838e-16
-1.94986548199e-16
-2.6127350669e-16
-3.30194771097e-16
-4.11754043969e-16
-5.64910781931e-16
-8.06112849143e-16
-9.87366137943e-16
-9.22487309618e-16
-9.28838689517e-16
-9.42605386874e-16
-9.52933553153e-16
-9.72404297635e-16
-6.19805172565e-18
2.74280041393e-19
1.19965012483e-17
2.23331988864e-17
1.22953461375e-18
3.04860734667e-20
4.19239271041e-18
1.23240690885e-17
2.39666318555e-17
3.92197864067e-17
5.79235436797e-17
6.9375594987e-17
5.50742943649e-17
5.97651838864e-17
7.4703039818e-17
9.68969113371e-17
1.06573198002e-16
6.41592456365e-17
6.23006823547e-17
7.36228038069e-17
8.17738839106e-17
4.19022822557e-17
2.24774174292e-17
-4.7617344907e-17
-8.04778885006e-17
-1.10588525371e-16
-1.57186072344e-16
-2.52061361572e-16
-3.36922778686e-16
-4.57580513989e-16
-6.07316575309e-16
-7.46161079754e-16
6.57871545059e-18
1.61878355105e-17
3.16848873847e-17
4.20344104641e-17
1.67104732364e-17
1.14798052235e-17
1.21007914789e-17
1.79591446895e-17
2.862935146e-17
4.46975695755e-17
6.49398390562e-17
7.7217506103e-17
6.13631382669e-17
6.7252021427e-17
8.52740221645e-17
1.12978602269e-16
1.26358427464e-16
8.23143217093e-17
8.39809977809e-17
1.02772450376e-16
1.15064638871e-16
7.44667072748e-17
5.19627798729e-17
-2.6121898988e-17
-5.75837933331e-17
-8.22857810507e-17
-1.31699102987e-16
-2.52469375817e-16
-3.57612291328e-16
-4.94025117846e-16
-6.64006835036e-16
-8.17285764133e-16
)
;
    }
    back
    {
        type            wedge;
        value           nonuniform List<scalar> 
815
(
4.31939715909e-17
8.02385060194e-17
1.88759178342e-16
1.59281991274e-16
1.95916546219e-16
2.27441272829e-17
9.83620031e-18
-1.30098345323e-17
-7.98925498933e-17
1.42453173304e-17
-1.58185720949e-16
5.39508093683e-17
1.10214899421e-16
2.53438322424e-16
7.13684551607e-17
-2.30568656741e-17
9.97605483598e-17
8.45413597436e-17
-2.17358620043e-17
-4.73348682987e-16
-3.31222585459e-16
-1.38920251315e-17
-2.48806757157e-19
5.7385692454e-18
3.65016368184e-17
6.7953804422e-16
3.73316241037e-17
-2.67374803406e-16
5.60778072834e-16
-2.01847939796e-16
6.05883753981e-16
1.18381690111e-16
2.05915559686e-16
2.14971979186e-16
1.19936019196e-16
1.90764344682e-16
6.37393735805e-17
2.98654563243e-17
-2.82612691878e-17
-2.09205135724e-16
6.91334938053e-17
8.41569075879e-17
1.48273074386e-16
2.96324643166e-16
6.91755455217e-16
2.0927197229e-16
-6.85190599751e-17
2.81766078678e-16
2.42868130554e-16
-3.22101837575e-17
-1.26082161091e-15
-8.66376420837e-16
-2.61486048629e-17
4.95181345267e-18
1.64242413578e-17
4.46310633024e-17
3.30848198764e-16
1.47224167496e-16
7.25881180038e-16
1.30038635183e-16
-6.21515618858e-16
-1.50962245837e-15
1.71548251805e-16
3.07635587509e-16
2.51799127214e-16
2.9928019541e-16
2.00203291812e-16
1.02013687217e-16
5.88333290192e-17
1.127088221e-17
-3.55989905297e-17
1.33671139696e-16
2.93260606533e-16
2.17484279763e-16
3.88320873783e-16
7.5411011794e-16
4.01938365097e-16
3.91258462926e-16
4.61595946622e-16
4.23093095176e-16
1.46261370997e-16
-8.87601266769e-16
-2.22956132177e-16
2.64439885583e-17
3.88003385716e-17
3.59306408856e-17
2.35205993021e-17
1.45111806519e-17
2.27791534129e-16
5.59934342319e-16
-2.62932846063e-16
3.59466347692e-16
-1.58293340339e-15
1.57784219437e-16
2.52806579412e-16
2.42788638149e-16
2.71378848887e-16
2.1454078257e-16
1.13691525171e-16
7.4648659191e-17
4.13601694217e-17
3.56332598795e-17
1.36837607333e-16
2.34037184767e-16
2.26275707052e-16
3.61279060541e-16
5.93643221282e-16
4.82486353036e-16
6.13838351468e-16
5.32670639715e-16
5.19646109477e-16
3.43921391799e-16
-1.00274283795e-16
2.10388808629e-16
1.02803062272e-16
8.09529701331e-17
5.51187717791e-17
6.30216094357e-18
-1.82859005804e-16
3.31801397112e-16
5.39749689741e-16
5.99683341712e-17
1.9896690543e-16
-8.32366695623e-16
3.9081169124e-16
6.41386034026e-16
7.17777046935e-16
7.66714621325e-16
7.69766031675e-16
3.67602325154e-16
2.69492213554e-16
2.04866475224e-16
2.18265751337e-16
4.33208633716e-16
6.27713516286e-16
6.97541670685e-16
1.0067183012e-15
1.62162932507e-15
1.63605432428e-15
2.5542962023e-15
1.78190996995e-15
1.9032140716e-15
1.57765822407e-15
1.28538080118e-15
1.93673749262e-15
5.25131184754e-16
4.0005349883e-16
2.42465948318e-16
-2.8955185732e-17
-1.28249690902e-15
1.80862333165e-15
1.97908585102e-15
8.14172049699e-16
-4.90646187713e-17
-2.31555637971e-15
3.12971230827e-16
8.00188002309e-16
8.6108262032e-16
7.72054206745e-16
5.19233835236e-16
3.82556256123e-16
3.12160622624e-16
2.64500127291e-16
2.38683016941e-16
6.68176848468e-16
9.66127431268e-16
8.09861219453e-16
9.37432299302e-16
1.18725847451e-15
1.45881924014e-15
1.68402518429e-15
1.91500250504e-15
2.6518567753e-15
1.82925424102e-15
1.23504562249e-15
3.64294446687e-16
-2.77177440656e-16
3.65957498725e-16
3.04714540515e-16
2.15487893144e-16
-2.44771460029e-17
1.4965827124e-15
-9.96036450012e-17
4.3659129191e-16
-2.00965907495e-15
-5.72024355978e-16
2.07007204024e-16
2.72060673296e-16
4.30239974805e-16
4.53069781482e-16
3.64130759472e-16
3.34681176582e-16
3.63596552001e-16
4.92574590679e-16
7.51132392408e-16
7.9352818896e-16
8.41315864928e-16
8.53667532133e-16
9.20789280053e-16
1.14998952388e-15
1.69534957616e-15
1.36467499312e-15
1.56015301669e-15
1.64718908198e-15
1.49301103487e-15
6.65587936442e-16
1.78606361113e-15
9.43465412267e-16
8.33196159349e-16
6.793191602e-16
4.8514838577e-16
3.4359980336e-17
6.76611210277e-16
4.8849887925e-16
9.50240996202e-16
7.37646920213e-16
3.40456927344e-15
2.60534147695e-16
3.04183168506e-16
1.78486421785e-16
3.73458714354e-16
2.28715816551e-16
2.30193187622e-16
2.82496063154e-16
4.265428426e-16
7.06749253983e-16
1.06669250616e-15
8.22868196818e-16
8.19547598423e-16
7.94028085539e-16
7.83522397331e-16
8.64229909258e-16
9.68740444921e-16
1.48853984076e-15
1.23752634737e-15
1.58925849208e-15
5.82578538519e-16
1.62566893192e-15
1.06178451613e-15
9.46092762292e-16
7.97091144113e-16
4.69183674786e-16
-8.68709738308e-16
1.48690249415e-15
8.16293968025e-16
2.39124091582e-15
1.6677904253e-15
3.82562399683e-15
1.70918344487e-16
1.55024154987e-16
1.20128896882e-16
1.20722793261e-16
1.04112255104e-16
1.20462213088e-16
1.77333778119e-16
3.00205726559e-16
4.90171568784e-16
6.19475062493e-16
7.18922867348e-16
6.82785560209e-16
6.10581995919e-16
4.6446675142e-16
4.12937168486e-16
3.04951294812e-16
4.07263464333e-16
4.56398678754e-16
5.67184369757e-16
5.35228530221e-16
6.77055557283e-16
6.73506113422e-16
6.6723369212e-16
6.24771841385e-16
5.36466573377e-16
3.31892900902e-16
5.54440722698e-16
5.78671621439e-16
8.45282481931e-16
6.8451271906e-16
8.04407573053e-16
1.49239697666e-16
1.26184371798e-16
7.58352782393e-17
2.03011607839e-17
4.16335359939e-17
6.25782153014e-17
1.31777822345e-16
3.00222317794e-16
6.18816839647e-16
5.60200536227e-16
8.45984158664e-16
5.70066103997e-16
4.07753266654e-16
-2.17356788255e-18
9.7012553334e-17
-2.85171543108e-16
3.15503854269e-17
1.85277287601e-16
2.72199815382e-16
3.94826016995e-16
4.82012280773e-16
5.10573182015e-16
5.15871306342e-16
4.93404673367e-16
4.83911977982e-16
6.36331830251e-16
6.26470046777e-16
6.67632299963e-16
5.47031123381e-16
-8.14527382121e-16
-1.63504774815e-15
1.75084629974e-16
1.50339956035e-16
6.22082022737e-17
-1.32576675528e-16
2.97864211825e-17
2.97700969944e-17
4.46075655541e-17
8.11483492844e-17
1.42411233744e-16
1.98993628823e-16
2.98331376489e-16
2.72641612585e-16
2.69559430433e-16
2.8575870194e-16
2.37599631969e-16
1.968901523e-16
2.89072269944e-16
6.58502291299e-16
5.00920781512e-16
7.05323702005e-16
6.75292488927e-16
5.23270146392e-16
4.91829195047e-16
4.14913316962e-16
4.50947673516e-16
1.25518417641e-15
7.74092440126e-16
9.00239072836e-16
6.87493812906e-16
4.82275067254e-16
2.78386877162e-16
2.58622796165e-16
2.90119868731e-16
3.43039491149e-16
1.18725481963e-16
1.0624345614e-16
7.77881658593e-17
6.10722121608e-17
5.58180458891e-17
6.64425576561e-17
1.19795112216e-16
2.92723377258e-16
1.00630707802e-16
1.20177950929e-16
4.43296297752e-16
2.32423365012e-16
2.45637568292e-16
2.56157390675e-16
3.26523758763e-16
5.45878326326e-16
1.3565984239e-15
7.92540860333e-16
3.36717226324e-17
3.65289588233e-16
2.35327899066e-16
5.30912848764e-17
2.67923145526e-16
3.64967280303e-16
1.1265496525e-15
-1.29885700881e-16
2.64149727273e-16
1.94559612587e-16
2.89879620657e-16
1.46860665845e-16
1.10512236068e-16
-3.24281852399e-17
6.80446664876e-17
5.47987745202e-17
4.25796172896e-17
3.03343973692e-17
2.83940971755e-18
-8.81361543027e-17
-3.32384920153e-16
-2.52239835825e-16
-4.26222907566e-16
3.50680858842e-17
-6.69347215394e-17
8.43496118638e-17
1.08646917427e-16
1.72571986981e-16
3.6543704099e-16
1.01263022482e-15
5.6133503184e-16
4.59713543965e-16
3.26936261263e-16
9.70985796495e-17
-5.49741365946e-16
4.38812533722e-16
1.89379305596e-16
2.17489836851e-16
1.25325505472e-16
8.68537393905e-17
-4.41179066891e-17
4.98295018872e-17
7.13174120912e-17
2.15752033947e-16
1.73669501501e-16
5.42768094972e-17
4.07241136132e-17
2.55225720374e-17
9.92642153864e-18
-2.07529152166e-17
-9.84142567017e-17
-1.48053022127e-16
-1.97109232283e-16
-2.50178840918e-16
-2.5081263556e-16
-1.47596484478e-16
3.26474657224e-16
2.86095120944e-17
3.07895505765e-17
8.46434403993e-17
-1.12104028197e-17
-4.69291808086e-16
-2.12500965538e-16
-2.34928537092e-16
-2.54258458592e-16
-3.07898084438e-16
-2.39808254908e-16
2.93237234117e-16
-3.03609034645e-16
-5.33425608092e-16
-7.52069933409e-16
-2.38825016217e-15
-8.20144818293e-17
-1.74399003813e-16
-8.80408357861e-17
-1.58767810596e-16
-7.32783550719e-17
-3.67515661855e-17
-2.25377830528e-17
-1.58285778708e-17
-5.37591987379e-17
-2.82225436014e-16
-2.75179395117e-16
-3.0225575803e-16
-3.62096867686e-16
-4.55968834644e-16
-4.73155224905e-16
-5.37965796994e-16
-5.41089266491e-16
-5.2654348114e-16
-7.97018383794e-17
-3.53088027911e-16
1.2334125546e-17
-3.16490519472e-16
-3.72521747173e-16
-4.09735262496e-16
-4.6315470346e-16
-6.86042499949e-16
-7.98698069963e-16
-2.03957144444e-15
-2.68719044642e-15
-2.25254199236e-15
-2.3809059474e-15
-7.50205026871e-17
5.11549608686e-18
5.43802385983e-17
1.79888955022e-16
-1.7296866122e-17
6.67707052311e-17
5.87340391676e-17
6.23767929894e-17
8.95407778968e-17
-1.18214266227e-16
-5.13529468794e-16
-3.59646659036e-16
-4.78030688162e-16
-8.17324355675e-16
-6.99686781965e-16
-1.09077048607e-15
-9.51255097442e-16
-1.38449913407e-15
-1.19463396926e-15
-1.6100941547e-15
-1.58956518024e-15
-1.21206518025e-15
-1.0071204281e-15
-8.10575872776e-16
-7.7618287852e-16
-1.55597273107e-15
-9.6522868466e-16
-7.87937010716e-16
-8.25139181981e-16
-8.38712885673e-16
-8.22165739901e-16
1.65788530846e-16
9.54765590746e-17
1.19815491459e-16
2.39538484971e-16
2.6073899044e-16
1.39805861819e-16
1.14052006432e-16
1.34008836186e-16
3.50478457211e-16
-2.3920038048e-16
-1.57331534073e-16
-2.01549143708e-16
-1.77089997914e-16
1.35678612995e-16
-9.51023475124e-17
-1.56785903792e-16
-2.91775671609e-16
-7.06112853731e-16
-5.60383998727e-16
-5.52868539422e-16
-8.00410491948e-17
-2.28313737508e-16
-1.25755320808e-16
-4.51918885344e-17
-3.44775777143e-18
-1.35994275711e-18
9.10058993341e-17
9.17089569112e-16
3.90220674177e-16
5.13326931364e-16
1.60169871811e-15
2.4039005153e-17
6.5610454634e-18
3.93047631971e-19
-4.02533557711e-17
-1.34082875025e-16
-1.34674626299e-16
-1.63212461431e-16
-1.81913768208e-16
-1.93132754019e-16
-2.02386198428e-16
-2.87400144419e-16
-6.16524387128e-16
-4.53137607095e-16
-4.65870917337e-16
-4.8424223861e-16
-4.65841051527e-16
-4.79977524515e-16
-4.04453838124e-16
-3.73844905839e-16
-3.52090217718e-16
-6.39895021499e-16
-3.53147045811e-18
-1.00950987657e-16
1.17690511999e-16
1.90026876615e-16
1.37642424555e-16
1.81577755963e-16
4.69992321496e-17
3.92929671131e-18
-7.05433944258e-16
-3.46031946891e-16
-3.20461281829e-16
-4.48014126827e-17
-7.7176720365e-17
-2.92463200708e-17
-9.40680390804e-17
-3.49865124042e-16
-2.33382515438e-16
-2.53028182227e-16
-2.63366421942e-16
-2.73213536766e-16
-2.8342405624e-16
-2.94859019211e-16
-3.11884442802e-16
-3.15475011927e-16
-3.48036375225e-16
-6.42025631885e-16
-5.43394731562e-16
-7.28196427564e-16
-1.93679018214e-16
-9.6167819126e-17
2.47086976531e-16
-4.29954637144e-16
4.77591106889e-18
1.86623870068e-16
8.53227143017e-16
5.5432326835e-16
-2.94605082546e-17
3.62493321179e-16
-2.3875283444e-16
2.78060424956e-16
1.03719707881e-15
1.64520136046e-15
2.34187903633e-15
1.31169931039e-16
1.221790846e-16
9.88920465739e-17
1.70154015367e-17
-1.32791489337e-18
-3.55245893371e-17
-6.74697866332e-17
-1.06378026724e-16
-1.88864404814e-16
-2.56023571257e-16
-2.882924015e-16
-3.09050530046e-16
-2.54493350226e-16
8.83107687702e-18
-1.72806502107e-16
-1.57620170178e-16
-1.28800805484e-16
7.57046328737e-17
7.83011962091e-16
1.06334883432e-15
7.38083517479e-16
5.89268078525e-16
5.00178543208e-16
5.50087376278e-16
9.4778934481e-16
7.77255922177e-16
1.26298906474e-15
8.47207553978e-16
8.06178007603e-16
8.41669795085e-16
1.06940709706e-15
1.8950821252e-15
3.0725233488e-17
2.01488368174e-17
-5.8747598096e-18
-2.32249148287e-16
-1.29254990436e-16
-1.45383803135e-16
-1.62800579882e-16
-2.26651978203e-16
-5.21662873132e-16
-6.43056067273e-16
-5.43103857205e-16
-5.37805076465e-16
-5.11349616278e-16
-5.24323780572e-16
-6.69679502117e-16
-4.5824966519e-16
-3.22443751999e-16
-2.17324113423e-16
-8.95182365557e-17
-1.06839758386e-17
-8.99981917175e-17
-3.9991021293e-16
-9.25501958084e-17
-9.141700345e-18
1.44974930831e-16
3.98436501152e-16
8.21426744683e-16
6.44204585581e-16
6.42553837647e-16
6.64871411111e-16
8.70848144653e-16
1.49037283387e-15
1.85383805612e-17
5.52402154964e-17
6.19198813887e-17
7.33726198144e-17
6.65624275663e-17
1.7657733403e-17
-2.7844007565e-17
-6.18389073328e-17
-1.09254227917e-16
-1.48604996295e-16
-1.44650176277e-16
-1.5493523521e-16
-1.50116961176e-16
-1.33010909284e-16
-7.48284010711e-17
1.08087813064e-16
4.16549405912e-16
2.37835978166e-16
2.5324414761e-16
2.78112558801e-16
3.00475946178e-16
2.67604521938e-16
2.69004717426e-16
2.06510601665e-16
2.08499829046e-16
3.51781985131e-16
5.38538654286e-16
6.25962852977e-16
6.04911398668e-16
5.87850785223e-16
6.09976722564e-16
6.92004642327e-16
1.51969727428e-16
3.60900743971e-16
2.89006690522e-16
2.94341102925e-16
1.93845251923e-16
-7.82026987647e-17
-1.85207464009e-16
-1.530898261e-16
-2.1550682317e-16
-2.52175581193e-16
-2.87822125248e-17
-9.11955904404e-17
-7.43584437263e-17
-6.02787967504e-17
-3.74575459936e-17
7.44604135766e-18
7.45942648933e-17
1.44954628639e-16
2.66843320336e-16
4.63846613362e-16
6.75884337622e-16
5.91500611522e-16
6.11950659136e-16
2.8518242003e-16
2.13575015287e-16
5.58363216673e-16
8.07190165109e-16
9.51485184788e-16
7.61223604963e-16
6.98571831479e-16
6.3896236064e-16
6.06144623657e-16
1.8469290896e-16
1.94701116795e-16
2.50268727481e-16
3.44752581231e-16
2.29172115408e-16
1.58898634166e-16
8.25038842354e-17
1.42467842029e-17
-4.29351116547e-17
-8.39125408531e-17
-1.05697347201e-16
-1.23571050851e-16
-1.28292595243e-16
-1.31599870695e-16
-1.31898238272e-16
-1.22988559939e-16
-9.35119083055e-17
-3.46560633739e-17
3.32199830035e-17
1.09266233763e-16
1.86006793055e-16
2.52014621071e-16
3.20016380686e-16
3.99249647782e-16
5.48478205619e-16
7.83774902189e-16
9.56318483432e-16
8.87986166695e-16
8.93412447145e-16
9.16218677966e-16
9.46501384765e-16
9.80266364973e-16
6.4490929832e-18
-7.55317726733e-21
-1.1704135213e-17
-2.22090566811e-17
-9.03963533099e-19
2.96409549963e-19
-3.87424252002e-18
-1.20222924671e-17
-2.36785261943e-17
-3.89529412369e-17
-5.76670747163e-17
-6.92012387653e-17
-5.48332939554e-17
-5.95262199704e-17
-7.44617839045e-17
-9.66475309754e-17
-1.06426528173e-16
-6.38897678751e-17
-6.20161961629e-17
-7.33364834488e-17
-8.16025333813e-17
-4.15723827801e-17
-2.2254832391e-17
4.81204110231e-17
8.11012932321e-17
1.11432912842e-16
1.57923409241e-16
2.53160402295e-16
3.3801596805e-16
4.58312065123e-16
6.07575982971e-16
7.46102510075e-16
-6.46351765638e-18
-1.60925221087e-17
-3.15975847623e-17
-4.19685889849e-17
-1.66446840791e-17
-1.14260058409e-17
-1.20471546229e-17
-1.79128990043e-17
-2.85893762848e-17
-4.46608184459e-17
-6.4904894163e-17
-7.72011740864e-17
-6.13240518169e-17
-6.72090555648e-17
-8.52265473293e-17
-1.12927063111e-16
-1.2631396665e-16
-8.22608894613e-17
-8.39338712069e-17
-1.02726342678e-16
-1.15043441217e-16
-7.44152927916e-17
-5.19470686123e-17
2.62427674262e-17
5.77916034138e-17
8.25886791618e-17
1.31950414308e-16
2.52959302479e-16
3.58096760866e-16
4.94411611301e-16
6.64009449268e-16
8.16504447938e-16
)
;
    }
    procBoundary1to0
    {
        type            processor;
        value           nonuniform List<scalar> 
27
(
5.68031379616e-08
1.69995885714e-07
2.81606370262e-07
3.36723394367e-07
4.33865798099e-06
-5.45316290693e-06
-2.53042999745e-05
-4.32737353094e-05
-5.06806247645e-05
-4.34759813613e-05
-3.50978988979e-06
1.23643854028e-06
1.91745755448e-06
2.69450192268e-06
3.56205360454e-06
4.50650899368e-06
5.50567957296e-06
6.52927998923e-06
7.52677962724e-06
8.44332208151e-06
9.16245014326e-06
9.4813625439e-06
9.03930303103e-06
1.16920993009e-05
7.18925210254e-06
1.36498082999e-05
1.80501676437e-05
)
;
    }
}


// ************************************************************************* //
