/*--------------------------------*- C++ -*----------------------------------*\
  =========                 |
  \\      /  F ield         | OpenFOAM: The Open Source CFD Toolbox
   \\    /   O peration     | Website:  https://openfoam.org
    \\  /    A nd           | Version:  7
     \\/     M anipulation  |
\*---------------------------------------------------------------------------*/
FoamFile
{
    version     2.0;
    format      ascii;
    class       faceList;
    location    "constant/polyMesh";
    object      faces;
}
// * * * * * * * * * * * * * * * * * * * * * * * * * * * * * * * * * * * * * //


3285
(
4(1 4 11 8)
3(7 8 11)
4(2 5 12 9)
4(8 9 12 11)
4(9 10 13 12)
4(8 11 18 15)
3(14 15 18)
4(9 12 19 16)
4(15 16 19 18)
4(16 17 20 19)
4(15 18 25 22)
3(21 22 25)
4(16 19 26 23)
4(22 23 26 25)
4(23 24 27 26)
4(22 25 32 29)
3(28 29 32)
4(23 26 33 30)
4(29 30 33 32)
4(30 31 34 33)
4(24 27 34 31)
4(29 32 39 36)
3(35 36 39)
4(30 33 40 37)
4(36 37 40 39)
4(37 38 41 40)
4(31 34 41 38)
4(36 39 46 43)
3(42 43 46)
4(37 40 47 44)
4(43 44 47 46)
4(44 45 48 47)
4(38 41 48 45)
4(43 46 53 50)
3(49 50 53)
4(44 47 54 51)
4(50 51 54 53)
4(51 52 55 54)
4(45 48 55 52)
4(50 53 60 57)
3(56 57 60)
4(51 54 61 58)
4(57 58 61 60)
4(58 59 62 61)
4(52 55 62 59)
4(57 60 67 64)
3(63 64 67)
4(58 61 68 65)
4(64 65 68 67)
4(65 66 69 68)
4(59 62 69 66)
4(64 67 74 71)
3(70 71 74)
4(65 68 75 72)
4(71 72 75 74)
4(72 73 76 75)
4(66 69 76 73)
4(71 74 81 78)
3(77 78 81)
4(72 75 82 79)
4(78 79 82 81)
4(79 80 83 82)
4(73 76 83 80)
4(78 81 88 85)
3(84 85 88)
4(79 82 89 86)
4(85 86 89 88)
4(86 87 90 89)
4(80 83 90 87)
4(85 88 95 92)
3(91 92 95)
4(86 89 96 93)
4(92 93 96 95)
4(93 94 97 96)
4(87 90 97 94)
4(92 95 102 99)
3(98 99 102)
4(93 96 103 100)
4(99 100 103 102)
4(100 101 104 103)
4(94 97 104 101)
4(99 102 109 106)
3(105 106 109)
4(100 103 110 107)
4(106 107 110 109)
4(107 108 111 110)
4(101 104 111 108)
4(106 109 116 113)
3(112 113 116)
4(107 110 117 114)
4(113 114 117 116)
4(114 115 118 117)
4(108 111 118 115)
4(113 116 123 120)
3(119 120 123)
4(114 117 124 121)
4(120 121 124 123)
4(121 122 125 124)
4(115 118 125 122)
4(120 123 130 127)
3(126 127 130)
4(121 124 131 128)
4(127 128 131 130)
4(128 129 132 131)
4(122 125 132 129)
4(127 130 137 134)
3(133 134 137)
4(128 131 138 135)
4(134 135 138 137)
4(135 136 139 138)
4(129 132 139 136)
4(134 137 144 141)
3(140 141 144)
4(135 138 145 142)
4(141 142 145 144)
4(142 143 146 145)
4(136 139 146 143)
4(141 144 151 148)
3(147 148 151)
4(142 145 152 149)
4(148 149 152 151)
4(149 150 153 152)
4(143 146 153 150)
4(148 151 158 155)
3(154 155 158)
4(149 152 159 156)
4(155 156 159 158)
4(156 157 160 159)
4(150 153 160 157)
4(155 158 165 162)
3(161 162 165)
4(156 159 166 163)
4(162 163 166 165)
4(163 164 167 166)
4(157 160 167 164)
4(162 165 172 169)
3(168 169 172)
4(163 166 173 170)
4(169 170 173 172)
4(170 171 174 173)
4(164 167 174 171)
4(169 172 179 176)
3(175 176 179)
4(170 173 180 177)
4(176 177 180 179)
4(177 178 181 180)
4(171 174 181 178)
4(176 179 186 183)
3(182 183 186)
4(177 180 187 184)
4(183 184 187 186)
4(184 185 188 187)
4(178 181 188 185)
4(183 186 193 190)
3(189 190 193)
4(184 187 194 191)
4(190 191 194 193)
4(191 192 195 194)
4(185 188 195 192)
4(190 193 200 197)
3(196 197 200)
4(191 194 201 198)
4(197 198 201 200)
4(198 199 202 201)
4(192 195 202 199)
4(197 200 207 204)
3(203 204 207)
4(198 201 208 205)
4(204 205 208 207)
4(205 206 209 208)
4(199 202 209 206)
4(204 207 214 211)
3(210 211 214)
4(205 208 215 212)
4(211 212 215 214)
4(212 213 216 215)
4(206 209 216 213)
4(211 214 221 218)
3(217 218 221)
4(212 215 222 219)
4(218 219 222 221)
4(219 220 223 222)
4(213 216 223 220)
4(218 221 228 225)
4(219 222 229 226)
4(220 223 230 227)
4(31 233 234 34)
4(231 232 234 233)
4(38 235 236 41)
4(233 234 236 235)
4(45 237 238 48)
4(235 236 238 237)
4(52 239 240 55)
4(237 238 240 239)
4(59 241 242 62)
4(239 240 242 241)
4(66 243 244 69)
4(241 242 244 243)
4(73 245 246 76)
4(243 244 246 245)
4(80 247 248 83)
4(245 246 248 247)
4(87 249 250 90)
4(247 248 250 249)
4(94 251 252 97)
4(249 250 252 251)
4(101 253 254 104)
4(251 252 254 253)
4(108 255 256 111)
4(253 254 256 255)
4(115 257 258 118)
4(255 256 258 257)
4(122 259 260 125)
4(257 258 260 259)
4(129 261 262 132)
4(259 260 262 261)
4(136 263 264 139)
4(261 262 264 263)
4(143 265 266 146)
4(263 264 266 265)
4(150 267 268 153)
4(265 266 268 267)
4(157 269 270 160)
4(267 268 270 269)
4(164 271 272 167)
4(269 270 272 271)
4(171 273 274 174)
4(271 272 274 273)
4(178 275 276 181)
4(273 274 276 275)
4(185 277 278 188)
4(275 276 278 277)
4(192 279 280 195)
4(277 278 280 279)
4(199 281 282 202)
4(279 280 282 281)
4(206 283 284 209)
4(281 282 284 283)
4(213 285 286 216)
4(283 284 286 285)
4(220 287 288 223)
4(285 286 288 287)
4(287 288 290 289)
4(292 313 355 334)
4(333 334 355 354)
4(293 314 356 335)
4(334 335 356 355)
4(294 315 357 336)
4(335 336 357 356)
4(295 316 358 337)
4(336 337 358 357)
4(296 317 359 338)
4(337 338 359 358)
4(297 318 360 339)
4(338 339 360 359)
4(298 319 361 340)
4(339 340 361 360)
4(299 320 362 341)
4(340 341 362 361)
4(300 321 363 342)
4(341 342 363 362)
4(301 322 364 343)
4(342 343 364 363)
4(302 323 365 344)
4(343 344 365 364)
4(303 324 366 345)
4(344 345 366 365)
4(304 325 367 346)
4(345 346 367 366)
4(305 326 368 347)
4(346 347 368 367)
4(306 327 369 348)
4(347 348 369 368)
4(307 328 370 349)
4(348 349 370 369)
4(308 329 371 350)
4(349 350 371 370)
4(309 330 372 351)
4(350 351 372 371)
4(310 331 373 352)
4(351 352 373 372)
4(352 353 374 373)
4(334 355 397 376)
4(375 376 397 396)
4(335 356 398 377)
4(376 377 398 397)
4(336 357 399 378)
4(377 378 399 398)
4(337 358 400 379)
4(378 379 400 399)
4(338 359 401 380)
4(379 380 401 400)
4(339 360 402 381)
4(380 381 402 401)
4(340 361 403 382)
4(381 382 403 402)
4(341 362 404 383)
4(382 383 404 403)
4(342 363 405 384)
4(383 384 405 404)
4(343 364 406 385)
4(384 385 406 405)
4(344 365 407 386)
4(385 386 407 406)
4(345 366 408 387)
4(386 387 408 407)
4(346 367 409 388)
4(387 388 409 408)
4(347 368 410 389)
4(388 389 410 409)
4(348 369 411 390)
4(389 390 411 410)
4(349 370 412 391)
4(390 391 412 411)
4(350 371 413 392)
4(391 392 413 412)
4(351 372 414 393)
4(392 393 414 413)
4(352 373 415 394)
4(393 394 415 414)
4(394 395 416 415)
4(376 397 437 417)
4(231 417 437 232)
4(377 398 438 418)
4(417 418 438 437)
4(378 399 439 419)
4(418 419 439 438)
4(379 400 440 420)
4(419 420 440 439)
4(380 401 441 421)
4(420 421 441 440)
4(381 402 442 422)
4(421 422 442 441)
4(382 403 443 423)
4(422 423 443 442)
4(383 404 444 424)
4(423 424 444 443)
4(384 405 445 425)
4(424 425 445 444)
4(385 406 446 426)
4(425 426 446 445)
4(386 407 447 427)
4(426 427 447 446)
4(387 408 448 428)
4(427 428 448 447)
4(388 409 449 429)
4(428 429 449 448)
4(389 410 450 430)
4(429 430 450 449)
4(390 411 451 431)
4(430 431 451 450)
4(391 412 452 432)
4(431 432 452 451)
4(392 413 453 433)
4(432 433 453 452)
4(393 414 454 434)
4(433 434 454 453)
4(394 415 455 435)
4(434 435 455 454)
4(435 436 456 455)
4(417 437 477 457)
4(233 457 477 234)
4(418 438 478 458)
4(457 458 478 477)
4(419 439 479 459)
4(458 459 479 478)
4(420 440 480 460)
4(459 460 480 479)
4(421 441 481 461)
4(460 461 481 480)
4(422 442 482 462)
4(461 462 482 481)
4(423 443 483 463)
4(462 463 483 482)
4(424 444 484 464)
4(463 464 484 483)
4(425 445 485 465)
4(464 465 485 484)
4(426 446 486 466)
4(465 466 486 485)
4(427 447 487 467)
4(466 467 487 486)
4(428 448 488 468)
4(467 468 488 487)
4(429 449 489 469)
4(468 469 489 488)
4(430 450 490 470)
4(469 470 490 489)
4(431 451 491 471)
4(470 471 491 490)
4(432 452 492 472)
4(471 472 492 491)
4(433 453 493 473)
4(472 473 493 492)
4(434 454 494 474)
4(473 474 494 493)
4(435 455 495 475)
4(474 475 495 494)
4(475 476 496 495)
4(436 456 496 476)
4(457 477 517 497)
4(235 497 517 236)
4(458 478 518 498)
4(497 498 518 517)
4(459 479 519 499)
4(498 499 519 518)
4(460 480 520 500)
4(499 500 520 519)
4(461 481 521 501)
4(500 501 521 520)
4(462 482 522 502)
4(501 502 522 521)
4(463 483 523 503)
4(502 503 523 522)
4(464 484 524 504)
4(503 504 524 523)
4(465 485 525 505)
4(504 505 525 524)
4(466 486 526 506)
4(505 506 526 525)
4(467 487 527 507)
4(506 507 527 526)
4(468 488 528 508)
4(507 508 528 527)
4(469 489 529 509)
4(508 509 529 528)
4(470 490 530 510)
4(509 510 530 529)
4(471 491 531 511)
4(510 511 531 530)
4(472 492 532 512)
4(511 512 532 531)
4(473 493 533 513)
4(512 513 533 532)
4(474 494 534 514)
4(513 514 534 533)
4(475 495 535 515)
4(514 515 535 534)
4(515 516 536 535)
4(476 496 536 516)
4(497 517 557 537)
4(237 537 557 238)
4(498 518 558 538)
4(537 538 558 557)
4(499 519 559 539)
4(538 539 559 558)
4(500 520 560 540)
4(539 540 560 559)
4(501 521 561 541)
4(540 541 561 560)
4(502 522 562 542)
4(541 542 562 561)
4(503 523 563 543)
4(542 543 563 562)
4(504 524 564 544)
4(543 544 564 563)
4(505 525 565 545)
4(544 545 565 564)
4(506 526 566 546)
4(545 546 566 565)
4(507 527 567 547)
4(546 547 567 566)
4(508 528 568 548)
4(547 548 568 567)
4(509 529 569 549)
4(548 549 569 568)
4(510 530 570 550)
4(549 550 570 569)
4(511 531 571 551)
4(550 551 571 570)
4(512 532 572 552)
4(551 552 572 571)
4(513 533 573 553)
4(552 553 573 572)
4(514 534 574 554)
4(553 554 574 573)
4(515 535 575 555)
4(554 555 575 574)
4(555 556 576 575)
4(516 536 576 556)
4(537 557 597 577)
4(239 577 597 240)
4(538 558 598 578)
4(577 578 598 597)
4(539 559 599 579)
4(578 579 599 598)
4(540 560 600 580)
4(579 580 600 599)
4(541 561 601 581)
4(580 581 601 600)
4(542 562 602 582)
4(581 582 602 601)
4(543 563 603 583)
4(582 583 603 602)
4(544 564 604 584)
4(583 584 604 603)
4(545 565 605 585)
4(584 585 605 604)
4(546 566 606 586)
4(585 586 606 605)
4(547 567 607 587)
4(586 587 607 606)
4(548 568 608 588)
4(587 588 608 607)
4(549 569 609 589)
4(588 589 609 608)
4(550 570 610 590)
4(589 590 610 609)
4(551 571 611 591)
4(590 591 611 610)
4(552 572 612 592)
4(591 592 612 611)
4(553 573 613 593)
4(592 593 613 612)
4(554 574 614 594)
4(593 594 614 613)
4(555 575 615 595)
4(594 595 615 614)
4(595 596 616 615)
4(556 576 616 596)
4(577 597 637 617)
4(241 617 637 242)
4(578 598 638 618)
4(617 618 638 637)
4(579 599 639 619)
4(618 619 639 638)
4(580 600 640 620)
4(619 620 640 639)
4(581 601 641 621)
4(620 621 641 640)
4(582 602 642 622)
4(621 622 642 641)
4(583 603 643 623)
4(622 623 643 642)
4(584 604 644 624)
4(623 624 644 643)
4(585 605 645 625)
4(624 625 645 644)
4(586 606 646 626)
4(625 626 646 645)
4(587 607 647 627)
4(626 627 647 646)
4(588 608 648 628)
4(627 628 648 647)
4(589 609 649 629)
4(628 629 649 648)
4(590 610 650 630)
4(629 630 650 649)
4(591 611 651 631)
4(630 631 651 650)
4(592 612 652 632)
4(631 632 652 651)
4(593 613 653 633)
4(632 633 653 652)
4(594 614 654 634)
4(633 634 654 653)
4(595 615 655 635)
4(634 635 655 654)
4(635 636 656 655)
4(596 616 656 636)
4(617 637 677 657)
4(243 657 677 244)
4(618 638 678 658)
4(657 658 678 677)
4(619 639 679 659)
4(658 659 679 678)
4(620 640 680 660)
4(659 660 680 679)
4(621 641 681 661)
4(660 661 681 680)
4(622 642 682 662)
4(661 662 682 681)
4(623 643 683 663)
4(662 663 683 682)
4(624 644 684 664)
4(663 664 684 683)
4(625 645 685 665)
4(664 665 685 684)
4(626 646 686 666)
4(665 666 686 685)
4(627 647 687 667)
4(666 667 687 686)
4(628 648 688 668)
4(667 668 688 687)
4(629 649 689 669)
4(668 669 689 688)
4(630 650 690 670)
4(669 670 690 689)
4(631 651 691 671)
4(670 671 691 690)
4(632 652 692 672)
4(671 672 692 691)
4(633 653 693 673)
4(672 673 693 692)
4(634 654 694 674)
4(673 674 694 693)
4(635 655 695 675)
4(674 675 695 694)
4(675 676 696 695)
4(636 656 696 676)
4(657 677 717 697)
4(245 697 717 246)
4(658 678 718 698)
4(697 698 718 717)
4(659 679 719 699)
4(698 699 719 718)
4(660 680 720 700)
4(699 700 720 719)
4(661 681 721 701)
4(700 701 721 720)
4(662 682 722 702)
4(701 702 722 721)
4(663 683 723 703)
4(702 703 723 722)
4(664 684 724 704)
4(703 704 724 723)
4(665 685 725 705)
4(704 705 725 724)
4(666 686 726 706)
4(705 706 726 725)
4(667 687 727 707)
4(706 707 727 726)
4(668 688 728 708)
4(707 708 728 727)
4(669 689 729 709)
4(708 709 729 728)
4(670 690 730 710)
4(709 710 730 729)
4(671 691 731 711)
4(710 711 731 730)
4(672 692 732 712)
4(711 712 732 731)
4(673 693 733 713)
4(712 713 733 732)
4(674 694 734 714)
4(713 714 734 733)
4(675 695 735 715)
4(714 715 735 734)
4(715 716 736 735)
4(676 696 736 716)
4(697 717 757 737)
4(247 737 757 248)
4(698 718 758 738)
4(737 738 758 757)
4(699 719 759 739)
4(738 739 759 758)
4(700 720 760 740)
4(739 740 760 759)
4(701 721 761 741)
4(740 741 761 760)
4(702 722 762 742)
4(741 742 762 761)
4(703 723 763 743)
4(742 743 763 762)
4(704 724 764 744)
4(743 744 764 763)
4(705 725 765 745)
4(744 745 765 764)
4(706 726 766 746)
4(745 746 766 765)
4(707 727 767 747)
4(746 747 767 766)
4(708 728 768 748)
4(747 748 768 767)
4(709 729 769 749)
4(748 749 769 768)
4(710 730 770 750)
4(749 750 770 769)
4(711 731 771 751)
4(750 751 771 770)
4(712 732 772 752)
4(751 752 772 771)
4(713 733 773 753)
4(752 753 773 772)
4(714 734 774 754)
4(753 754 774 773)
4(715 735 775 755)
4(754 755 775 774)
4(755 756 776 775)
4(716 736 776 756)
4(737 757 797 777)
4(249 777 797 250)
4(738 758 798 778)
4(777 778 798 797)
4(739 759 799 779)
4(778 779 799 798)
4(740 760 800 780)
4(779 780 800 799)
4(741 761 801 781)
4(780 781 801 800)
4(742 762 802 782)
4(781 782 802 801)
4(743 763 803 783)
4(782 783 803 802)
4(744 764 804 784)
4(783 784 804 803)
4(745 765 805 785)
4(784 785 805 804)
4(746 766 806 786)
4(785 786 806 805)
4(747 767 807 787)
4(786 787 807 806)
4(748 768 808 788)
4(787 788 808 807)
4(749 769 809 789)
4(788 789 809 808)
4(750 770 810 790)
4(789 790 810 809)
4(751 771 811 791)
4(790 791 811 810)
4(752 772 812 792)
4(791 792 812 811)
4(753 773 813 793)
4(792 793 813 812)
4(754 774 814 794)
4(793 794 814 813)
4(755 775 815 795)
4(794 795 815 814)
4(795 796 816 815)
4(756 776 816 796)
4(777 797 837 817)
4(251 817 837 252)
4(778 798 838 818)
4(817 818 838 837)
4(779 799 839 819)
4(818 819 839 838)
4(780 800 840 820)
4(819 820 840 839)
4(781 801 841 821)
4(820 821 841 840)
4(782 802 842 822)
4(821 822 842 841)
4(783 803 843 823)
4(822 823 843 842)
4(784 804 844 824)
4(823 824 844 843)
4(785 805 845 825)
4(824 825 845 844)
4(786 806 846 826)
4(825 826 846 845)
4(787 807 847 827)
4(826 827 847 846)
4(788 808 848 828)
4(827 828 848 847)
4(789 809 849 829)
4(828 829 849 848)
4(790 810 850 830)
4(829 830 850 849)
4(791 811 851 831)
4(830 831 851 850)
4(792 812 852 832)
4(831 832 852 851)
4(793 813 853 833)
4(832 833 853 852)
4(794 814 854 834)
4(833 834 854 853)
4(795 815 855 835)
4(834 835 855 854)
4(835 836 856 855)
4(796 816 856 836)
4(817 837 877 857)
4(253 857 877 254)
4(818 838 878 858)
4(857 858 878 877)
4(819 839 879 859)
4(858 859 879 878)
4(820 840 880 860)
4(859 860 880 879)
4(821 841 881 861)
4(860 861 881 880)
4(822 842 882 862)
4(861 862 882 881)
4(823 843 883 863)
4(862 863 883 882)
4(824 844 884 864)
4(863 864 884 883)
4(825 845 885 865)
4(864 865 885 884)
4(826 846 886 866)
4(865 866 886 885)
4(827 847 887 867)
4(866 867 887 886)
4(828 848 888 868)
4(867 868 888 887)
4(829 849 889 869)
4(868 869 889 888)
4(830 850 890 870)
4(869 870 890 889)
4(831 851 891 871)
4(870 871 891 890)
4(832 852 892 872)
4(871 872 892 891)
4(833 853 893 873)
4(872 873 893 892)
4(834 854 894 874)
4(873 874 894 893)
4(835 855 895 875)
4(874 875 895 894)
4(875 876 896 895)
4(836 856 896 876)
4(857 877 917 897)
4(255 897 917 256)
4(858 878 918 898)
4(897 898 918 917)
4(859 879 919 899)
4(898 899 919 918)
4(860 880 920 900)
4(899 900 920 919)
4(861 881 921 901)
4(900 901 921 920)
4(862 882 922 902)
4(901 902 922 921)
4(863 883 923 903)
4(902 903 923 922)
4(864 884 924 904)
4(903 904 924 923)
4(865 885 925 905)
4(904 905 925 924)
4(866 886 926 906)
4(905 906 926 925)
4(867 887 927 907)
4(906 907 927 926)
4(868 888 928 908)
4(907 908 928 927)
4(869 889 929 909)
4(908 909 929 928)
4(870 890 930 910)
4(909 910 930 929)
4(871 891 931 911)
4(910 911 931 930)
4(872 892 932 912)
4(911 912 932 931)
4(873 893 933 913)
4(912 913 933 932)
4(874 894 934 914)
4(913 914 934 933)
4(875 895 935 915)
4(914 915 935 934)
4(915 916 936 935)
4(876 896 936 916)
4(897 917 957 937)
4(257 937 957 258)
4(898 918 958 938)
4(937 938 958 957)
4(899 919 959 939)
4(938 939 959 958)
4(900 920 960 940)
4(939 940 960 959)
4(901 921 961 941)
4(940 941 961 960)
4(902 922 962 942)
4(941 942 962 961)
4(903 923 963 943)
4(942 943 963 962)
4(904 924 964 944)
4(943 944 964 963)
4(905 925 965 945)
4(944 945 965 964)
4(906 926 966 946)
4(945 946 966 965)
4(907 927 967 947)
4(946 947 967 966)
4(908 928 968 948)
4(947 948 968 967)
4(909 929 969 949)
4(948 949 969 968)
4(910 930 970 950)
4(949 950 970 969)
4(911 931 971 951)
4(950 951 971 970)
4(912 932 972 952)
4(951 952 972 971)
4(913 933 973 953)
4(952 953 973 972)
4(914 934 974 954)
4(953 954 974 973)
4(915 935 975 955)
4(954 955 975 974)
4(955 956 976 975)
4(916 936 976 956)
4(937 957 997 977)
4(259 977 997 260)
4(938 958 998 978)
4(977 978 998 997)
4(939 959 999 979)
4(978 979 999 998)
4(940 960 1000 980)
4(979 980 1000 999)
4(941 961 1001 981)
4(980 981 1001 1000)
4(942 962 1002 982)
4(981 982 1002 1001)
4(943 963 1003 983)
4(982 983 1003 1002)
4(944 964 1004 984)
4(983 984 1004 1003)
4(945 965 1005 985)
4(984 985 1005 1004)
4(946 966 1006 986)
4(985 986 1006 1005)
4(947 967 1007 987)
4(986 987 1007 1006)
4(948 968 1008 988)
4(987 988 1008 1007)
4(949 969 1009 989)
4(988 989 1009 1008)
4(950 970 1010 990)
4(989 990 1010 1009)
4(951 971 1011 991)
4(990 991 1011 1010)
4(952 972 1012 992)
4(991 992 1012 1011)
4(953 973 1013 993)
4(992 993 1013 1012)
4(954 974 1014 994)
4(993 994 1014 1013)
4(955 975 1015 995)
4(994 995 1015 1014)
4(995 996 1016 1015)
4(956 976 1016 996)
4(977 997 1037 1017)
4(261 1017 1037 262)
4(978 998 1038 1018)
4(1017 1018 1038 1037)
4(979 999 1039 1019)
4(1018 1019 1039 1038)
4(980 1000 1040 1020)
4(1019 1020 1040 1039)
4(981 1001 1041 1021)
4(1020 1021 1041 1040)
4(982 1002 1042 1022)
4(1021 1022 1042 1041)
4(983 1003 1043 1023)
4(1022 1023 1043 1042)
4(984 1004 1044 1024)
4(1023 1024 1044 1043)
4(985 1005 1045 1025)
4(1024 1025 1045 1044)
4(986 1006 1046 1026)
4(1025 1026 1046 1045)
4(987 1007 1047 1027)
4(1026 1027 1047 1046)
4(988 1008 1048 1028)
4(1027 1028 1048 1047)
4(989 1009 1049 1029)
4(1028 1029 1049 1048)
4(990 1010 1050 1030)
4(1029 1030 1050 1049)
4(991 1011 1051 1031)
4(1030 1031 1051 1050)
4(992 1012 1052 1032)
4(1031 1032 1052 1051)
4(993 1013 1053 1033)
4(1032 1033 1053 1052)
4(994 1014 1054 1034)
4(1033 1034 1054 1053)
4(995 1015 1055 1035)
4(1034 1035 1055 1054)
4(1035 1036 1056 1055)
4(996 1016 1056 1036)
4(1017 1037 1077 1057)
4(263 1057 1077 264)
4(1018 1038 1078 1058)
4(1057 1058 1078 1077)
4(1019 1039 1079 1059)
4(1058 1059 1079 1078)
4(1020 1040 1080 1060)
4(1059 1060 1080 1079)
4(1021 1041 1081 1061)
4(1060 1061 1081 1080)
4(1022 1042 1082 1062)
4(1061 1062 1082 1081)
4(1023 1043 1083 1063)
4(1062 1063 1083 1082)
4(1024 1044 1084 1064)
4(1063 1064 1084 1083)
4(1025 1045 1085 1065)
4(1064 1065 1085 1084)
4(1026 1046 1086 1066)
4(1065 1066 1086 1085)
4(1027 1047 1087 1067)
4(1066 1067 1087 1086)
4(1028 1048 1088 1068)
4(1067 1068 1088 1087)
4(1029 1049 1089 1069)
4(1068 1069 1089 1088)
4(1030 1050 1090 1070)
4(1069 1070 1090 1089)
4(1031 1051 1091 1071)
4(1070 1071 1091 1090)
4(1032 1052 1092 1072)
4(1071 1072 1092 1091)
4(1033 1053 1093 1073)
4(1072 1073 1093 1092)
4(1034 1054 1094 1074)
4(1073 1074 1094 1093)
4(1035 1055 1095 1075)
4(1074 1075 1095 1094)
4(1075 1076 1096 1095)
4(1036 1056 1096 1076)
4(1057 1077 1117 1097)
4(265 1097 1117 266)
4(1058 1078 1118 1098)
4(1097 1098 1118 1117)
4(1059 1079 1119 1099)
4(1098 1099 1119 1118)
4(1060 1080 1120 1100)
4(1099 1100 1120 1119)
4(1061 1081 1121 1101)
4(1100 1101 1121 1120)
4(1062 1082 1122 1102)
4(1101 1102 1122 1121)
4(1063 1083 1123 1103)
4(1102 1103 1123 1122)
4(1064 1084 1124 1104)
4(1103 1104 1124 1123)
4(1065 1085 1125 1105)
4(1104 1105 1125 1124)
4(1066 1086 1126 1106)
4(1105 1106 1126 1125)
4(1067 1087 1127 1107)
4(1106 1107 1127 1126)
4(1068 1088 1128 1108)
4(1107 1108 1128 1127)
4(1069 1089 1129 1109)
4(1108 1109 1129 1128)
4(1070 1090 1130 1110)
4(1109 1110 1130 1129)
4(1071 1091 1131 1111)
4(1110 1111 1131 1130)
4(1072 1092 1132 1112)
4(1111 1112 1132 1131)
4(1073 1093 1133 1113)
4(1112 1113 1133 1132)
4(1074 1094 1134 1114)
4(1113 1114 1134 1133)
4(1075 1095 1135 1115)
4(1114 1115 1135 1134)
4(1115 1116 1136 1135)
4(1076 1096 1136 1116)
4(1097 1117 1157 1137)
4(267 1137 1157 268)
4(1098 1118 1158 1138)
4(1137 1138 1158 1157)
4(1099 1119 1159 1139)
4(1138 1139 1159 1158)
4(1100 1120 1160 1140)
4(1139 1140 1160 1159)
4(1101 1121 1161 1141)
4(1140 1141 1161 1160)
4(1102 1122 1162 1142)
4(1141 1142 1162 1161)
4(1103 1123 1163 1143)
4(1142 1143 1163 1162)
4(1104 1124 1164 1144)
4(1143 1144 1164 1163)
4(1105 1125 1165 1145)
4(1144 1145 1165 1164)
4(1106 1126 1166 1146)
4(1145 1146 1166 1165)
4(1107 1127 1167 1147)
4(1146 1147 1167 1166)
4(1108 1128 1168 1148)
4(1147 1148 1168 1167)
4(1109 1129 1169 1149)
4(1148 1149 1169 1168)
4(1110 1130 1170 1150)
4(1149 1150 1170 1169)
4(1111 1131 1171 1151)
4(1150 1151 1171 1170)
4(1112 1132 1172 1152)
4(1151 1152 1172 1171)
4(1113 1133 1173 1153)
4(1152 1153 1173 1172)
4(1114 1134 1174 1154)
4(1153 1154 1174 1173)
4(1115 1135 1175 1155)
4(1154 1155 1175 1174)
4(1155 1156 1176 1175)
4(1116 1136 1176 1156)
4(1137 1157 1197 1177)
4(269 1177 1197 270)
4(1138 1158 1198 1178)
4(1177 1178 1198 1197)
4(1139 1159 1199 1179)
4(1178 1179 1199 1198)
4(1140 1160 1200 1180)
4(1179 1180 1200 1199)
4(1141 1161 1201 1181)
4(1180 1181 1201 1200)
4(1142 1162 1202 1182)
4(1181 1182 1202 1201)
4(1143 1163 1203 1183)
4(1182 1183 1203 1202)
4(1144 1164 1204 1184)
4(1183 1184 1204 1203)
4(1145 1165 1205 1185)
4(1184 1185 1205 1204)
4(1146 1166 1206 1186)
4(1185 1186 1206 1205)
4(1147 1167 1207 1187)
4(1186 1187 1207 1206)
4(1148 1168 1208 1188)
4(1187 1188 1208 1207)
4(1149 1169 1209 1189)
4(1188 1189 1209 1208)
4(1150 1170 1210 1190)
4(1189 1190 1210 1209)
4(1151 1171 1211 1191)
4(1190 1191 1211 1210)
4(1152 1172 1212 1192)
4(1191 1192 1212 1211)
4(1153 1173 1213 1193)
4(1192 1193 1213 1212)
4(1154 1174 1214 1194)
4(1193 1194 1214 1213)
4(1155 1175 1215 1195)
4(1194 1195 1215 1214)
4(1195 1196 1216 1215)
4(1156 1176 1216 1196)
4(1177 1197 1237 1217)
4(271 1217 1237 272)
4(1178 1198 1238 1218)
4(1217 1218 1238 1237)
4(1179 1199 1239 1219)
4(1218 1219 1239 1238)
4(1180 1200 1240 1220)
4(1219 1220 1240 1239)
4(1181 1201 1241 1221)
4(1220 1221 1241 1240)
4(1182 1202 1242 1222)
4(1221 1222 1242 1241)
4(1183 1203 1243 1223)
4(1222 1223 1243 1242)
4(1184 1204 1244 1224)
4(1223 1224 1244 1243)
4(1185 1205 1245 1225)
4(1224 1225 1245 1244)
4(1186 1206 1246 1226)
4(1225 1226 1246 1245)
4(1187 1207 1247 1227)
4(1226 1227 1247 1246)
4(1188 1208 1248 1228)
4(1227 1228 1248 1247)
4(1189 1209 1249 1229)
4(1228 1229 1249 1248)
4(1190 1210 1250 1230)
4(1229 1230 1250 1249)
4(1191 1211 1251 1231)
4(1230 1231 1251 1250)
4(1192 1212 1252 1232)
4(1231 1232 1252 1251)
4(1193 1213 1253 1233)
4(1232 1233 1253 1252)
4(1194 1214 1254 1234)
4(1233 1234 1254 1253)
4(1195 1215 1255 1235)
4(1234 1235 1255 1254)
4(1235 1236 1256 1255)
4(1196 1216 1256 1236)
4(1217 1237 1277 1257)
4(273 1257 1277 274)
4(1218 1238 1278 1258)
4(1257 1258 1278 1277)
4(1219 1239 1279 1259)
4(1258 1259 1279 1278)
4(1220 1240 1280 1260)
4(1259 1260 1280 1279)
4(1221 1241 1281 1261)
4(1260 1261 1281 1280)
4(1222 1242 1282 1262)
4(1261 1262 1282 1281)
4(1223 1243 1283 1263)
4(1262 1263 1283 1282)
4(1224 1244 1284 1264)
4(1263 1264 1284 1283)
4(1225 1245 1285 1265)
4(1264 1265 1285 1284)
4(1226 1246 1286 1266)
4(1265 1266 1286 1285)
4(1227 1247 1287 1267)
4(1266 1267 1287 1286)
4(1228 1248 1288 1268)
4(1267 1268 1288 1287)
4(1229 1249 1289 1269)
4(1268 1269 1289 1288)
4(1230 1250 1290 1270)
4(1269 1270 1290 1289)
4(1231 1251 1291 1271)
4(1270 1271 1291 1290)
4(1232 1252 1292 1272)
4(1271 1272 1292 1291)
4(1233 1253 1293 1273)
4(1272 1273 1293 1292)
4(1234 1254 1294 1274)
4(1273 1274 1294 1293)
4(1235 1255 1295 1275)
4(1274 1275 1295 1294)
4(1275 1276 1296 1295)
4(1236 1256 1296 1276)
4(1257 1277 1317 1297)
4(275 1297 1317 276)
4(1258 1278 1318 1298)
4(1297 1298 1318 1317)
4(1259 1279 1319 1299)
4(1298 1299 1319 1318)
4(1260 1280 1320 1300)
4(1299 1300 1320 1319)
4(1261 1281 1321 1301)
4(1300 1301 1321 1320)
4(1262 1282 1322 1302)
4(1301 1302 1322 1321)
4(1263 1283 1323 1303)
4(1302 1303 1323 1322)
4(1264 1284 1324 1304)
4(1303 1304 1324 1323)
4(1265 1285 1325 1305)
4(1304 1305 1325 1324)
4(1266 1286 1326 1306)
4(1305 1306 1326 1325)
4(1267 1287 1327 1307)
4(1306 1307 1327 1326)
4(1268 1288 1328 1308)
4(1307 1308 1328 1327)
4(1269 1289 1329 1309)
4(1308 1309 1329 1328)
4(1270 1290 1330 1310)
4(1309 1310 1330 1329)
4(1271 1291 1331 1311)
4(1310 1311 1331 1330)
4(1272 1292 1332 1312)
4(1311 1312 1332 1331)
4(1273 1293 1333 1313)
4(1312 1313 1333 1332)
4(1274 1294 1334 1314)
4(1313 1314 1334 1333)
4(1275 1295 1335 1315)
4(1314 1315 1335 1334)
4(1315 1316 1336 1335)
4(1276 1296 1336 1316)
4(1297 1317 1357 1337)
4(277 1337 1357 278)
4(1298 1318 1358 1338)
4(1337 1338 1358 1357)
4(1299 1319 1359 1339)
4(1338 1339 1359 1358)
4(1300 1320 1360 1340)
4(1339 1340 1360 1359)
4(1301 1321 1361 1341)
4(1340 1341 1361 1360)
4(1302 1322 1362 1342)
4(1341 1342 1362 1361)
4(1303 1323 1363 1343)
4(1342 1343 1363 1362)
4(1304 1324 1364 1344)
4(1343 1344 1364 1363)
4(1305 1325 1365 1345)
4(1344 1345 1365 1364)
4(1306 1326 1366 1346)
4(1345 1346 1366 1365)
4(1307 1327 1367 1347)
4(1346 1347 1367 1366)
4(1308 1328 1368 1348)
4(1347 1348 1368 1367)
4(1309 1329 1369 1349)
4(1348 1349 1369 1368)
4(1310 1330 1370 1350)
4(1349 1350 1370 1369)
4(1311 1331 1371 1351)
4(1350 1351 1371 1370)
4(1312 1332 1372 1352)
4(1351 1352 1372 1371)
4(1313 1333 1373 1353)
4(1352 1353 1373 1372)
4(1314 1334 1374 1354)
4(1353 1354 1374 1373)
4(1315 1335 1375 1355)
4(1354 1355 1375 1374)
4(1355 1356 1376 1375)
4(1316 1336 1376 1356)
4(1337 1357 1397 1377)
4(279 1377 1397 280)
4(1338 1358 1398 1378)
4(1377 1378 1398 1397)
4(1339 1359 1399 1379)
4(1378 1379 1399 1398)
4(1340 1360 1400 1380)
4(1379 1380 1400 1399)
4(1341 1361 1401 1381)
4(1380 1381 1401 1400)
4(1342 1362 1402 1382)
4(1381 1382 1402 1401)
4(1343 1363 1403 1383)
4(1382 1383 1403 1402)
4(1344 1364 1404 1384)
4(1383 1384 1404 1403)
4(1345 1365 1405 1385)
4(1384 1385 1405 1404)
4(1346 1366 1406 1386)
4(1385 1386 1406 1405)
4(1347 1367 1407 1387)
4(1386 1387 1407 1406)
4(1348 1368 1408 1388)
4(1387 1388 1408 1407)
4(1349 1369 1409 1389)
4(1388 1389 1409 1408)
4(1350 1370 1410 1390)
4(1389 1390 1410 1409)
4(1351 1371 1411 1391)
4(1390 1391 1411 1410)
4(1352 1372 1412 1392)
4(1391 1392 1412 1411)
4(1353 1373 1413 1393)
4(1392 1393 1413 1412)
4(1354 1374 1414 1394)
4(1393 1394 1414 1413)
4(1355 1375 1415 1395)
4(1394 1395 1415 1414)
4(1395 1396 1416 1415)
4(1356 1376 1416 1396)
4(1377 1397 1437 1417)
4(281 1417 1437 282)
4(1378 1398 1438 1418)
4(1417 1418 1438 1437)
4(1379 1399 1439 1419)
4(1418 1419 1439 1438)
4(1380 1400 1440 1420)
4(1419 1420 1440 1439)
4(1381 1401 1441 1421)
4(1420 1421 1441 1440)
4(1382 1402 1442 1422)
4(1421 1422 1442 1441)
4(1383 1403 1443 1423)
4(1422 1423 1443 1442)
4(1384 1404 1444 1424)
4(1423 1424 1444 1443)
4(1385 1405 1445 1425)
4(1424 1425 1445 1444)
4(1386 1406 1446 1426)
4(1425 1426 1446 1445)
4(1387 1407 1447 1427)
4(1426 1427 1447 1446)
4(1388 1408 1448 1428)
4(1427 1428 1448 1447)
4(1389 1409 1449 1429)
4(1428 1429 1449 1448)
4(1390 1410 1450 1430)
4(1429 1430 1450 1449)
4(1391 1411 1451 1431)
4(1430 1431 1451 1450)
4(1392 1412 1452 1432)
4(1431 1432 1452 1451)
4(1393 1413 1453 1433)
4(1432 1433 1453 1452)
4(1394 1414 1454 1434)
4(1433 1434 1454 1453)
4(1395 1415 1455 1435)
4(1434 1435 1455 1454)
4(1435 1436 1456 1455)
4(1396 1416 1456 1436)
4(1417 1437 1477 1457)
4(283 1457 1477 284)
4(1418 1438 1478 1458)
4(1457 1458 1478 1477)
4(1419 1439 1479 1459)
4(1458 1459 1479 1478)
4(1420 1440 1480 1460)
4(1459 1460 1480 1479)
4(1421 1441 1481 1461)
4(1460 1461 1481 1480)
4(1422 1442 1482 1462)
4(1461 1462 1482 1481)
4(1423 1443 1483 1463)
4(1462 1463 1483 1482)
4(1424 1444 1484 1464)
4(1463 1464 1484 1483)
4(1425 1445 1485 1465)
4(1464 1465 1485 1484)
4(1426 1446 1486 1466)
4(1465 1466 1486 1485)
4(1427 1447 1487 1467)
4(1466 1467 1487 1486)
4(1428 1448 1488 1468)
4(1467 1468 1488 1487)
4(1429 1449 1489 1469)
4(1468 1469 1489 1488)
4(1430 1450 1490 1470)
4(1469 1470 1490 1489)
4(1431 1451 1491 1471)
4(1470 1471 1491 1490)
4(1432 1452 1492 1472)
4(1471 1472 1492 1491)
4(1433 1453 1493 1473)
4(1472 1473 1493 1492)
4(1434 1454 1494 1474)
4(1473 1474 1494 1493)
4(1435 1455 1495 1475)
4(1474 1475 1495 1494)
4(1475 1476 1496 1495)
4(1436 1456 1496 1476)
4(1457 1477 1517 1497)
4(285 1497 1517 286)
4(1458 1478 1518 1498)
4(1497 1498 1518 1517)
4(1459 1479 1519 1499)
4(1498 1499 1519 1518)
4(1460 1480 1520 1500)
4(1499 1500 1520 1519)
4(1461 1481 1521 1501)
4(1500 1501 1521 1520)
4(1462 1482 1522 1502)
4(1501 1502 1522 1521)
4(1463 1483 1523 1503)
4(1502 1503 1523 1522)
4(1464 1484 1524 1504)
4(1503 1504 1524 1523)
4(1465 1485 1525 1505)
4(1504 1505 1525 1524)
4(1466 1486 1526 1506)
4(1505 1506 1526 1525)
4(1467 1487 1527 1507)
4(1506 1507 1527 1526)
4(1468 1488 1528 1508)
4(1507 1508 1528 1527)
4(1469 1489 1529 1509)
4(1508 1509 1529 1528)
4(1470 1490 1530 1510)
4(1509 1510 1530 1529)
4(1471 1491 1531 1511)
4(1510 1511 1531 1530)
4(1472 1492 1532 1512)
4(1511 1512 1532 1531)
4(1473 1493 1533 1513)
4(1512 1513 1533 1532)
4(1474 1494 1534 1514)
4(1513 1514 1534 1533)
4(1475 1495 1535 1515)
4(1514 1515 1535 1534)
4(1515 1516 1536 1535)
4(1476 1496 1536 1516)
4(1497 1517 1557 1537)
4(287 1537 1557 288)
4(1498 1518 1558 1538)
4(1537 1538 1558 1557)
4(1499 1519 1559 1539)
4(1538 1539 1559 1558)
4(1500 1520 1560 1540)
4(1539 1540 1560 1559)
4(1501 1521 1561 1541)
4(1540 1541 1561 1560)
4(1502 1522 1562 1542)
4(1541 1542 1562 1561)
4(1503 1523 1563 1543)
4(1542 1543 1563 1562)
4(1504 1524 1564 1544)
4(1543 1544 1564 1563)
4(1505 1525 1565 1545)
4(1544 1545 1565 1564)
4(1506 1526 1566 1546)
4(1545 1546 1566 1565)
4(1507 1527 1567 1547)
4(1546 1547 1567 1566)
4(1508 1528 1568 1548)
4(1547 1548 1568 1567)
4(1509 1529 1569 1549)
4(1548 1549 1569 1568)
4(1510 1530 1570 1550)
4(1511 1531 1571 1551)
4(1512 1532 1572 1552)
4(1513 1533 1573 1553)
4(1514 1534 1574 1554)
4(1515 1535 1575 1555)
4(1516 1536 1576 1556)
4(1537 1557 1590 1577)
4(1538 1558 1591 1578)
4(1539 1559 1592 1579)
4(1540 1560 1593 1580)
4(1541 1561 1594 1581)
4(1542 1562 1595 1582)
4(1543 1563 1596 1583)
4(1544 1564 1597 1584)
4(1545 1565 1598 1585)
4(1546 1566 1599 1586)
4(1547 1567 1600 1587)
4(1548 1568 1601 1588)
4(1603 1605 1609 1607)
4(476 1607 1609 496)
4(1607 1608 1610 1609)
4(1607 1609 1613 1611)
4(516 1611 1613 536)
4(1611 1612 1614 1613)
4(1611 1613 1617 1615)
4(556 1615 1617 576)
4(1615 1616 1618 1617)
4(1615 1617 1621 1619)
4(596 1619 1621 616)
4(1619 1620 1622 1621)
4(1619 1621 1625 1623)
4(636 1623 1625 656)
4(1623 1624 1626 1625)
4(1623 1625 1629 1627)
4(676 1627 1629 696)
4(1627 1628 1630 1629)
4(1627 1629 1633 1631)
4(716 1631 1633 736)
4(1631 1632 1634 1633)
4(1631 1633 1637 1635)
4(756 1635 1637 776)
4(1635 1636 1638 1637)
4(1635 1637 1641 1639)
4(796 1639 1641 816)
4(1639 1640 1642 1641)
4(1639 1641 1645 1643)
4(836 1643 1645 856)
4(1643 1644 1646 1645)
4(1643 1645 1649 1647)
4(876 1647 1649 896)
4(1647 1648 1650 1649)
4(1647 1649 1653 1651)
4(916 1651 1653 936)
4(1651 1652 1654 1653)
4(1651 1653 1657 1655)
4(956 1655 1657 976)
4(1655 1656 1658 1657)
4(1655 1657 1661 1659)
4(996 1659 1661 1016)
4(1659 1660 1662 1661)
4(1659 1661 1665 1663)
4(1036 1663 1665 1056)
4(1663 1664 1666 1665)
4(1663 1665 1669 1667)
4(1076 1667 1669 1096)
4(1667 1668 1670 1669)
4(1667 1669 1673 1671)
4(1116 1671 1673 1136)
4(1671 1672 1674 1673)
4(1671 1673 1677 1675)
4(1156 1675 1677 1176)
4(1675 1676 1678 1677)
4(1675 1677 1681 1679)
4(1196 1679 1681 1216)
4(1679 1680 1682 1681)
4(1679 1681 1685 1683)
4(1236 1683 1685 1256)
4(1683 1684 1686 1685)
4(1683 1685 1689 1687)
4(1276 1687 1689 1296)
4(1687 1688 1690 1689)
4(1687 1689 1693 1691)
4(1316 1691 1693 1336)
4(1691 1692 1694 1693)
4(1691 1693 1697 1695)
4(1356 1695 1697 1376)
4(1695 1696 1698 1697)
4(1695 1697 1701 1699)
4(1396 1699 1701 1416)
4(1699 1700 1702 1701)
4(1699 1701 1705 1703)
4(1436 1703 1705 1456)
4(1703 1704 1706 1705)
4(1703 1705 1709 1707)
4(1476 1707 1709 1496)
4(1707 1708 1710 1709)
4(1707 1709 1713 1711)
4(1516 1711 1713 1536)
4(1711 1712 1714 1713)
4(1711 1713 1717 1715)
3(0 4 1)
4(1 4 5 2)
4(2 5 6 3)
4(291 312 313 292)
4(292 313 314 293)
4(293 314 315 294)
4(294 315 316 295)
4(295 316 317 296)
4(296 317 318 297)
4(297 318 319 298)
4(298 319 320 299)
4(299 320 321 300)
4(300 321 322 301)
4(301 322 323 302)
4(302 323 324 303)
4(303 324 325 304)
4(304 325 326 305)
4(305 326 327 306)
4(306 327 328 307)
4(307 328 329 308)
4(308 329 330 309)
4(309 330 331 310)
4(310 331 332 311)
4(436 456 1605 1603)
4(1603 1605 1606 1604)
4(311 332 374 353)
4(353 374 416 395)
4(395 416 456 436)
4(1604 1606 1610 1608)
4(1608 1610 1614 1612)
4(1612 1614 1618 1616)
4(1616 1618 1622 1620)
4(1620 1622 1626 1624)
4(1624 1626 1630 1628)
4(1628 1630 1634 1632)
4(1632 1634 1638 1636)
4(1636 1638 1642 1640)
4(1640 1642 1646 1644)
4(1644 1646 1650 1648)
4(1648 1650 1654 1652)
4(1652 1654 1658 1656)
4(1656 1658 1662 1660)
4(1660 1662 1666 1664)
4(1664 1666 1670 1668)
4(1668 1670 1674 1672)
4(1672 1674 1678 1676)
4(1676 1678 1682 1680)
4(1680 1682 1686 1684)
4(1684 1686 1690 1688)
4(1688 1690 1694 1692)
4(1692 1694 1698 1696)
4(1696 1698 1702 1700)
4(1700 1702 1706 1704)
4(1704 1706 1710 1708)
4(1708 1710 1714 1712)
4(1712 1714 1718 1716)
4(3 6 13 10)
4(10 13 20 17)
4(17 20 27 24)
4(291 333 354 312)
4(333 375 396 354)
4(375 231 232 396)
4(24 27 232 231)
4(21 28 32 25)
4(28 35 39 32)
4(35 42 46 39)
4(42 49 53 46)
4(49 56 60 53)
4(56 63 67 60)
4(63 70 74 67)
4(70 77 81 74)
4(77 84 88 81)
4(84 91 95 88)
4(91 98 102 95)
4(98 105 109 102)
4(105 112 116 109)
4(112 119 123 116)
4(119 126 130 123)
4(126 133 137 130)
4(133 140 144 137)
4(140 147 151 144)
4(147 154 158 151)
4(154 161 165 158)
4(161 168 172 165)
4(168 175 179 172)
4(175 182 186 179)
4(182 189 193 186)
4(189 196 200 193)
4(196 203 207 200)
4(203 210 214 207)
4(210 217 221 214)
4(217 224 228 221)
4(25 32 33 26)
4(32 39 40 33)
4(39 46 47 40)
4(46 53 54 47)
4(53 60 61 54)
4(60 67 68 61)
4(67 74 75 68)
4(74 81 82 75)
4(81 88 89 82)
4(88 95 96 89)
4(95 102 103 96)
4(102 109 110 103)
4(109 116 117 110)
4(116 123 124 117)
4(123 130 131 124)
4(130 137 138 131)
4(137 144 145 138)
4(144 151 152 145)
4(151 158 159 152)
4(158 165 166 159)
4(165 172 173 166)
4(172 179 180 173)
4(179 186 187 180)
4(186 193 194 187)
4(193 200 201 194)
4(200 207 208 201)
4(207 214 215 208)
4(214 221 222 215)
4(221 228 229 222)
4(26 33 34 27)
4(33 40 41 34)
4(40 47 48 41)
4(47 54 55 48)
4(54 61 62 55)
4(61 68 69 62)
4(68 75 76 69)
4(75 82 83 76)
4(82 89 90 83)
4(89 96 97 90)
4(96 103 104 97)
4(103 110 111 104)
4(110 117 118 111)
4(117 124 125 118)
4(124 131 132 125)
4(131 138 139 132)
4(138 145 146 139)
4(145 152 153 146)
4(152 159 160 153)
4(159 166 167 160)
4(166 173 174 167)
4(173 180 181 174)
4(180 187 188 181)
4(187 194 195 188)
4(194 201 202 195)
4(201 208 209 202)
4(208 215 216 209)
4(215 222 223 216)
4(222 229 230 223)
4(0 7 11 4)
4(7 14 18 11)
4(14 21 25 18)
4(4 11 12 5)
4(11 18 19 12)
4(18 25 26 19)
4(5 12 13 6)
4(12 19 20 13)
4(19 26 27 20)
4(27 34 234 232)
4(34 41 236 234)
4(41 48 238 236)
4(48 55 240 238)
4(55 62 242 240)
4(62 69 244 242)
4(69 76 246 244)
4(76 83 248 246)
4(83 90 250 248)
4(90 97 252 250)
4(97 104 254 252)
4(104 111 256 254)
4(111 118 258 256)
4(118 125 260 258)
4(125 132 262 260)
4(132 139 264 262)
4(139 146 266 264)
4(146 153 268 266)
4(153 160 270 268)
4(160 167 272 270)
4(167 174 274 272)
4(174 181 276 274)
4(181 188 278 276)
4(188 195 280 278)
4(195 202 282 280)
4(202 209 284 282)
4(209 216 286 284)
4(216 223 288 286)
4(223 230 290 288)
4(232 234 477 437)
4(234 236 517 477)
4(236 238 557 517)
4(238 240 597 557)
4(240 242 637 597)
4(242 244 677 637)
4(244 246 717 677)
4(246 248 757 717)
4(248 250 797 757)
4(250 252 837 797)
4(252 254 877 837)
4(254 256 917 877)
4(256 258 957 917)
4(258 260 997 957)
4(260 262 1037 997)
4(262 264 1077 1037)
4(264 266 1117 1077)
4(266 268 1157 1117)
4(268 270 1197 1157)
4(270 272 1237 1197)
4(272 274 1277 1237)
4(274 276 1317 1277)
4(276 278 1357 1317)
4(278 280 1397 1357)
4(280 282 1437 1397)
4(282 284 1477 1437)
4(284 286 1517 1477)
4(286 288 1557 1517)
4(288 290 1590 1557)
4(437 477 478 438)
4(477 517 518 478)
4(517 557 558 518)
4(557 597 598 558)
4(597 637 638 598)
4(637 677 678 638)
4(677 717 718 678)
4(717 757 758 718)
4(757 797 798 758)
4(797 837 838 798)
4(837 877 878 838)
4(877 917 918 878)
4(917 957 958 918)
4(957 997 998 958)
4(997 1037 1038 998)
4(1037 1077 1078 1038)
4(1077 1117 1118 1078)
4(1117 1157 1158 1118)
4(1157 1197 1198 1158)
4(1197 1237 1238 1198)
4(1237 1277 1278 1238)
4(1277 1317 1318 1278)
4(1317 1357 1358 1318)
4(1357 1397 1398 1358)
4(1397 1437 1438 1398)
4(1437 1477 1478 1438)
4(1477 1517 1518 1478)
4(1517 1557 1558 1518)
4(1557 1590 1591 1558)
4(438 478 479 439)
4(478 518 519 479)
4(518 558 559 519)
4(558 598 599 559)
4(598 638 639 599)
4(638 678 679 639)
4(678 718 719 679)
4(718 758 759 719)
4(758 798 799 759)
4(798 838 839 799)
4(838 878 879 839)
4(878 918 919 879)
4(918 958 959 919)
4(958 998 999 959)
4(998 1038 1039 999)
4(1038 1078 1079 1039)
4(1078 1118 1119 1079)
4(1118 1158 1159 1119)
4(1158 1198 1199 1159)
4(1198 1238 1239 1199)
4(1238 1278 1279 1239)
4(1278 1318 1319 1279)
4(1318 1358 1359 1319)
4(1358 1398 1399 1359)
4(1398 1438 1439 1399)
4(1438 1478 1479 1439)
4(1478 1518 1519 1479)
4(1518 1558 1559 1519)
4(1558 1591 1592 1559)
4(439 479 480 440)
4(479 519 520 480)
4(519 559 560 520)
4(559 599 600 560)
4(599 639 640 600)
4(639 679 680 640)
4(679 719 720 680)
4(719 759 760 720)
4(759 799 800 760)
4(799 839 840 800)
4(839 879 880 840)
4(879 919 920 880)
4(919 959 960 920)
4(959 999 1000 960)
4(999 1039 1040 1000)
4(1039 1079 1080 1040)
4(1079 1119 1120 1080)
4(1119 1159 1160 1120)
4(1159 1199 1200 1160)
4(1199 1239 1240 1200)
4(1239 1279 1280 1240)
4(1279 1319 1320 1280)
4(1319 1359 1360 1320)
4(1359 1399 1400 1360)
4(1399 1439 1440 1400)
4(1439 1479 1480 1440)
4(1479 1519 1520 1480)
4(1519 1559 1560 1520)
4(1559 1592 1593 1560)
4(440 480 481 441)
4(480 520 521 481)
4(520 560 561 521)
4(560 600 601 561)
4(600 640 641 601)
4(640 680 681 641)
4(680 720 721 681)
4(720 760 761 721)
4(760 800 801 761)
4(800 840 841 801)
4(840 880 881 841)
4(880 920 921 881)
4(920 960 961 921)
4(960 1000 1001 961)
4(1000 1040 1041 1001)
4(1040 1080 1081 1041)
4(1080 1120 1121 1081)
4(1120 1160 1161 1121)
4(1160 1200 1201 1161)
4(1200 1240 1241 1201)
4(1240 1280 1281 1241)
4(1280 1320 1321 1281)
4(1320 1360 1361 1321)
4(1360 1400 1401 1361)
4(1400 1440 1441 1401)
4(1440 1480 1481 1441)
4(1480 1520 1521 1481)
4(1520 1560 1561 1521)
4(1560 1593 1594 1561)
4(441 481 482 442)
4(481 521 522 482)
4(521 561 562 522)
4(561 601 602 562)
4(601 641 642 602)
4(641 681 682 642)
4(681 721 722 682)
4(721 761 762 722)
4(761 801 802 762)
4(801 841 842 802)
4(841 881 882 842)
4(881 921 922 882)
4(921 961 962 922)
4(961 1001 1002 962)
4(1001 1041 1042 1002)
4(1041 1081 1082 1042)
4(1081 1121 1122 1082)
4(1121 1161 1162 1122)
4(1161 1201 1202 1162)
4(1201 1241 1242 1202)
4(1241 1281 1282 1242)
4(1281 1321 1322 1282)
4(1321 1361 1362 1322)
4(1361 1401 1402 1362)
4(1401 1441 1442 1402)
4(1441 1481 1482 1442)
4(1481 1521 1522 1482)
4(1521 1561 1562 1522)
4(1561 1594 1595 1562)
4(442 482 483 443)
4(482 522 523 483)
4(522 562 563 523)
4(562 602 603 563)
4(602 642 643 603)
4(642 682 683 643)
4(682 722 723 683)
4(722 762 763 723)
4(762 802 803 763)
4(802 842 843 803)
4(842 882 883 843)
4(882 922 923 883)
4(922 962 963 923)
4(962 1002 1003 963)
4(1002 1042 1043 1003)
4(1042 1082 1083 1043)
4(1082 1122 1123 1083)
4(1122 1162 1163 1123)
4(1162 1202 1203 1163)
4(1202 1242 1243 1203)
4(1242 1282 1283 1243)
4(1282 1322 1323 1283)
4(1322 1362 1363 1323)
4(1362 1402 1403 1363)
4(1402 1442 1443 1403)
4(1442 1482 1483 1443)
4(1482 1522 1523 1483)
4(1522 1562 1563 1523)
4(1562 1595 1596 1563)
4(443 483 484 444)
4(483 523 524 484)
4(523 563 564 524)
4(563 603 604 564)
4(603 643 644 604)
4(643 683 684 644)
4(683 723 724 684)
4(723 763 764 724)
4(763 803 804 764)
4(803 843 844 804)
4(843 883 884 844)
4(883 923 924 884)
4(923 963 964 924)
4(963 1003 1004 964)
4(1003 1043 1044 1004)
4(1043 1083 1084 1044)
4(1083 1123 1124 1084)
4(1123 1163 1164 1124)
4(1163 1203 1204 1164)
4(1203 1243 1244 1204)
4(1243 1283 1284 1244)
4(1283 1323 1324 1284)
4(1323 1363 1364 1324)
4(1363 1403 1404 1364)
4(1403 1443 1444 1404)
4(1443 1483 1484 1444)
4(1483 1523 1524 1484)
4(1523 1563 1564 1524)
4(1563 1596 1597 1564)
4(444 484 485 445)
4(484 524 525 485)
4(524 564 565 525)
4(564 604 605 565)
4(604 644 645 605)
4(644 684 685 645)
4(684 724 725 685)
4(724 764 765 725)
4(764 804 805 765)
4(804 844 845 805)
4(844 884 885 845)
4(884 924 925 885)
4(924 964 965 925)
4(964 1004 1005 965)
4(1004 1044 1045 1005)
4(1044 1084 1085 1045)
4(1084 1124 1125 1085)
4(1124 1164 1165 1125)
4(1164 1204 1205 1165)
4(1204 1244 1245 1205)
4(1244 1284 1285 1245)
4(1284 1324 1325 1285)
4(1324 1364 1365 1325)
4(1364 1404 1405 1365)
4(1404 1444 1445 1405)
4(1444 1484 1485 1445)
4(1484 1524 1525 1485)
4(1524 1564 1565 1525)
4(1564 1597 1598 1565)
4(445 485 486 446)
4(485 525 526 486)
4(525 565 566 526)
4(565 605 606 566)
4(605 645 646 606)
4(645 685 686 646)
4(685 725 726 686)
4(725 765 766 726)
4(765 805 806 766)
4(805 845 846 806)
4(845 885 886 846)
4(885 925 926 886)
4(925 965 966 926)
4(965 1005 1006 966)
4(1005 1045 1046 1006)
4(1045 1085 1086 1046)
4(1085 1125 1126 1086)
4(1125 1165 1166 1126)
4(1165 1205 1206 1166)
4(1205 1245 1246 1206)
4(1245 1285 1286 1246)
4(1285 1325 1326 1286)
4(1325 1365 1366 1326)
4(1365 1405 1406 1366)
4(1405 1445 1446 1406)
4(1445 1485 1486 1446)
4(1485 1525 1526 1486)
4(1525 1565 1566 1526)
4(1565 1598 1599 1566)
4(446 486 487 447)
4(486 526 527 487)
4(526 566 567 527)
4(566 606 607 567)
4(606 646 647 607)
4(646 686 687 647)
4(686 726 727 687)
4(726 766 767 727)
4(766 806 807 767)
4(806 846 847 807)
4(846 886 887 847)
4(886 926 927 887)
4(926 966 967 927)
4(966 1006 1007 967)
4(1006 1046 1047 1007)
4(1046 1086 1087 1047)
4(1086 1126 1127 1087)
4(1126 1166 1167 1127)
4(1166 1206 1207 1167)
4(1206 1246 1247 1207)
4(1246 1286 1287 1247)
4(1286 1326 1327 1287)
4(1326 1366 1367 1327)
4(1366 1406 1407 1367)
4(1406 1446 1447 1407)
4(1446 1486 1487 1447)
4(1486 1526 1527 1487)
4(1526 1566 1567 1527)
4(1566 1599 1600 1567)
4(447 487 488 448)
4(487 527 528 488)
4(527 567 568 528)
4(567 607 608 568)
4(607 647 648 608)
4(647 687 688 648)
4(687 727 728 688)
4(727 767 768 728)
4(767 807 808 768)
4(807 847 848 808)
4(847 887 888 848)
4(887 927 928 888)
4(927 967 968 928)
4(967 1007 1008 968)
4(1007 1047 1048 1008)
4(1047 1087 1088 1048)
4(1087 1127 1128 1088)
4(1127 1167 1168 1128)
4(1167 1207 1208 1168)
4(1207 1247 1248 1208)
4(1247 1287 1288 1248)
4(1287 1327 1328 1288)
4(1327 1367 1368 1328)
4(1367 1407 1408 1368)
4(1407 1447 1448 1408)
4(1447 1487 1488 1448)
4(1487 1527 1528 1488)
4(1527 1567 1568 1528)
4(1567 1600 1601 1568)
4(448 488 489 449)
4(488 528 529 489)
4(528 568 569 529)
4(568 608 609 569)
4(608 648 649 609)
4(648 688 689 649)
4(688 728 729 689)
4(728 768 769 729)
4(768 808 809 769)
4(808 848 849 809)
4(848 888 889 849)
4(888 928 929 889)
4(928 968 969 929)
4(968 1008 1009 969)
4(1008 1048 1049 1009)
4(1048 1088 1089 1049)
4(1088 1128 1129 1089)
4(1128 1168 1169 1129)
4(1168 1208 1209 1169)
4(1208 1248 1249 1209)
4(1248 1288 1289 1249)
4(1288 1328 1329 1289)
4(1328 1368 1369 1329)
4(1368 1408 1409 1369)
4(1408 1448 1449 1409)
4(1448 1488 1489 1449)
4(1488 1528 1529 1489)
4(1528 1568 1569 1529)
4(1568 1601 1602 1569)
4(449 489 490 450)
4(489 529 530 490)
4(529 569 570 530)
4(569 609 610 570)
4(609 649 650 610)
4(649 689 690 650)
4(689 729 730 690)
4(729 769 770 730)
4(769 809 810 770)
4(809 849 850 810)
4(849 889 890 850)
4(889 929 930 890)
4(929 969 970 930)
4(969 1009 1010 970)
4(1009 1049 1050 1010)
4(1049 1089 1090 1050)
4(1089 1129 1130 1090)
4(1129 1169 1170 1130)
4(1169 1209 1210 1170)
4(1209 1249 1250 1210)
4(1249 1289 1290 1250)
4(1289 1329 1330 1290)
4(1329 1369 1370 1330)
4(1369 1409 1410 1370)
4(1409 1449 1450 1410)
4(1449 1489 1490 1450)
4(1489 1529 1530 1490)
4(1529 1569 1570 1530)
4(450 490 491 451)
4(490 530 531 491)
4(530 570 571 531)
4(570 610 611 571)
4(610 650 651 611)
4(650 690 691 651)
4(690 730 731 691)
4(730 770 771 731)
4(770 810 811 771)
4(810 850 851 811)
4(850 890 891 851)
4(890 930 931 891)
4(930 970 971 931)
4(970 1010 1011 971)
4(1010 1050 1051 1011)
4(1050 1090 1091 1051)
4(1090 1130 1131 1091)
4(1130 1170 1171 1131)
4(1170 1210 1211 1171)
4(1210 1250 1251 1211)
4(1250 1290 1291 1251)
4(1290 1330 1331 1291)
4(1330 1370 1371 1331)
4(1370 1410 1411 1371)
4(1410 1450 1451 1411)
4(1450 1490 1491 1451)
4(1490 1530 1531 1491)
4(1530 1570 1571 1531)
4(451 491 492 452)
4(491 531 532 492)
4(531 571 572 532)
4(571 611 612 572)
4(611 651 652 612)
4(651 691 692 652)
4(691 731 732 692)
4(731 771 772 732)
4(771 811 812 772)
4(811 851 852 812)
4(851 891 892 852)
4(891 931 932 892)
4(931 971 972 932)
4(971 1011 1012 972)
4(1011 1051 1052 1012)
4(1051 1091 1092 1052)
4(1091 1131 1132 1092)
4(1131 1171 1172 1132)
4(1171 1211 1212 1172)
4(1211 1251 1252 1212)
4(1251 1291 1292 1252)
4(1291 1331 1332 1292)
4(1331 1371 1372 1332)
4(1371 1411 1412 1372)
4(1411 1451 1452 1412)
4(1451 1491 1492 1452)
4(1491 1531 1532 1492)
4(1531 1571 1572 1532)
4(452 492 493 453)
4(492 532 533 493)
4(532 572 573 533)
4(572 612 613 573)
4(612 652 653 613)
4(652 692 693 653)
4(692 732 733 693)
4(732 772 773 733)
4(772 812 813 773)
4(812 852 853 813)
4(852 892 893 853)
4(892 932 933 893)
4(932 972 973 933)
4(972 1012 1013 973)
4(1012 1052 1053 1013)
4(1052 1092 1093 1053)
4(1092 1132 1133 1093)
4(1132 1172 1173 1133)
4(1172 1212 1213 1173)
4(1212 1252 1253 1213)
4(1252 1292 1293 1253)
4(1292 1332 1333 1293)
4(1332 1372 1373 1333)
4(1372 1412 1413 1373)
4(1412 1452 1453 1413)
4(1452 1492 1493 1453)
4(1492 1532 1533 1493)
4(1532 1572 1573 1533)
4(453 493 494 454)
4(493 533 534 494)
4(533 573 574 534)
4(573 613 614 574)
4(613 653 654 614)
4(653 693 694 654)
4(693 733 734 694)
4(733 773 774 734)
4(773 813 814 774)
4(813 853 854 814)
4(853 893 894 854)
4(893 933 934 894)
4(933 973 974 934)
4(973 1013 1014 974)
4(1013 1053 1054 1014)
4(1053 1093 1094 1054)
4(1093 1133 1134 1094)
4(1133 1173 1174 1134)
4(1173 1213 1214 1174)
4(1213 1253 1254 1214)
4(1253 1293 1294 1254)
4(1293 1333 1334 1294)
4(1333 1373 1374 1334)
4(1373 1413 1414 1374)
4(1413 1453 1454 1414)
4(1453 1493 1494 1454)
4(1493 1533 1534 1494)
4(1533 1573 1574 1534)
4(454 494 495 455)
4(494 534 535 495)
4(534 574 575 535)
4(574 614 615 575)
4(614 654 655 615)
4(654 694 695 655)
4(694 734 735 695)
4(734 774 775 735)
4(774 814 815 775)
4(814 854 855 815)
4(854 894 895 855)
4(894 934 935 895)
4(934 974 975 935)
4(974 1014 1015 975)
4(1014 1054 1055 1015)
4(1054 1094 1095 1055)
4(1094 1134 1135 1095)
4(1134 1174 1175 1135)
4(1174 1214 1215 1175)
4(1214 1254 1255 1215)
4(1254 1294 1295 1255)
4(1294 1334 1335 1295)
4(1334 1374 1375 1335)
4(1374 1414 1415 1375)
4(1414 1454 1455 1415)
4(1454 1494 1495 1455)
4(1494 1534 1535 1495)
4(1534 1574 1575 1535)
4(455 495 496 456)
4(495 535 536 496)
4(535 575 576 536)
4(575 615 616 576)
4(615 655 656 616)
4(655 695 696 656)
4(695 735 736 696)
4(735 775 776 736)
4(775 815 816 776)
4(815 855 856 816)
4(855 895 896 856)
4(895 935 936 896)
4(935 975 976 936)
4(975 1015 1016 976)
4(1015 1055 1056 1016)
4(1055 1095 1096 1056)
4(1095 1135 1136 1096)
4(1135 1175 1176 1136)
4(1175 1215 1216 1176)
4(1215 1255 1256 1216)
4(1255 1295 1296 1256)
4(1295 1335 1336 1296)
4(1335 1375 1376 1336)
4(1375 1415 1416 1376)
4(1415 1455 1456 1416)
4(1455 1495 1496 1456)
4(1495 1535 1536 1496)
4(1535 1575 1576 1536)
4(312 354 355 313)
4(354 396 397 355)
4(396 232 437 397)
4(313 355 356 314)
4(355 397 398 356)
4(397 437 438 398)
4(314 356 357 315)
4(356 398 399 357)
4(398 438 439 399)
4(315 357 358 316)
4(357 399 400 358)
4(399 439 440 400)
4(316 358 359 317)
4(358 400 401 359)
4(400 440 441 401)
4(317 359 360 318)
4(359 401 402 360)
4(401 441 442 402)
4(318 360 361 319)
4(360 402 403 361)
4(402 442 443 403)
4(319 361 362 320)
4(361 403 404 362)
4(403 443 444 404)
4(320 362 363 321)
4(362 404 405 363)
4(404 444 445 405)
4(321 363 364 322)
4(363 405 406 364)
4(405 445 446 406)
4(322 364 365 323)
4(364 406 407 365)
4(406 446 447 407)
4(323 365 366 324)
4(365 407 408 366)
4(407 447 448 408)
4(324 366 367 325)
4(366 408 409 367)
4(408 448 449 409)
4(325 367 368 326)
4(367 409 410 368)
4(409 449 450 410)
4(326 368 369 327)
4(368 410 411 369)
4(410 450 451 411)
4(327 369 370 328)
4(369 411 412 370)
4(411 451 452 412)
4(328 370 371 329)
4(370 412 413 371)
4(412 452 453 413)
4(329 371 372 330)
4(371 413 414 372)
4(413 453 454 414)
4(330 372 373 331)
4(372 414 415 373)
4(414 454 455 415)
4(331 373 374 332)
4(373 415 416 374)
4(415 455 456 416)
4(456 496 1609 1605)
4(496 536 1613 1609)
4(536 576 1617 1613)
4(576 616 1621 1617)
4(616 656 1625 1621)
4(656 696 1629 1625)
4(696 736 1633 1629)
4(736 776 1637 1633)
4(776 816 1641 1637)
4(816 856 1645 1641)
4(856 896 1649 1645)
4(896 936 1653 1649)
4(936 976 1657 1653)
4(976 1016 1661 1657)
4(1016 1056 1665 1661)
4(1056 1096 1669 1665)
4(1096 1136 1673 1669)
4(1136 1176 1677 1673)
4(1176 1216 1681 1677)
4(1216 1256 1685 1681)
4(1256 1296 1689 1685)
4(1296 1336 1693 1689)
4(1336 1376 1697 1693)
4(1376 1416 1701 1697)
4(1416 1456 1705 1701)
4(1456 1496 1709 1705)
4(1496 1536 1713 1709)
4(1536 1576 1717 1713)
4(1605 1609 1610 1606)
4(1609 1613 1614 1610)
4(1613 1617 1618 1614)
4(1617 1621 1622 1618)
4(1621 1625 1626 1622)
4(1625 1629 1630 1626)
4(1629 1633 1634 1630)
4(1633 1637 1638 1634)
4(1637 1641 1642 1638)
4(1641 1645 1646 1642)
4(1645 1649 1650 1646)
4(1649 1653 1654 1650)
4(1653 1657 1658 1654)
4(1657 1661 1662 1658)
4(1661 1665 1666 1662)
4(1665 1669 1670 1666)
4(1669 1673 1674 1670)
4(1673 1677 1678 1674)
4(1677 1681 1682 1678)
4(1681 1685 1686 1682)
4(1685 1689 1690 1686)
4(1689 1693 1694 1690)
4(1693 1697 1698 1694)
4(1697 1701 1702 1698)
4(1701 1705 1706 1702)
4(1705 1709 1710 1706)
4(1709 1713 1714 1710)
4(1713 1717 1718 1714)
4(21 22 29 28)
4(28 29 36 35)
4(35 36 43 42)
4(42 43 50 49)
4(49 50 57 56)
4(56 57 64 63)
4(63 64 71 70)
4(70 71 78 77)
4(77 78 85 84)
4(84 85 92 91)
4(91 92 99 98)
4(98 99 106 105)
4(105 106 113 112)
4(112 113 120 119)
4(119 120 127 126)
4(126 127 134 133)
4(133 134 141 140)
4(140 141 148 147)
4(147 148 155 154)
4(154 155 162 161)
4(161 162 169 168)
4(168 169 176 175)
4(175 176 183 182)
4(182 183 190 189)
4(189 190 197 196)
4(196 197 204 203)
4(203 204 211 210)
4(210 211 218 217)
4(217 218 225 224)
4(22 23 30 29)
4(29 30 37 36)
4(36 37 44 43)
4(43 44 51 50)
4(50 51 58 57)
4(57 58 65 64)
4(64 65 72 71)
4(71 72 79 78)
4(78 79 86 85)
4(85 86 93 92)
4(92 93 100 99)
4(99 100 107 106)
4(106 107 114 113)
4(113 114 121 120)
4(120 121 128 127)
4(127 128 135 134)
4(134 135 142 141)
4(141 142 149 148)
4(148 149 156 155)
4(155 156 163 162)
4(162 163 170 169)
4(169 170 177 176)
4(176 177 184 183)
4(183 184 191 190)
4(190 191 198 197)
4(197 198 205 204)
4(204 205 212 211)
4(211 212 219 218)
4(218 219 226 225)
4(23 24 31 30)
4(30 31 38 37)
4(37 38 45 44)
4(44 45 52 51)
4(51 52 59 58)
4(58 59 66 65)
4(65 66 73 72)
4(72 73 80 79)
4(79 80 87 86)
4(86 87 94 93)
4(93 94 101 100)
4(100 101 108 107)
4(107 108 115 114)
4(114 115 122 121)
4(121 122 129 128)
4(128 129 136 135)
4(135 136 143 142)
4(142 143 150 149)
4(149 150 157 156)
4(156 157 164 163)
4(163 164 171 170)
4(170 171 178 177)
4(177 178 185 184)
4(184 185 192 191)
4(191 192 199 198)
4(198 199 206 205)
4(205 206 213 212)
4(212 213 220 219)
4(219 220 227 226)
4(0 1 8 7)
4(7 8 15 14)
4(14 15 22 21)
4(1 2 9 8)
4(8 9 16 15)
4(15 16 23 22)
4(2 3 10 9)
4(9 10 17 16)
4(16 17 24 23)
4(24 231 233 31)
4(31 233 235 38)
4(38 235 237 45)
4(45 237 239 52)
4(52 239 241 59)
4(59 241 243 66)
4(66 243 245 73)
4(73 245 247 80)
4(80 247 249 87)
4(87 249 251 94)
4(94 251 253 101)
4(101 253 255 108)
4(108 255 257 115)
4(115 257 259 122)
4(122 259 261 129)
4(129 261 263 136)
4(136 263 265 143)
4(143 265 267 150)
4(150 267 269 157)
4(157 269 271 164)
4(164 271 273 171)
4(171 273 275 178)
4(178 275 277 185)
4(185 277 279 192)
4(192 279 281 199)
4(199 281 283 206)
4(206 283 285 213)
4(213 285 287 220)
4(220 287 289 227)
4(231 417 457 233)
4(233 457 497 235)
4(235 497 537 237)
4(237 537 577 239)
4(239 577 617 241)
4(241 617 657 243)
4(243 657 697 245)
4(245 697 737 247)
4(247 737 777 249)
4(249 777 817 251)
4(251 817 857 253)
4(253 857 897 255)
4(255 897 937 257)
4(257 937 977 259)
4(259 977 1017 261)
4(261 1017 1057 263)
4(263 1057 1097 265)
4(265 1097 1137 267)
4(267 1137 1177 269)
4(269 1177 1217 271)
4(271 1217 1257 273)
4(273 1257 1297 275)
4(275 1297 1337 277)
4(277 1337 1377 279)
4(279 1377 1417 281)
4(281 1417 1457 283)
4(283 1457 1497 285)
4(285 1497 1537 287)
4(287 1537 1577 289)
4(417 418 458 457)
4(457 458 498 497)
4(497 498 538 537)
4(537 538 578 577)
4(577 578 618 617)
4(617 618 658 657)
4(657 658 698 697)
4(697 698 738 737)
4(737 738 778 777)
4(777 778 818 817)
4(817 818 858 857)
4(857 858 898 897)
4(897 898 938 937)
4(937 938 978 977)
4(977 978 1018 1017)
4(1017 1018 1058 1057)
4(1057 1058 1098 1097)
4(1097 1098 1138 1137)
4(1137 1138 1178 1177)
4(1177 1178 1218 1217)
4(1217 1218 1258 1257)
4(1257 1258 1298 1297)
4(1297 1298 1338 1337)
4(1337 1338 1378 1377)
4(1377 1378 1418 1417)
4(1417 1418 1458 1457)
4(1457 1458 1498 1497)
4(1497 1498 1538 1537)
4(1537 1538 1578 1577)
4(418 419 459 458)
4(458 459 499 498)
4(498 499 539 538)
4(538 539 579 578)
4(578 579 619 618)
4(618 619 659 658)
4(658 659 699 698)
4(698 699 739 738)
4(738 739 779 778)
4(778 779 819 818)
4(818 819 859 858)
4(858 859 899 898)
4(898 899 939 938)
4(938 939 979 978)
4(978 979 1019 1018)
4(1018 1019 1059 1058)
4(1058 1059 1099 1098)
4(1098 1099 1139 1138)
4(1138 1139 1179 1178)
4(1178 1179 1219 1218)
4(1218 1219 1259 1258)
4(1258 1259 1299 1298)
4(1298 1299 1339 1338)
4(1338 1339 1379 1378)
4(1378 1379 1419 1418)
4(1418 1419 1459 1458)
4(1458 1459 1499 1498)
4(1498 1499 1539 1538)
4(1538 1539 1579 1578)
4(419 420 460 459)
4(459 460 500 499)
4(499 500 540 539)
4(539 540 580 579)
4(579 580 620 619)
4(619 620 660 659)
4(659 660 700 699)
4(699 700 740 739)
4(739 740 780 779)
4(779 780 820 819)
4(819 820 860 859)
4(859 860 900 899)
4(899 900 940 939)
4(939 940 980 979)
4(979 980 1020 1019)
4(1019 1020 1060 1059)
4(1059 1060 1100 1099)
4(1099 1100 1140 1139)
4(1139 1140 1180 1179)
4(1179 1180 1220 1219)
4(1219 1220 1260 1259)
4(1259 1260 1300 1299)
4(1299 1300 1340 1339)
4(1339 1340 1380 1379)
4(1379 1380 1420 1419)
4(1419 1420 1460 1459)
4(1459 1460 1500 1499)
4(1499 1500 1540 1539)
4(1539 1540 1580 1579)
4(420 421 461 460)
4(460 461 501 500)
4(500 501 541 540)
4(540 541 581 580)
4(580 581 621 620)
4(620 621 661 660)
4(660 661 701 700)
4(700 701 741 740)
4(740 741 781 780)
4(780 781 821 820)
4(820 821 861 860)
4(860 861 901 900)
4(900 901 941 940)
4(940 941 981 980)
4(980 981 1021 1020)
4(1020 1021 1061 1060)
4(1060 1061 1101 1100)
4(1100 1101 1141 1140)
4(1140 1141 1181 1180)
4(1180 1181 1221 1220)
4(1220 1221 1261 1260)
4(1260 1261 1301 1300)
4(1300 1301 1341 1340)
4(1340 1341 1381 1380)
4(1380 1381 1421 1420)
4(1420 1421 1461 1460)
4(1460 1461 1501 1500)
4(1500 1501 1541 1540)
4(1540 1541 1581 1580)
4(421 422 462 461)
4(461 462 502 501)
4(501 502 542 541)
4(541 542 582 581)
4(581 582 622 621)
4(621 622 662 661)
4(661 662 702 701)
4(701 702 742 741)
4(741 742 782 781)
4(781 782 822 821)
4(821 822 862 861)
4(861 862 902 901)
4(901 902 942 941)
4(941 942 982 981)
4(981 982 1022 1021)
4(1021 1022 1062 1061)
4(1061 1062 1102 1101)
4(1101 1102 1142 1141)
4(1141 1142 1182 1181)
4(1181 1182 1222 1221)
4(1221 1222 1262 1261)
4(1261 1262 1302 1301)
4(1301 1302 1342 1341)
4(1341 1342 1382 1381)
4(1381 1382 1422 1421)
4(1421 1422 1462 1461)
4(1461 1462 1502 1501)
4(1501 1502 1542 1541)
4(1541 1542 1582 1581)
4(422 423 463 462)
4(462 463 503 502)
4(502 503 543 542)
4(542 543 583 582)
4(582 583 623 622)
4(622 623 663 662)
4(662 663 703 702)
4(702 703 743 742)
4(742 743 783 782)
4(782 783 823 822)
4(822 823 863 862)
4(862 863 903 902)
4(902 903 943 942)
4(942 943 983 982)
4(982 983 1023 1022)
4(1022 1023 1063 1062)
4(1062 1063 1103 1102)
4(1102 1103 1143 1142)
4(1142 1143 1183 1182)
4(1182 1183 1223 1222)
4(1222 1223 1263 1262)
4(1262 1263 1303 1302)
4(1302 1303 1343 1342)
4(1342 1343 1383 1382)
4(1382 1383 1423 1422)
4(1422 1423 1463 1462)
4(1462 1463 1503 1502)
4(1502 1503 1543 1542)
4(1542 1543 1583 1582)
4(423 424 464 463)
4(463 464 504 503)
4(503 504 544 543)
4(543 544 584 583)
4(583 584 624 623)
4(623 624 664 663)
4(663 664 704 703)
4(703 704 744 743)
4(743 744 784 783)
4(783 784 824 823)
4(823 824 864 863)
4(863 864 904 903)
4(903 904 944 943)
4(943 944 984 983)
4(983 984 1024 1023)
4(1023 1024 1064 1063)
4(1063 1064 1104 1103)
4(1103 1104 1144 1143)
4(1143 1144 1184 1183)
4(1183 1184 1224 1223)
4(1223 1224 1264 1263)
4(1263 1264 1304 1303)
4(1303 1304 1344 1343)
4(1343 1344 1384 1383)
4(1383 1384 1424 1423)
4(1423 1424 1464 1463)
4(1463 1464 1504 1503)
4(1503 1504 1544 1543)
4(1543 1544 1584 1583)
4(424 425 465 464)
4(464 465 505 504)
4(504 505 545 544)
4(544 545 585 584)
4(584 585 625 624)
4(624 625 665 664)
4(664 665 705 704)
4(704 705 745 744)
4(744 745 785 784)
4(784 785 825 824)
4(824 825 865 864)
4(864 865 905 904)
4(904 905 945 944)
4(944 945 985 984)
4(984 985 1025 1024)
4(1024 1025 1065 1064)
4(1064 1065 1105 1104)
4(1104 1105 1145 1144)
4(1144 1145 1185 1184)
4(1184 1185 1225 1224)
4(1224 1225 1265 1264)
4(1264 1265 1305 1304)
4(1304 1305 1345 1344)
4(1344 1345 1385 1384)
4(1384 1385 1425 1424)
4(1424 1425 1465 1464)
4(1464 1465 1505 1504)
4(1504 1505 1545 1544)
4(1544 1545 1585 1584)
4(425 426 466 465)
4(465 466 506 505)
4(505 506 546 545)
4(545 546 586 585)
4(585 586 626 625)
4(625 626 666 665)
4(665 666 706 705)
4(705 706 746 745)
4(745 746 786 785)
4(785 786 826 825)
4(825 826 866 865)
4(865 866 906 905)
4(905 906 946 945)
4(945 946 986 985)
4(985 986 1026 1025)
4(1025 1026 1066 1065)
4(1065 1066 1106 1105)
4(1105 1106 1146 1145)
4(1145 1146 1186 1185)
4(1185 1186 1226 1225)
4(1225 1226 1266 1265)
4(1265 1266 1306 1305)
4(1305 1306 1346 1345)
4(1345 1346 1386 1385)
4(1385 1386 1426 1425)
4(1425 1426 1466 1465)
4(1465 1466 1506 1505)
4(1505 1506 1546 1545)
4(1545 1546 1586 1585)
4(426 427 467 466)
4(466 467 507 506)
4(506 507 547 546)
4(546 547 587 586)
4(586 587 627 626)
4(626 627 667 666)
4(666 667 707 706)
4(706 707 747 746)
4(746 747 787 786)
4(786 787 827 826)
4(826 827 867 866)
4(866 867 907 906)
4(906 907 947 946)
4(946 947 987 986)
4(986 987 1027 1026)
4(1026 1027 1067 1066)
4(1066 1067 1107 1106)
4(1106 1107 1147 1146)
4(1146 1147 1187 1186)
4(1186 1187 1227 1226)
4(1226 1227 1267 1266)
4(1266 1267 1307 1306)
4(1306 1307 1347 1346)
4(1346 1347 1387 1386)
4(1386 1387 1427 1426)
4(1426 1427 1467 1466)
4(1466 1467 1507 1506)
4(1506 1507 1547 1546)
4(1546 1547 1587 1586)
4(427 428 468 467)
4(467 468 508 507)
4(507 508 548 547)
4(547 548 588 587)
4(587 588 628 627)
4(627 628 668 667)
4(667 668 708 707)
4(707 708 748 747)
4(747 748 788 787)
4(787 788 828 827)
4(827 828 868 867)
4(867 868 908 907)
4(907 908 948 947)
4(947 948 988 987)
4(987 988 1028 1027)
4(1027 1028 1068 1067)
4(1067 1068 1108 1107)
4(1107 1108 1148 1147)
4(1147 1148 1188 1187)
4(1187 1188 1228 1227)
4(1227 1228 1268 1267)
4(1267 1268 1308 1307)
4(1307 1308 1348 1347)
4(1347 1348 1388 1387)
4(1387 1388 1428 1427)
4(1427 1428 1468 1467)
4(1467 1468 1508 1507)
4(1507 1508 1548 1547)
4(1547 1548 1588 1587)
4(428 429 469 468)
4(468 469 509 508)
4(508 509 549 548)
4(548 549 589 588)
4(588 589 629 628)
4(628 629 669 668)
4(668 669 709 708)
4(708 709 749 748)
4(748 749 789 788)
4(788 789 829 828)
4(828 829 869 868)
4(868 869 909 908)
4(908 909 949 948)
4(948 949 989 988)
4(988 989 1029 1028)
4(1028 1029 1069 1068)
4(1068 1069 1109 1108)
4(1108 1109 1149 1148)
4(1148 1149 1189 1188)
4(1188 1189 1229 1228)
4(1228 1229 1269 1268)
4(1268 1269 1309 1308)
4(1308 1309 1349 1348)
4(1348 1349 1389 1388)
4(1388 1389 1429 1428)
4(1428 1429 1469 1468)
4(1468 1469 1509 1508)
4(1508 1509 1549 1548)
4(1548 1549 1589 1588)
4(429 430 470 469)
4(469 470 510 509)
4(509 510 550 549)
4(549 550 590 589)
4(589 590 630 629)
4(629 630 670 669)
4(669 670 710 709)
4(709 710 750 749)
4(749 750 790 789)
4(789 790 830 829)
4(829 830 870 869)
4(869 870 910 909)
4(909 910 950 949)
4(949 950 990 989)
4(989 990 1030 1029)
4(1029 1030 1070 1069)
4(1069 1070 1110 1109)
4(1109 1110 1150 1149)
4(1149 1150 1190 1189)
4(1189 1190 1230 1229)
4(1229 1230 1270 1269)
4(1269 1270 1310 1309)
4(1309 1310 1350 1349)
4(1349 1350 1390 1389)
4(1389 1390 1430 1429)
4(1429 1430 1470 1469)
4(1469 1470 1510 1509)
4(1509 1510 1550 1549)
4(430 431 471 470)
4(470 471 511 510)
4(510 511 551 550)
4(550 551 591 590)
4(590 591 631 630)
4(630 631 671 670)
4(670 671 711 710)
4(710 711 751 750)
4(750 751 791 790)
4(790 791 831 830)
4(830 831 871 870)
4(870 871 911 910)
4(910 911 951 950)
4(950 951 991 990)
4(990 991 1031 1030)
4(1030 1031 1071 1070)
4(1070 1071 1111 1110)
4(1110 1111 1151 1150)
4(1150 1151 1191 1190)
4(1190 1191 1231 1230)
4(1230 1231 1271 1270)
4(1270 1271 1311 1310)
4(1310 1311 1351 1350)
4(1350 1351 1391 1390)
4(1390 1391 1431 1430)
4(1430 1431 1471 1470)
4(1470 1471 1511 1510)
4(1510 1511 1551 1550)
4(431 432 472 471)
4(471 472 512 511)
4(511 512 552 551)
4(551 552 592 591)
4(591 592 632 631)
4(631 632 672 671)
4(671 672 712 711)
4(711 712 752 751)
4(751 752 792 791)
4(791 792 832 831)
4(831 832 872 871)
4(871 872 912 911)
4(911 912 952 951)
4(951 952 992 991)
4(991 992 1032 1031)
4(1031 1032 1072 1071)
4(1071 1072 1112 1111)
4(1111 1112 1152 1151)
4(1151 1152 1192 1191)
4(1191 1192 1232 1231)
4(1231 1232 1272 1271)
4(1271 1272 1312 1311)
4(1311 1312 1352 1351)
4(1351 1352 1392 1391)
4(1391 1392 1432 1431)
4(1431 1432 1472 1471)
4(1471 1472 1512 1511)
4(1511 1512 1552 1551)
4(432 433 473 472)
4(472 473 513 512)
4(512 513 553 552)
4(552 553 593 592)
4(592 593 633 632)
4(632 633 673 672)
4(672 673 713 712)
4(712 713 753 752)
4(752 753 793 792)
4(792 793 833 832)
4(832 833 873 872)
4(872 873 913 912)
4(912 913 953 952)
4(952 953 993 992)
4(992 993 1033 1032)
4(1032 1033 1073 1072)
4(1072 1073 1113 1112)
4(1112 1113 1153 1152)
4(1152 1153 1193 1192)
4(1192 1193 1233 1232)
4(1232 1233 1273 1272)
4(1272 1273 1313 1312)
4(1312 1313 1353 1352)
4(1352 1353 1393 1392)
4(1392 1393 1433 1432)
4(1432 1433 1473 1472)
4(1472 1473 1513 1512)
4(1512 1513 1553 1552)
4(433 434 474 473)
4(473 474 514 513)
4(513 514 554 553)
4(553 554 594 593)
4(593 594 634 633)
4(633 634 674 673)
4(673 674 714 713)
4(713 714 754 753)
4(753 754 794 793)
4(793 794 834 833)
4(833 834 874 873)
4(873 874 914 913)
4(913 914 954 953)
4(953 954 994 993)
4(993 994 1034 1033)
4(1033 1034 1074 1073)
4(1073 1074 1114 1113)
4(1113 1114 1154 1153)
4(1153 1154 1194 1193)
4(1193 1194 1234 1233)
4(1233 1234 1274 1273)
4(1273 1274 1314 1313)
4(1313 1314 1354 1353)
4(1353 1354 1394 1393)
4(1393 1394 1434 1433)
4(1433 1434 1474 1473)
4(1473 1474 1514 1513)
4(1513 1514 1554 1553)
4(434 435 475 474)
4(474 475 515 514)
4(514 515 555 554)
4(554 555 595 594)
4(594 595 635 634)
4(634 635 675 674)
4(674 675 715 714)
4(714 715 755 754)
4(754 755 795 794)
4(794 795 835 834)
4(834 835 875 874)
4(874 875 915 914)
4(914 915 955 954)
4(954 955 995 994)
4(994 995 1035 1034)
4(1034 1035 1075 1074)
4(1074 1075 1115 1114)
4(1114 1115 1155 1154)
4(1154 1155 1195 1194)
4(1194 1195 1235 1234)
4(1234 1235 1275 1274)
4(1274 1275 1315 1314)
4(1314 1315 1355 1354)
4(1354 1355 1395 1394)
4(1394 1395 1435 1434)
4(1434 1435 1475 1474)
4(1474 1475 1515 1514)
4(1514 1515 1555 1554)
4(435 436 476 475)
4(475 476 516 515)
4(515 516 556 555)
4(555 556 596 595)
4(595 596 636 635)
4(635 636 676 675)
4(675 676 716 715)
4(715 716 756 755)
4(755 756 796 795)
4(795 796 836 835)
4(835 836 876 875)
4(875 876 916 915)
4(915 916 956 955)
4(955 956 996 995)
4(995 996 1036 1035)
4(1035 1036 1076 1075)
4(1075 1076 1116 1115)
4(1115 1116 1156 1155)
4(1155 1156 1196 1195)
4(1195 1196 1236 1235)
4(1235 1236 1276 1275)
4(1275 1276 1316 1315)
4(1315 1316 1356 1355)
4(1355 1356 1396 1395)
4(1395 1396 1436 1435)
4(1435 1436 1476 1475)
4(1475 1476 1516 1515)
4(1515 1516 1556 1555)
4(291 292 334 333)
4(333 334 376 375)
4(375 376 417 231)
4(292 293 335 334)
4(334 335 377 376)
4(376 377 418 417)
4(293 294 336 335)
4(335 336 378 377)
4(377 378 419 418)
4(294 295 337 336)
4(336 337 379 378)
4(378 379 420 419)
4(295 296 338 337)
4(337 338 380 379)
4(379 380 421 420)
4(296 297 339 338)
4(338 339 381 380)
4(380 381 422 421)
4(297 298 340 339)
4(339 340 382 381)
4(381 382 423 422)
4(298 299 341 340)
4(340 341 383 382)
4(382 383 424 423)
4(299 300 342 341)
4(341 342 384 383)
4(383 384 425 424)
4(300 301 343 342)
4(342 343 385 384)
4(384 385 426 425)
4(301 302 344 343)
4(343 344 386 385)
4(385 386 427 426)
4(302 303 345 344)
4(344 345 387 386)
4(386 387 428 427)
4(303 304 346 345)
4(345 346 388 387)
4(387 388 429 428)
4(304 305 347 346)
4(346 347 389 388)
4(388 389 430 429)
4(305 306 348 347)
4(347 348 390 389)
4(389 390 431 430)
4(306 307 349 348)
4(348 349 391 390)
4(390 391 432 431)
4(307 308 350 349)
4(349 350 392 391)
4(391 392 433 432)
4(308 309 351 350)
4(350 351 393 392)
4(392 393 434 433)
4(309 310 352 351)
4(351 352 394 393)
4(393 394 435 434)
4(310 311 353 352)
4(352 353 395 394)
4(394 395 436 435)
4(436 1603 1607 476)
4(476 1607 1611 516)
4(516 1611 1615 556)
4(556 1615 1619 596)
4(596 1619 1623 636)
4(636 1623 1627 676)
4(676 1627 1631 716)
4(716 1631 1635 756)
4(756 1635 1639 796)
4(796 1639 1643 836)
4(836 1643 1647 876)
4(876 1647 1651 916)
4(916 1651 1655 956)
4(956 1655 1659 996)
4(996 1659 1663 1036)
4(1036 1663 1667 1076)
4(1076 1667 1671 1116)
4(1116 1671 1675 1156)
4(1156 1675 1679 1196)
4(1196 1679 1683 1236)
4(1236 1683 1687 1276)
4(1276 1687 1691 1316)
4(1316 1691 1695 1356)
4(1356 1695 1699 1396)
4(1396 1699 1703 1436)
4(1436 1703 1707 1476)
4(1476 1707 1711 1516)
4(1516 1711 1715 1556)
4(1603 1604 1608 1607)
4(1607 1608 1612 1611)
4(1611 1612 1616 1615)
4(1615 1616 1620 1619)
4(1619 1620 1624 1623)
4(1623 1624 1628 1627)
4(1627 1628 1632 1631)
4(1631 1632 1636 1635)
4(1635 1636 1640 1639)
4(1639 1640 1644 1643)
4(1643 1644 1648 1647)
4(1647 1648 1652 1651)
4(1651 1652 1656 1655)
4(1655 1656 1660 1659)
4(1659 1660 1664 1663)
4(1663 1664 1668 1667)
4(1667 1668 1672 1671)
4(1671 1672 1676 1675)
4(1675 1676 1680 1679)
4(1679 1680 1684 1683)
4(1683 1684 1688 1687)
4(1687 1688 1692 1691)
4(1691 1692 1696 1695)
4(1695 1696 1700 1699)
4(1699 1700 1704 1703)
4(1703 1704 1708 1707)
4(1707 1708 1712 1711)
4(1711 1712 1716 1715)
3(224 225 228)
4(225 226 229 228)
4(226 227 230 229)
4(227 289 290 230)
4(1549 1550 1570 1569)
4(1550 1551 1571 1570)
4(1551 1552 1572 1571)
4(1552 1553 1573 1572)
4(1553 1554 1574 1573)
4(1554 1555 1575 1574)
4(1555 1556 1576 1575)
4(289 1577 1590 290)
4(1577 1578 1591 1590)
4(1578 1579 1592 1591)
4(1579 1580 1593 1592)
4(1580 1581 1594 1593)
4(1581 1582 1595 1594)
4(1582 1583 1596 1595)
4(1583 1584 1597 1596)
4(1584 1585 1598 1597)
4(1585 1586 1599 1598)
4(1586 1587 1600 1599)
4(1587 1588 1601 1600)
4(1549 1569 1602 1589)
4(1588 1589 1602 1601)
4(1556 1715 1717 1576)
4(1715 1716 1718 1717)
)


// ************************************************************************* //
