/*--------------------------------*- C++ -*----------------------------------*\
  =========                 |
  \\      /  F ield         | OpenFOAM: The Open Source CFD Toolbox
   \\    /   O peration     | Website:  https://openfoam.org
    \\  /    A nd           | Version:  7
     \\/     M anipulation  |
\*---------------------------------------------------------------------------*/
FoamFile
{
    version     2.0;
    format      ascii;
    class       volVectorField;
    location    "0.09";
    object      U;
}
// * * * * * * * * * * * * * * * * * * * * * * * * * * * * * * * * * * * * * //

dimensions      [0 1 -1 0 0 0 0];

internalField   nonuniform List<vector> 
814
(
(0.922284220563 3.07590446035e-15 61.2566956904)
(-3.14151359734 3.46593801233e-16 60.6573894557)
(4.24706155938 1.87904721413e-16 57.314746085)
(0.821527262193 3.67651833031e-15 63.4089806692)
(-1.67970712015 8.92618524376e-16 62.1933705937)
(1.98308738594 2.76696577011e-16 57.0976495185)
(0.501858045316 -3.75323163437e-15 63.6658649976)
(-1.10748268122 -7.22242607967e-15 62.1484027675)
(1.40788070658 -7.86773943669e-15 55.5905264838)
(0.309624910618 -8.25680938705e-13 61.0748793293)
(-0.353210646732 -8.99937756832e-13 59.2110458311)
(2.87604126865 -2.31076661332e-12 49.6816566226)
(0.24341304297 -1.49274991799e-10 59.2288853758)
(0.167080525783 -8.30034368991e-11 56.904143215)
(1.6120227494 -1.27181798612e-11 46.1004476986)
(0.234202487277 -1.93678798531e-10 59.025503161)
(0.191962061943 -8.39221171486e-11 56.2296032335)
(1.2507992209 3.2685373765e-11 45.0789207814)
(0.0754480115692 -9.58637839047e-11 57.381654317)
(0.0536616468856 -6.49697516669e-11 53.9842792163)
(0.710913335038 5.98678295817e-11 42.6052074471)
(0.0858954730275 -5.01006027296e-11 55.6385177288)
(0.0809901634974 -3.99516089157e-11 51.7013472242)
(0.511592180429 7.97466802066e-11 40.4672844429)
(0.086426713842 -2.53097120409e-11 54.1287480842)
(0.110602305666 -2.23445545064e-11 49.7711242915)
(0.38858065865 4.78087413156e-11 39.0796395226)
(0.0542166269516 9.72234958516e-11 52.6488846075)
(0.109415815643 5.02502394498e-12 48.0777240775)
(0.294692405088 3.17503763886e-11 38.1795478047)
(0.0304536871951 4.0107608751e-11 51.2230770637)
(0.0864119229258 2.25949799615e-11 46.6603620659)
(0.195633442254 6.20104214343e-11 37.6566408231)
(0.0202818735315 3.44371380473e-11 49.9259024323)
(0.0579678666995 9.41403611103e-11 45.5469536437)
(0.101223200883 1.01274321427e-10 37.4325392887)
(0.0129062117819 2.78275552653e-11 48.815465049)
(0.01961066685 7.07342151125e-11 44.7281708263)
(-0.00263553879036 7.30220731267e-11 37.4254085788)
(0.0148301646725 -4.15233644194e-12 47.9353594395)
(0.0175014670685 -4.94120050837e-11 44.2034540604)
(-0.0352639648971 3.41472286044e-11 37.6863950791)
(0.0132092330323 1.48667121751e-10 47.2711854546)
(0.0211109955355 -1.0635655568e-11 43.9252550889)
(-0.0343025589753 -5.07422872029e-11 38.1288892025)
(0.0124025646414 3.37208068285e-11 46.779391269)
(0.0152531488518 -2.78814937688e-12 43.8120759716)
(-0.0404533322091 -2.19156360805e-11 38.6688215834)
(0.0201871474002 8.12594981722e-12 46.4033492909)
(0.0324907019589 -1.34271442632e-12 43.8024167298)
(-0.0107454671141 -8.93334136525e-12 39.2697657149)
(0.0417136242148 2.35780162855e-12 46.1193781408)
(0.0803320194063 1.33448888601e-12 43.8587800648)
(0.0630146726147 2.79854005399e-12 39.9156981112)
(0.0410887509956 1.81615907294e-12 45.8559144181)
(0.0957674435453 4.33323636342e-12 43.901048946)
(0.102518537255 9.27819825837e-12 40.4863330009)
(0.0433957764425 2.52402156735e-12 45.5119344259)
(0.100973287114 7.34470775432e-12 43.8329829958)
(0.10933035477 1.45610989399e-11 40.8829198034)
(0.0446632747441 3.6425874709e-12 45.0180231339)
(0.102856927801 1.06577894403e-11 43.5838121497)
(0.114095552712 1.93982812224e-11 41.0541409788)
(0.059537386472 2.81270201789e-11 44.3429737391)
(0.144271061455 8.96052563837e-11 43.1349462707)
(0.181737629035 4.05250520069e-11 40.9953977255)
(0.0621574452092 1.84954874037e-11 43.3726608389)
(0.151570094522 4.87266054082e-11 42.3677419637)
(0.200377157154 3.84026258135e-11 40.5790063047)
(0.0819074419271 -5.7813115788e-11 41.9452548881)
(0.198451389977 1.6418720581e-11 41.1260413329)
(0.279188544943 6.60136916876e-11 39.6577611042)
(0.100452999314 -1.96493256396e-12 39.9986070379)
(0.25677709228 1.64096603338e-11 39.3392493194)
(0.380623243451 3.77040153815e-11 38.1449152679)
(0.116580542564 6.1232478367e-11 37.3780964853)
(0.295676206808 -6.13329120498e-11 36.8550747621)
(0.450208250919 -5.47766029385e-11 35.892985206)
(0.148541999914 -5.29734489242e-12 34.025957081)
(0.382958381945 -2.88508171074e-11 33.6097985749)
(0.592486839798 -3.64125903073e-11 32.8362328331)
(0.156829788178 -1.56185541284e-11 29.8167145849)
(0.407736242684 -4.61597978892e-11 29.4801040507)
(0.639571877594 -7.4936307017e-11 28.850227322)
(0.143236636213 -9.16750453863e-12 25.260213939)
(0.370296047371 -2.41896149087e-11 24.9713523963)
(0.577916031578 -2.64377585032e-11 24.4644248098)
(0.082373635814 -2.34356925656e-11 21.7429032556)
(0.219099797119 -6.8491050741e-11 21.4815712097)
(0.35064470078 -1.9046409364e-11 21.087922109)
(0.00569082998543 -2.12294697635e-12 20.6595430619)
(0.0212559005808 -2.24141744588e-12 20.3886222482)
(0.0379100608324 2.04716918745e-11 20.0765787424)
(-0.032388424662 1.13592775841e-11 21.693565001)
(-0.0851593596893 3.40140965669e-11 21.4288666603)
(-0.138890904298 6.65607997413e-11 21.1666687182)
(-1.02268183288 -2.43201129763e-11 13.6841935617)
(0.59463852338 -1.95197233197e-11 15.8141203666)
(1.05782218551 -1.33432967529e-11 23.5223471885)
(0.409709283213 -5.52052658243e-12 25.070309783)
(0.324549955091 4.20333160256e-12 25.9490166975)
(0.303312444445 3.24112674138e-12 26.8662818842)
(0.218056907783 -1.70458007568e-13 27.6763329228)
(0.109524632177 7.08424113204e-12 28.4230983203)
(0.011278932485 1.9079461876e-11 29.2061157535)
(-0.111849975133 2.02457890371e-11 30.0863951355)
(-0.153529681151 1.51598226186e-11 31.131605043)
(-0.154319405151 8.19262241138e-12 32.2383747913)
(-0.159516187477 1.08934988961e-11 33.3623349196)
(-0.11301279876 3.85137270507e-12 34.5126033062)
(-0.0215885293657 2.02924329123e-11 35.6922482898)
(0.0336844881598 1.93415240321e-11 36.7690079417)
(0.0523450739316 2.47081791908e-11 37.6160054484)
(0.0763554859998 3.08017506043e-11 38.2080516458)
(0.169764347181 3.09511013205e-11 38.5546508118)
(0.21102005502 3.38306790832e-11 38.5077266756)
(0.327047117436 4.66790336468e-11 37.9250081764)
(0.470834590485 3.54197691014e-11 36.7021494916)
(0.58391609976 -2.22244874357e-11 34.7025571266)
(0.77513088825 -3.13866561121e-11 31.8560338448)
(0.850454184321 -4.67435089322e-11 28.0401709511)
(0.763676320686 2.82358995182e-12 23.8145434724)
(0.471098737737 1.84669929368e-11 20.6070181111)
(0.0482625165144 4.64489291236e-11 19.7217768062)
(-0.203297925575 1.06913610485e-10 20.8932722753)
(0.0293838120866 -5.68484535979e-12 2.06365162167)
(0.0571485041162 -3.70686412513e-11 2.15185498952)
(0.0404848708078 -5.47060852403e-12 2.10739675841)
(0.0202889660533 -1.2704186884e-12 2.15740712354)
(-0.0260741225148 -3.29964435882e-13 2.13147868581)
(-0.0561241668312 -9.0948049386e-14 2.15301713576)
(-0.0997630942767 -5.67206595521e-14 2.13672762897)
(-0.126735203118 -1.37408136519e-13 2.13931731711)
(-0.156643807244 -3.33532054232e-13 2.12737941483)
(-0.171147881266 -1.11510334963e-13 2.12336814147)
(-0.183608593684 -1.07635009691e-13 2.11516625339)
(-0.184506603308 -2.86498675825e-13 2.10982083909)
(-0.18217372283 -2.39050784224e-13 2.10415087377)
(-0.168706856594 -4.15782216518e-14 2.09933861879)
(-0.155538326308 -5.73295490956e-15 2.09609300903)
(-0.12592358242 -6.39138300955e-16 2.09147639286)
(-0.108424928667 1.62935414613e-16 2.09130303969)
(-0.0605631449965 1.0362236313e-14 2.08673879514)
(-0.0496549511192 1.40593026548e-13 2.09219714275)
(-0.0149478005178 3.01825073101e-15 2.08593393447)
(0.248829372639 -8.80088848316e-12 1.88242335048)
(0.054263048192 -6.62573221656e-11 2.03883414018)
(0.0555423870751 -1.16818342638e-11 2.16637957656)
(0.020927233386 -3.41247143673e-12 2.29097966072)
(-0.0680495535533 -1.0808161101e-12 2.33012388695)
(-0.10749132757 -3.83149762398e-13 2.39661983923)
(-0.194793544639 -5.65830251288e-13 2.3684972818)
(-0.231204895 -2.48698911775e-12 2.37173330837)
(-0.281534997144 -1.0387211261e-11 2.33640008129)
(-0.297888556939 -1.20943069801e-12 2.32073773422)
(-0.31367028191 -1.45958026246e-12 2.29501231556)
(-0.308701119851 -6.82267341674e-12 2.27766845959)
(-0.299701348216 -5.44428484443e-12 2.25989090645)
(-0.273478968121 -3.80600531958e-13 2.24527017579)
(-0.248909677393 -3.92601022238e-14 2.23461904329)
(-0.199321660499 -4.95223893368e-15 2.2219162975)
(-0.170329928911 -8.04888885644e-15 2.219805002)
(-0.093556636713 1.39564476382e-13 2.20789489162)
(-0.0751720827859 3.74001779438e-12 2.2283067942)
(-0.0453147563121 4.36854099757e-14 2.20871961695)
(0.297094145083 -1.61194535429e-11 1.68957803674)
(0.346082390152 -6.11955560303e-11 2.63641601505)
(0.360711136877 -1.59228444678e-11 2.33540641918)
(0.204585036681 -5.10499164884e-12 2.63119664421)
(0.0526369534731 -1.75887267461e-12 2.54088471378)
(-0.0637644260961 -6.73666237503e-13 2.62072261462)
(-0.20317833042 -9.06903457537e-13 2.55451406513)
(-0.249460934866 -3.22005657257e-12 2.55417991563)
(-0.315460369212 -9.09945866681e-12 2.49050527018)
(-0.327613646545 -1.93909082195e-12 2.46113330267)
(-0.345158931583 -2.05151015568e-12 2.41795018533)
(-0.33580707021 -6.77252982217e-12 2.38856133882)
(-0.324664919828 -5.41993119149e-12 2.35930621956)
(-0.293355958545 -6.52051659393e-13 2.33564275799)
(-0.266478734936 -7.59837190213e-14 2.31777908468)
(-0.20973573758 -2.5518499142e-14 2.29816128082)
(-0.180581717739 -2.01235194878e-13 2.29324363456)
(-0.0904917325093 1.92692519403e-13 2.27557314605)
(-0.0778410901667 3.90162855332e-12 2.31732881415)
(-0.0560594490006 7.24679671491e-14 2.27217444263)
(-0.494434172711 -3.1385889702e-11 1.414687909)
(0.699129214001 -5.78293500381e-11 2.32883532046)
(0.168898898226 -1.86125391565e-11 2.31222155906)
(0.305990385799 -6.61356045456e-12 2.68314140335)
(-0.0217487813197 -2.63577635352e-12 2.69207042259)
(-0.0508519332988 -1.1994702381e-12 2.79061615567)
(-0.223714442658 -1.58815515293e-12 2.71560565888)
(-0.253802741294 -3.78212001877e-12 2.71316888663)
(-0.33351914694 -7.99513030475e-12 2.62684643272)
(-0.331773597926 -2.65652141031e-12 2.58251673236)
(-0.349430600806 -2.56905019055e-12 2.5231622626)
(-0.334026631515 -6.79211325709e-12 2.48274636082)
(-0.321693491915 -5.38913621813e-12 2.44342925718)
(-0.286910833614 -9.59095641824e-13 2.41205477599)
(-0.260563946579 -1.16816227175e-13 2.38780474424)
(-0.199792995249 -1.56416313103e-13 2.36249166552)
(-0.17429950575 -2.59637805338e-12 2.35398808819)
(-0.0699400940149 2.25386768295e-13 2.33262023633)
(-0.0716203891216 5.62517822002e-12 2.38345447127)
(0.117547622405 3.56405967381e-14 2.33372531573)
(2.33335910802 1.8391829816e-11 3.34544435864)
(2.22337519516 -5.97569403067e-11 2.47683524823)
(1.54020549129 -2.70991663725e-11 3.12850696483)
(0.890647136762 -9.59463679785e-12 3.11986834328)
(0.297357480717 -3.98113090597e-12 3.11920781301)
(0.0342578945706 -3.31905836252e-12 3.04419033325)
(-0.201740301734 -9.86054588021e-12 2.91629813687)
(-0.242803734894 -9.70647132826e-12 2.85433980343)
(-0.343680254697 -7.42906600506e-12 2.74906969522)
(-0.330520514206 -3.45225297036e-12 2.69081450318)
(-0.348122360213 -3.90833477577e-12 2.61816897615)
(-0.326510354954 -1.17382487298e-11 2.56836756616)
(-0.313474443091 -5.81494042942e-12 2.52086143901)
(-0.275846991859 -1.26875198082e-12 2.48309099429)
(-0.250656557472 5.26539094995e-14 2.45318280202)
(-0.186906904406 -2.27706724157e-13 2.42308147947)
(-0.165218178314 -2.60777838835e-12 2.40943674709)
(-0.0491527736603 2.23415942222e-13 2.38551288441)
(-0.0553405423757 5.64050422567e-12 2.41497109466)
(0.244802622631 -2.80800492963e-12 2.37921021493)
(1.21501828896 -6.34464862279e-11 9.37706114368)
(1.30737681445 -8.96799078441e-11 6.32947608939)
(0.996434862753 -3.16836712798e-11 5.28428785609)
(0.504450907401 -1.07233354673e-11 4.35198214735)
(0.104009659355 -5.40280541193e-12 3.83591087677)
(-0.139208287347 -5.88175317105e-12 3.42197686299)
(-0.291292755048 -1.21385983735e-11 3.18427746737)
(-0.293820428175 -1.55001066988e-11 3.00541261823)
(-0.371416377879 -7.63199535337e-12 2.87906952679)
(-0.343278939311 -4.7405291869e-12 2.802143779)
(-0.359454949861 -7.84728268683e-12 2.71785364505)
(-0.329854347554 -1.18129632377e-11 2.65856236789)
(-0.314836279083 -1.03772458508e-11 2.60325825467)
(-0.273426026395 -1.49101452013e-12 2.5590549172)
(-0.24808644765 3.18364592319e-12 2.52316877149)
(-0.180917818135 -1.84508795676e-13 2.48823322348)
(-0.161189952467 -2.48671486574e-12 2.46784509005)
(-0.0370843633729 2.39937846379e-13 2.44087803503)
(-0.0455800833628 7.18284021981e-12 2.44059091636)
(0.273818295057 -2.78435409026e-12 2.38925904222)
(-0.0417103619321 -6.02744938306e-11 9.72101754189)
(0.585494597925 -1.2372610203e-10 7.15907917254)
(0.467593001434 -3.26803764179e-11 6.23709425854)
(0.106352073465 -1.14619799189e-11 5.14124639851)
(-0.204793377115 -7.5747565773e-12 4.32462518881)
(-0.381456287662 -1.01393889102e-11 3.73928962496)
(-0.411186980025 -1.98118357136e-11 3.41803058972)
(-0.388070763549 -1.55322496825e-11 3.14765815629)
(-0.414820673211 -8.31643521436e-12 3.01081702512)
(-0.375510600694 -5.95495084707e-12 2.90843967746)
(-0.384825515525 -8.75824966075e-12 2.81768613256)
(-0.345769144483 -1.16399777429e-11 2.74921600744)
(-0.326725581902 -1.04073300591e-11 2.68699058362)
(-0.280270565779 -1.88870412727e-12 2.63656582578)
(-0.253110705334 3.02029143326e-12 2.59462044617)
(-0.182050272127 -9.18592085336e-14 2.55500622727)
(-0.162386380698 -2.29396508718e-12 2.52709575882)
(-0.0335552533104 2.51780632252e-13 2.49696683388)
(-0.0433000022857 7.02915420293e-12 2.46999848938)
(0.257013972275 -2.58334485165e-12 2.40475409832)
(-0.3061340316 -6.02610242545e-11 11.0095082028)
(0.249408183446 -7.26312649765e-11 7.96504637054)
(0.230021488966 -3.12386268014e-11 7.12563736507)
(-0.275901828465 -1.24114528353e-11 5.76720573174)
(-0.516422495076 -9.82820982907e-12 4.73968636768)
(-0.559909279785 -1.31340661677e-11 4.02905624712)
(-0.530125354621 -1.92632999434e-11 3.59945475765)
(-0.486329609207 -1.50726312404e-11 3.2810130594)
(-0.466344997697 -9.36183910718e-12 3.13322690802)
(-0.421161238087 -8.29030148886e-12 3.00667209829)
(-0.417051522223 -1.51610830357e-11 2.91576341062)
(-0.369428029398 -1.1590097967e-11 2.83952408611)
(-0.344554484206 -1.02017336781e-11 2.77138295674)
(-0.292335246593 -2.39285954774e-12 2.71512628376)
(-0.262141904375 2.58474471848e-12 2.66721626076)
(-0.187302377201 -2.97925855308e-15 2.62319801489)
(-0.16644529632 -2.08459145734e-12 2.58759137401)
(-0.0362550528149 2.62707794724e-13 2.55453165999)
(-0.0465357732351 6.76031455265e-12 2.50566594095)
(0.221834323935 -2.26222791887e-12 2.43249100784)
(-0.50305707787 -6.1414670456e-11 12.7909823521)
(0.17074221606 -6.8408938339e-11 9.24069715765)
(-0.0685974389853 3.01457929147e-12 7.97123749541)
(-0.572444986753 -1.21517834463e-11 6.34647518286)
(-0.685874944631 -1.02106049572e-11 5.16325610094)
(-0.681122428111 -1.14716150596e-11 4.27586359153)
(-0.624796848514 -1.11495660814e-11 3.74927196166)
(-0.568093317201 -1.42231949713e-11 3.41309678573)
(-0.52115697739 -1.17321802415e-11 3.24673576461)
(-0.469588206816 -1.73860662166e-11 3.10355159413)
(-0.448705170297 -2.09672380245e-11 3.01227413065)
(-0.396403164038 -1.2038668979e-11 2.92897461712)
(-0.365022098995 -9.96886298407e-12 2.85629260414)
(-0.306906537392 -3.15312401496e-12 2.79471613704)
(-0.272928703774 1.74128430006e-12 2.74109681444)
(-0.194828737492 2.48398839446e-14 2.69304410136)
(-0.171941126684 -1.88814627071e-12 2.65004688073)
(-0.0432282965706 2.73869668805e-13 2.61448066858)
(-0.0528970862952 6.43159995542e-12 2.54887790119)
(0.184323810148 -1.93845020609e-12 2.47350716695)
(-0.452558869035 -5.139528522e-11 14.639571932)
(-0.184996948226 1.50406308004e-11 10.6878306462)
(-0.392599429212 1.68937890893e-12 8.78841116325)
(-0.717745845306 -1.07226622464e-11 7.0362702332)
(-0.787400623459 -9.914952159e-12 5.57123306866)
(-0.757313614457 -1.16180299606e-11 4.50855349275)
(-0.697846882742 -1.59528176792e-11 3.90788036043)
(-0.636869117337 -1.34266558393e-11 3.55579607434)
(-0.576833314049 -1.2984998728e-11 3.36197521786)
(-0.51722653277 -1.83275408196e-11 3.20585733683)
(-0.480810327298 -2.07303732336e-11 3.10550490468)
(-0.425570377246 -1.28122991451e-11 3.01717469266)
(-0.386963336265 -1.04899499912e-11 2.94139093973)
(-0.323528683554 -7.34669531004e-12 2.87518915513)
(-0.285230874645 -2.25715134556e-12 2.81628082081)
(-0.204440739605 -1.43509234001e-13 2.7646440894)
(-0.178782371841 -1.71694834104e-12 2.71493156609)
(-0.0535447901124 2.85256412091e-13 2.67733694245)
(-0.0609805625026 6.08829629607e-12 2.59959944599)
(0.146371494188 -1.65894531045e-12 2.52585735319)
(-0.486660019067 -4.31998645402e-11 16.4599905239)
(-0.51067862244 -2.51349020727e-12 11.9994858341)
(-0.58239553412 -3.25348411098e-11 9.7216134019)
(-0.794658254101 -8.8668884958e-12 7.75412413002)
(-0.849433779823 -9.25603631166e-12 5.99814075425)
(-0.821499503405 -1.17474013686e-11 4.77768136347)
(-0.768432935675 -1.435718781e-11 4.09993060674)
(-0.704731602592 -1.06428084144e-11 3.71656666611)
(-0.635206822686 -5.1182636872e-12 3.48527176606)
(-0.567031358412 -1.73614790899e-11 3.31327267761)
(-0.515193362697 -1.9547902817e-11 3.19813266852)
(-0.454777582089 -1.382889138e-11 3.10570953187)
(-0.410346796262 -1.48522832654e-11 3.02633683902)
(-0.342505615027 -8.69368914533e-12 2.95658252472)
(-0.299496434248 -5.99416643597e-12 2.89286772341)
(-0.216433832743 -4.20061064481e-13 2.83811424892)
(-0.187246281527 -1.58200414588e-12 2.78256866351)
(-0.0665393148682 2.86976907841e-13 2.74337835719)
(-0.0698799127982 5.59571609057e-12 2.65758745585)
(0.110333904736 -1.42769246089e-12 2.58793933722)
(-0.544576624892 -4.182398028e-11 18.2106081062)
(-0.725102129367 -6.92981513763e-11 13.3652396844)
(-0.697816819845 -2.2092358475e-11 10.7097392627)
(-0.866458356104 -6.13351637457e-12 8.51372780559)
(-0.901377197832 -8.95724401596e-12 6.49441363635)
(-0.887929845113 -1.43287998312e-11 5.10608502634)
(-0.84884863958 -2.04680271167e-11 4.33443036475)
(-0.774504686581 -9.6523801563e-12 3.89440931369)
(-0.697915910398 -5.749215851e-12 3.61773773315)
(-0.618375956294 -1.53823179044e-11 3.42494035913)
(-0.552122431221 -1.71171462074e-11 3.29426894376)
(-0.485510679297 -1.0157684897e-11 3.19317052366)
(-0.435716865897 -1.46145617697e-11 3.11124930764)
(-0.363719550623 -9.43916253815e-12 3.03870129335)
(-0.315962443728 -6.58015466067e-12 2.97093914776)
(-0.230867847851 1.37992593941e-12 2.91349357898)
(-0.197430228697 -1.62766132785e-12 2.85307686175)
(-0.081533120231 1.75428848299e-13 2.81265270672)
(-0.0789674476105 2.00577877598e-12 2.72231917891)
(0.0779939334528 -1.36918972941e-12 2.65723077089)
(-0.647976482208 -3.47228914897e-11 19.9737531306)
(-0.945265345463 -4.08824789619e-11 14.8797914884)
(-0.805334313386 2.61950587461e-11 11.925799957)
(-0.906166902938 -1.23225502562e-12 9.35733554323)
(-0.953762293087 -7.74827374895e-12 7.1115177104)
(-0.958196238351 -1.54412931724e-11 5.50697029168)
(-0.92586665417 -2.04339971185e-11 4.61629050708)
(-0.845793621327 -1.28566562504e-11 4.08567175461)
(-0.760995874336 -1.51486352069e-11 3.76103331936)
(-0.669391270616 -1.45120675168e-11 3.53948798986)
(-0.592291482152 -1.6411495493e-11 3.39406124506)
(-0.517267340174 -1.50018401661e-11 3.28018588985)
(-0.460926248633 -1.4196658352e-11 3.19784006605)
(-0.386773005151 -9.80664207807e-12 3.1212031932)
(-0.334324419613 -6.91891868521e-12 3.05068557058)
(-0.247493825975 9.76146416821e-13 2.99080229356)
(-0.209175295471 -5.52658082575e-12 2.92643099385)
(-0.0977366999631 -7.90511898531e-14 2.88507741833)
(-0.0879143722063 1.27411846474e-12 2.79298483938)
(0.0502979475776 -4.10128766816e-12 2.73152677572)
(-0.625587048308 -2.2630881208e-11 21.7754447911)
(-0.979382610425 -7.55001150589e-12 16.4819946612)
(-0.939455707464 1.08408066535e-10 13.2875741083)
(-0.977783526291 8.04040641151e-12 10.2918197689)
(-1.00345725368 -5.20998814582e-12 7.83404884091)
(-1.02283893115 -1.69324005458e-11 5.98348344739)
(-0.991805429554 -2.68779060464e-11 4.93982012226)
(-0.913725442678 -1.57265783843e-11 4.29271795735)
(-0.818614455793 -1.74186446111e-11 3.91622132903)
(-0.719112301305 -1.59783968684e-11 3.65890907245)
(-0.631915895228 -2.13455602743e-11 3.49836427855)
(-0.548966509984 -1.5965706456e-11 3.37110423207)
(-0.485838580304 -1.41374581918e-11 3.28468076745)
(-0.411931640866 -1.07115634733e-11 3.20421424873)
(-0.354037640861 -1.19946290901e-11 3.13217771553)
(-0.266093673509 4.31847197698e-12 3.06997375736)
(-0.222307192109 -5.4375395651e-12 3.00245765195)
(-0.114549268307 -3.73093965937e-13 2.96042158036)
(-0.0965734839823 9.80946891085e-13 2.86835321954)
(0.0273880694121 -4.42257440223e-12 2.80962064239)
(-0.579276209692 6.38712496209e-11 23.5140724306)
(-0.95619858718 2.80645673768e-11 18.0273868535)
(-0.995305321403 1.42032332231e-10 14.6067444685)
(-0.984757087321 4.99197881323e-11 11.3260532981)
(-1.0299459241 6.83631124933e-13 8.62928489635)
(-1.04298699095 -1.47428825251e-11 6.55284916322)
(-1.0216560763 -2.1529277231e-11 5.29413252846)
(-0.960467795464 -8.59296684957e-12 4.52624669841)
(-0.860077030415 -2.6008549436e-11 4.07951535838)
(-0.761521117916 -1.754777078e-11 3.78539503919)
(-0.667202615053 -2.15449369665e-11 3.60530248244)
(-0.580821612967 -1.73870698403e-11 3.46670675865)
(-0.510618701131 -1.78021781922e-11 3.37165497981)
(-0.436991131041 -1.1853811555e-11 3.28973666315)
(-0.374642893746 -1.45815296761e-11 3.21549971632)
(-0.286428234794 2.93081554945e-12 3.15094783933)
(-0.23663740516 -4.78515497749e-12 3.08099532385)
(-0.131578800521 -6.26904148857e-13 3.03836431381)
(-0.104848766946 9.18971627387e-13 2.94740157159)
(0.00857204230996 -1.46498255674e-12 2.890597664)
(-0.529453217596 5.54035300353e-11 25.2407576479)
(-0.889448978053 5.6660506269e-11 19.626953181)
(-1.03262819813 1.41968349665e-10 16.0287654998)
(-0.97992976512 8.70131036068e-11 12.5840602103)
(-0.986503743657 8.56301385857e-12 9.4958709273)
(-1.02217737252 -1.6488291265e-11 7.22024588682)
(-1.02259379869 -3.37812222847e-11 5.68205788131)
(-0.971662331868 -1.13737954767e-11 4.78778796707)
(-0.882188251517 -2.59040391897e-11 4.2549584461)
(-0.788534080617 -2.13594686951e-11 3.92483371986)
(-0.694253526979 -3.16684939051e-11 3.72095936898)
(-0.609203064701 -1.89514719557e-11 3.57066762737)
(-0.533667070199 -1.77827379836e-11 3.4649163899)
(-0.461417258242 -9.80181332352e-12 3.37756331063)
(-0.396916992997 -1.39189477657e-11 3.30069273094)
(-0.308408727611 8.87857712085e-13 3.23321651108)
(-0.25208076702 -4.07250182363e-12 3.16168382986)
(-0.1486144908 -8.32072732626e-13 3.11842769518)
(-0.112728611598 8.36745049703e-13 3.02934983175)
(-0.00705463442654 -8.05547957647e-13 2.97372522188)
(-0.416568105683 -9.66068914302e-12 26.9684554138)
(-0.725068485854 8.19862304723e-11 21.2786994715)
(-0.912053421919 1.90122648318e-10 17.4720567367)
(-0.963784690016 1.19893066303e-10 13.8900151578)
(-0.938738055482 1.81473849257e-11 10.3940870062)
(-0.975444942075 -1.81851735411e-11 7.9101674532)
(-0.986065854652 -3.34107559596e-11 6.08897931313)
(-0.946086816965 -1.465012253e-11 5.04942385572)
(-0.877493361916 -2.51733520066e-11 4.43840987738)
(-0.796707463258 -2.33809605617e-11 4.07097271945)
(-0.714065118333 -3.11416616901e-11 3.84536909415)
(-0.635243035291 -2.04003664729e-11 3.68029529044)
(-0.55907638998 -1.75259819324e-11 3.5643090192)
(-0.487203258015 -1.04072333487e-11 3.46617451603)
(-0.420185748363 -1.26463322345e-11 3.3888699972)
(-0.3319139149 -1.11393277451e-12 3.31671690533)
(-0.268250596865 -3.6060106455e-12 3.2442563918)
(-0.165402877606 -1.00730225786e-12 3.20020337914)
(-0.120207487508 7.01091160738e-13 3.11358946154)
(-0.0201511289456 -6.53531775643e-13 3.05850556484)
(-0.286684530016 7.59859123751e-11 28.678152581)
(-0.663045748653 5.82825051161e-11 22.9196024315)
(-0.923583947866 1.54361985357e-10 18.8907531486)
(-1.04091167449 1.26881857083e-10 15.1453500966)
(-0.920199950232 2.68115971412e-11 11.3959396486)
(-0.946277041849 -2.05964872825e-11 8.61451761486)
(-0.956386057868 -3.56344518393e-11 6.53204408884)
(-0.919751282599 -2.16345783182e-11 5.33321146499)
(-0.87223666994 -3.4217897133e-11 4.66074544866)
(-0.801221849472 -2.48688574085e-11 4.25092898388)
(-0.732795439861 -3.0180989927e-11 3.99529722134)
(-0.66164782367 -2.48033968373e-11 3.81319157982)
(-0.585957904989 -1.44221735771e-11 3.67856102699)
(-0.512943979865 -1.11209450227e-11 3.56497448916)
(-0.443548355023 -1.17426412835e-11 3.47792158447)
(-0.357691304211 -2.79365662125e-12 3.40130620317)
(-0.285121686412 -3.40761305955e-12 3.32806302179)
(-0.181839334763 -1.17678919646e-12 3.28306792675)
(-0.127304472504 4.40857208318e-13 3.19952955632)
(-0.0310197511529 -7.47679894136e-13 3.14463774197)
(-0.215531758111 2.13942313711e-11 30.2891208661)
(-0.659748381697 1.28771176444e-10 24.5220903312)
(-0.984246569543 1.70760335302e-10 20.357716761)
(-1.17360899856 1.34312243767e-10 16.502716587)
(-1.01089454055 2.75582297263e-11 12.5939578219)
(-0.966068295606 -4.84776695018e-11 9.38615073292)
(-0.961920847434 -3.85172001247e-11 7.05011057898)
(-0.927003244996 -2.67725094225e-11 5.67863952145)
(-0.894066332394 -3.49435534272e-11 4.93754838979)
(-0.840177537119 -2.60193313951e-11 4.4775353214)
(-0.773279623238 -2.86556958192e-11 4.18060769671)
(-0.703891695105 -2.48444031276e-11 3.96030494671)
(-0.62845680947 -1.48457816044e-11 3.80241796609)
(-0.550852802362 -1.25351266425e-11 3.6674324941)
(-0.473022021794 -1.60300633338e-11 3.56313408028)
(-0.383738449604 -4.58005434974e-12 3.48661014027)
(-0.302329978911 -3.48142130798e-12 3.41153281155)
(-0.197476475743 -1.49599729257e-12 3.36619131008)
(-0.13372498923 -2.76874230964e-12 3.28671646495)
(-0.0399719975608 -3.50507454333e-12 3.23202010559)
(-0.166758756067 4.18094621183e-11 31.7480014502)
(-0.624131240047 1.00441156382e-10 26.0682624706)
(-0.974472953885 2.08431203543e-10 21.8186041139)
(-1.20171381612 1.40378147781e-10 17.8958994453)
(-1.11658032057 2.73583613752e-11 13.8610022241)
(-1.00767118501 -5.14299699855e-11 10.2500511504)
(-0.991430287724 -4.16399131717e-11 7.66644826108)
(-0.982180249666 -2.93537711316e-11 6.15816564383)
(-0.942850961884 -3.38879517444e-11 5.32795732515)
(-0.90037219929 -2.64101794374e-11 4.78320444775)
(-0.848428791335 -2.71235111357e-11 4.42247007425)
(-0.771122347141 -2.35497373856e-11 4.15121108829)
(-0.680296965962 -1.24266950019e-11 3.94542943635)
(-0.596627654715 -1.32146914538e-11 3.78659788835)
(-0.500917815087 -1.57662399642e-11 3.65868111753)
(-0.406975456154 -6.32350570766e-12 3.56944320314)
(-0.319941498413 -3.64656665361e-12 3.49390954314)
(-0.211342478487 -1.77792511427e-12 3.44843562794)
(-0.138976130816 -3.36065748334e-12 3.37479533021)
(-0.0471884183102 -4.10818010171e-12 3.32068902752)
(-0.104908948694 5.56678422786e-11 33.0136566334)
(-0.530525815661 1.23698542652e-10 27.5271562557)
(-0.865025979474 2.28186478812e-10 23.2343543666)
(-1.08630712238 1.42842511447e-10 19.2592343694)
(-1.07627635918 2.81982497607e-11 15.1103794741)
(-0.916389755908 -5.55936985561e-11 11.1220439662)
(-0.872869448282 -4.49418649657e-11 8.37662699601)
(-0.940536469198 -2.89173377606e-11 6.7864642597)
(-0.979430156514 -2.10933102512e-11 5.85996350728)
(-0.966895225223 -2.58932925564e-11 5.22752449818)
(-0.913059776865 -2.69678204508e-11 4.74910469811)
(-0.853490879086 -2.65882560469e-11 4.40095937676)
(-0.755437141694 -1.38076609625e-11 4.12195972373)
(-0.650172762467 -1.36758615872e-11 3.91997545082)
(-0.543757548465 -1.53356831545e-11 3.75111568472)
(-0.43409768079 -1.13052465267e-11 3.64303078394)
(-0.334512420513 -8.84064558447e-13 3.57272408827)
(-0.222417664495 -1.81099063768e-12 3.52865598163)
(-0.141871665093 -3.33364722444e-12 3.46364820905)
(-0.0524410200587 -4.14732519828e-12 3.41100813957)
(0.0224630841413 2.02779834925e-11 34.0421559121)
(-0.346170101763 1.54947241821e-10 28.8525155538)
(-0.648591563854 1.77352771897e-10 24.5494455673)
(-0.880781343614 1.35270368795e-10 20.5223038099)
(-0.953164302933 3.0449059629e-11 16.3220183362)
(-0.67358911702 -5.61347560069e-11 12.0797978924)
(-0.603373559602 -6.85638835978e-11 9.16862221375)
(-0.73535436322 -3.20756926628e-11 7.54448423093)
(-0.84036484102 -2.93383007618e-11 6.51208728978)
(-0.928083226582 -2.62637474304e-11 5.81881021352)
(-0.928816797255 -3.16970121431e-11 5.21717343185)
(-0.891874965776 -2.16198028256e-11 4.72710938609)
(-0.808486522085 -1.50571896451e-11 4.35733346127)
(-0.707630386066 -1.40681654921e-11 4.06188877092)
(-0.582997866988 -1.51547971271e-11 3.86871454358)
(-0.446385646072 -1.56455480575e-11 3.72370748991)
(-0.338945487107 1.39365333376e-12 3.64568425503)
(-0.227593805989 -1.60824520428e-12 3.60754757885)
(-0.140742118006 -3.0237983865e-12 3.55341553366)
(-0.0552930164725 -4.01543357726e-12 3.50370985938)
(0.148907401758 3.64987412396e-11 34.6224339866)
(-0.0831059414794 1.2797378995e-10 29.8532969646)
(-0.301931394268 1.53783326251e-10 25.5816255881)
(-0.439591932597 1.20482375077e-10 21.5033467778)
(-0.51736879035 3.27305784625e-11 17.2835113637)
(-0.296024769596 -4.68393146979e-11 13.0273344502)
(-0.236183380189 -6.54616830289e-11 9.95552730404)
(-0.352477108745 -3.53141686065e-11 8.35687042752)
(-0.505773965331 -2.83976173118e-11 7.25670210836)
(-0.644490104827 -2.43140482409e-11 6.49875618014)
(-0.788967580862 -2.28920847099e-11 5.83279829025)
(-0.827690242214 -1.9477775389e-11 5.22453235012)
(-0.817569545184 -1.53556599017e-11 4.66647819714)
(-0.713207455398 -1.41955887786e-11 4.28567364756)
(-0.591369251433 -1.47434901986e-11 3.97900126589)
(-0.466496183557 -1.52808366341e-11 3.81177665235)
(-0.336646500161 -3.97993605015e-13 3.70867695594)
(-0.222225931361 -1.36109422286e-12 3.68552916952)
(-0.134007933785 -1.37329522393e-13 3.64449204084)
(-0.0547023141979 -3.79213987593e-12 3.60017158585)
(0.348500257261 3.95999273948e-11 34.6015271925)
(0.258523649974 7.53865050204e-11 30.2518966846)
(0.154182504427 1.18218784787e-10 26.0756749871)
(0.110072549949 9.76351099467e-11 21.9564152312)
(0.0558638312418 3.41398550035e-11 17.7512215435)
(0.114885176446 2.02188150692e-13 13.7408482872)
(0.173861911773 -4.9366602735e-11 10.8050194616)
(0.179120656468 -3.23344010173e-11 9.16365413094)
(0.0811461460175 -2.46527142817e-11 8.04329664819)
(-0.0146453420661 -1.98264227705e-11 7.24196105789)
(-0.196743859097 -1.81171938299e-11 6.55573631309)
(-0.519632029064 -1.64047150881e-11 5.80924990114)
(-0.637217326045 -1.48571473179e-11 5.16703225401)
(-0.647916042746 -1.40692592907e-11 4.52387230566)
(-0.571304897902 -1.42065009375e-11 4.14475392437)
(-0.42504041802 -1.39119067608e-11 3.88802932786)
(-0.310524892729 7.53513169165e-13 3.78614205941)
(-0.196705836788 -1.09919826534e-12 3.76248543608)
(-0.119043222794 3.71442940233e-13 3.74023513688)
(-0.0494975466496 -3.59834735262e-12 3.70257283196)
(0.579274761292 2.9211588791e-11 33.8610997409)
(0.634945635519 2.30238965174e-11 29.8958744661)
(0.676803217818 7.75632549898e-11 25.8574934045)
(0.742551899995 7.05740269388e-11 21.773699816)
(0.760904685426 3.13954894038e-11 17.7301571517)
(0.763084938055 8.03683316312e-12 14.155511845)
(0.781714300475 -2.49186789193e-11 11.5482524769)
(0.801368280366 -1.86248655022e-11 9.88899459973)
(0.736167744701 -1.36454546583e-11 8.74966234801)
(0.76234080183 -1.12240374567e-11 7.9672505004)
(0.446412313978 -1.10090357957e-11 7.33584104102)
(0.284453865565 -1.25206753217e-11 6.65031553554)
(-0.264842311489 -1.38656128926e-11 5.77012237138)
(-0.455294862485 -1.37680479359e-11 4.91823588925)
(-0.41021957186 -1.36672452707e-11 4.35760874515)
(-0.363796339498 -1.28323634638e-11 4.00004928264)
(-0.241187569564 -1.08270728126e-12 3.85946259092)
(-0.160211588845 -1.00361165984e-12 3.84743944141)
(-0.0919506950048 2.74014303082e-13 3.84408919006)
(-0.0395422471471 -3.51660248434e-12 3.8148298889)
(0.787369999769 -2.87403854259e-11 32.2929536182)
(0.986758911892 1.23772876947e-11 28.7279685304)
(1.15133486154 9.4407214237e-11 24.9272873605)
(1.28321864123 5.59015219197e-11 21.0480094866)
(1.34641858469 2.95582064632e-11 17.3697829195)
(1.35511892466 1.97818384118e-11 14.2893408682)
(1.38924426784 2.8005447292e-11 11.9999510225)
(1.50307892622 3.01093032144e-11 10.388691197)
(1.61291002499 8.75637628592e-12 9.29249484887)
(1.69378286017 -1.1521707678e-11 8.64004728646)
(1.56861532677 -6.24357353281e-12 8.13852689388)
(1.0314983018 -9.31351123006e-12 7.71715984115)
(0.407896366376 -1.2723495178e-11 6.57655432531)
(0.00506248621676 -1.29890314636e-11 5.48832298183)
(-0.197241656238 -7.04931058422e-12 4.53148046017)
(-0.197234844624 -7.80174890801e-12 4.11110284371)
(-0.143162211682 -5.47277298524e-12 3.95178579274)
(-0.0840660603655 -1.31652194098e-12 3.95554372076)
(-0.0533969754811 -6.095223199e-14 3.96528557944)
(-0.0235815037062 -7.72376712493e-12 3.94186671765)
(1.06575405551 -3.00481716546e-11 29.8155646952)
(1.39389280705 -2.26237092828e-12 26.6581208187)
(1.68678013628 4.96594580378e-11 23.1796745205)
(1.93289182242 4.0412074666e-11 19.6368867148)
(2.11991109754 2.85885932914e-11 16.3643884804)
(2.26432120403 2.98724555769e-11 13.5942591839)
(2.37550580583 5.98426141805e-11 11.3758878882)
(2.42338453768 4.62609086142e-11 9.70073604519)
(2.35547812255 2.65714006539e-11 8.67759536309)
(2.18634376535 1.89921546188e-12 8.3515255116)
(1.94109248829 -4.26206074255e-12 8.47220261198)
(1.48319012465 -9.15247407752e-12 8.50708886685)
(0.785516349527 -1.28314876782e-11 7.85742052863)
(0.302265998894 -1.30565985206e-11 6.18981346788)
(0.114687872741 -6.80957775273e-12 4.94182650436)
(0.0453628173279 -6.78389275949e-12 4.28454741433)
(0.0241898365192 -6.06461980159e-12 4.12658145233)
(0.00137102151271 -1.66724629189e-12 4.10885677212)
(-0.00810274502426 -3.08913592097e-13 4.11612587213)
(-0.0059013551437 -8.31511637713e-12 4.08928038966)
(1.20134810631 -6.16552370213e-13 26.3131764263)
(1.60370521179 -7.16069912327e-11 23.5440814109)
(1.9726721782 9.10765217772e-12 20.4253462311)
(2.27619568647 2.36464501524e-11 17.2432567871)
(2.47521041019 2.44873028625e-11 14.2751192667)
(2.55200459434 2.97799956015e-11 11.6606957513)
(2.54613023483 4.51573005641e-11 9.50938348197)
(2.60082371025 1.54732635866e-11 7.96995223838)
(2.74088271407 3.13244155341e-11 7.18142302976)
(2.85085473458 -3.26770096387e-11 7.1385042431)
(2.6744218079 -1.78001372314e-11 7.64153977676)
(1.96856241339 -1.52480777687e-11 8.45398184057)
(0.90023604678 -1.507444028e-11 8.67249063823)
(0.469982647155 -1.36173953906e-11 7.06528551073)
(0.381782306838 -7.83850964752e-12 5.41611874504)
(0.237627229297 -6.80850464228e-12 4.61248810306)
(0.171103963133 -5.81210593975e-12 4.37388757545)
(0.0725337807159 -1.86555229784e-12 4.31341307966)
(0.0274732191448 -4.8892498257e-13 4.29439550635)
(0.00786352001146 -8.13039114502e-12 4.25530486589)
(1.07186548771 9.24215986988e-11 22.4204842698)
(1.42856258049 -1.33457767966e-11 20.1279201627)
(1.72505267141 5.06528239659e-11 17.5335716774)
(1.92829392919 -2.08430006756e-11 14.8996329335)
(2.0339558883 9.4761014654e-12 12.4404717085)
(2.06109540597 2.12737267112e-11 10.3102772269)
(2.02058012965 4.9024186277e-11 8.67821021851)
(1.883643029 -2.70742479416e-12 7.7031789146)
(1.75034894684 1.92724508412e-12 7.30316782882)
(1.67550984377 -4.47570516111e-11 7.34077327026)
(1.83896349358 -2.9878546932e-11 7.63019419444)
(1.90635948423 -4.00044512917e-11 8.27341642153)
(1.07603254687 -1.9513868141e-11 8.65797949933)
(0.576364948066 -1.41643917957e-11 7.51389520901)
(0.53824076529 -1.41326432817e-11 5.74972765796)
(0.385625322555 -1.14234582415e-11 5.03702778078)
(0.248946016389 -5.82893896416e-12 4.67454548361)
(0.0987557877172 -1.97967779828e-12 4.56511754062)
(0.0405206585506 -6.7107778859e-13 4.49492858641)
(0.0127911503575 -7.80002148106e-12 4.43639169204)
(0.681307803287 7.97489765734e-11 19.5888644339)
(0.908332360401 9.48254869238e-11 17.8534924314)
(1.05116837587 5.22128579414e-11 15.8796083363)
(1.09898808628 3.45895495602e-11 13.8636702355)
(1.0826412758 4.63124157137e-12 11.9772588417)
(0.966649095376 3.18894183903e-12 10.4024269093)
(0.855849900219 6.84994322526e-12 9.3594252805)
(0.724126354239 -2.79401102589e-11 8.76792283666)
(0.567919715434 -2.35191580761e-11 8.43156495155)
(0.433230285776 -4.7335172027e-11 8.28727322559)
(0.385020085222 -3.41585343189e-11 8.32544054586)
(0.406206874515 -3.88936111758e-11 8.56020405339)
(0.538447007783 -1.90304463922e-11 8.65274647213)
(0.555078364869 -1.41401065709e-11 7.62251486296)
(0.532131883649 -1.47302493424e-11 6.17739697473)
(0.385019522285 -1.20495058751e-11 5.44848272343)
(0.182338832373 -5.84452588292e-12 5.00626007958)
(0.0701862491416 -2.04851151134e-12 4.83687619619)
(0.0133158269496 -9.00497713178e-13 4.7040964322)
(0.00573797984106 -7.52838723943e-12 4.62003896207)
(0.0603437353836 8.65994783939e-11 19.0138454857)
(0.026047433499 8.62811209436e-11 17.739665282)
(-0.0703838816283 4.84750688368e-11 16.2459283338)
(-0.207384163133 1.53795595352e-11 14.6664166675)
(-0.296036442824 -1.06017348781e-11 13.195951263)
(-0.271754084498 -1.81351996916e-11 12.0469525643)
(-0.339809109341 -2.32066934233e-11 11.1776760553)
(-0.491186691445 -4.04702428751e-11 10.4541056562)
(-0.576423601332 -3.61702094051e-11 9.89284608465)
(-0.614772672177 -4.16846744613e-11 9.47618876123)
(-0.543328231821 -3.27390713163e-11 9.21214787594)
(-0.347003097236 -3.23389379023e-11 9.09380096766)
(0.0389502469733 -1.73929607749e-11 8.91929041035)
(0.381351595214 -1.39889998265e-11 7.85076875551)
(0.35519773992 -1.43365638056e-11 6.56200559451)
(0.174093838176 -1.17736706734e-11 5.81345897681)
(0.0462517950205 -5.74890190376e-12 5.35469866632)
(-0.0234335454727 -2.19803020037e-12 5.08643399811)
(-0.0491619512931 -1.21303702842e-12 4.9088224054)
(-0.0181942408345 -7.2409929997e-12 4.79808029147)
(-0.335306653797 1.94922993622e-10 20.3637849005)
(-0.535122482329 9.5321479094e-11 19.3429026579)
(-0.757583895416 3.46287341579e-11 18.0679268083)
(-0.87439316907 -3.199154439e-11 16.6600760983)
(-0.848585468815 -2.65348466587e-11 15.3422068538)
(-0.860699534984 -3.37575973196e-11 14.1024160854)
(-0.924111559698 -3.9240286624e-11 12.9131160728)
(-0.986077141034 -4.64454216456e-11 11.9089152543)
(-1.02228573288 -4.08126937188e-11 11.1164307413)
(-1.03327981814 -3.71274618187e-11 10.4975873141)
(-0.950226010942 -2.90590101463e-11 10.0205884543)
(-0.784594879772 -2.4776065137e-11 9.63670109453)
(-0.22833595592 -9.96755947697e-12 9.19006928707)
(0.0318485771899 -1.56633940469e-12 0.190781281632)
(-0.389150608918 -1.80920469375e-12 -0.191637465381)
(0.247077590777 -2.2408226646e-12 0.659518411939)
(-0.147402966738 -2.063103623e-12 -0.17495124318)
(0.2747108849 -2.40536896644e-12 0.920066013336)
(0.0463207261645 -2.16897578689e-12 0.0998308139512)
(0.252197244913 -2.35890324815e-12 1.17215077192)
(0.0722700688262 -2.14341995494e-12 0.462522504466)
(0.201746562527 -2.23469754623e-12 1.38502875169)
(0.0633870897729 -2.07311985289e-12 0.762885309022)
(0.154683731657 -2.09899537589e-12 1.58528266506)
(0.0526528390243 -1.99082777883e-12 1.04785053255)
(0.11246350948 -1.97119270464e-12 1.76153958557)
(0.0407259351855 -1.90666795983e-12 1.28756612205)
(0.0784627555825 -1.85648320248e-12 1.9193085424)
(0.0306181063761 -1.82560165524e-12 1.49473510789)
(0.0523240341947 -1.78692169019e-12 2.06108279342)
(0.0224407139405 -1.75950182243e-12 1.67371765013)
(0.0329613247387 -2.03685338072e-12 2.19078099656)
(0.0159107845374 -1.76982649896e-12 1.83109729878)
(0.018958160959 -2.2659520963e-12 2.31143373609)
(0.0104215577402 -1.80973078743e-12 1.97187958266)
(0.00896217736644 -2.1746686947e-12 2.42603430815)
(0.00600083097407 -1.80917182635e-12 2.10026774194)
(0.00178911415628 -2.00909740365e-12 2.53618426949)
(0.00258554533695 -1.78029461845e-12 2.21971369561)
(-0.00345775606844 -1.87181950248e-12 2.64359913982)
(-2.3603426255e-05 -1.73623933394e-12 2.33286337321)
(-0.00742898296874 -1.77020684328e-12 2.74943147821)
(-0.00218882173492 -1.68573445563e-12 2.44161751944)
(-0.0103485295655 -1.90955867163e-12 2.85439236548)
(-0.00382399039152 -1.66939617251e-12 2.54739482014)
(-0.0125121749258 -2.09679251085e-12 2.95929562439)
(-0.00504325660253 -1.67904745629e-12 2.65143338889)
(-0.0140756976121 -2.24852056524e-12 3.06506910998)
(-0.00606421546944 -1.70475842172e-12 2.75519077968)
(-0.0147770623898 -2.37325333725e-12 3.17288659282)
(-0.00669334797569 -1.75281488916e-12 2.8603230868)
(-0.014224769418 -2.56198804426e-12 3.28424850065)
(-0.00691513105089 -1.97778416513e-12 2.96860963463)
(-0.012071385015 -5.51691047413e-12 3.40103663452)
(-0.00639286022776 -5.51197685266e-12 3.08217900418)
(-0.00819817060539 -5.92086671111e-12 3.52694015927)
(-0.00523792803445 -5.97503348783e-12 3.2050914711)
(-0.00247638484142 -3.45001047311e-12 3.66596538721)
(-0.00312331786913 -2.62849953222e-12 3.34135495447)
(0.00343544527725 -3.24187843144e-12 3.8230085081)
(-0.00102311623098 -1.98273442249e-12 3.49660819985)
(0.00855590576054 -3.53142574785e-12 3.99690908789)
(0.00146097445394 -2.04253570217e-12 3.66977320256)
(0.0104256598756 -3.86371548871e-12 4.18773594886)
(0.00281794137079 -2.24441799238e-12 3.86232107865)
(0.00949851449447 -4.12478985374e-12 4.38342574175)
(0.0030833748084 -2.45217728001e-12 4.06201508024)
(0.00226840204887 -4.34287909543e-12 4.57902526351)
(0.00130842217648 -2.68067611306e-12 4.2654229134)
)
;

boundaryField
{
    inletfuel
    {
        type            fixedValue;
        value           uniform (0 0 60);
    }
    inletair
    {
        type            fixedValue;
        value           uniform (0 0 2);
    }
    outlet
    {
        type            zeroGradient;
    }
    axis
    {
        type            empty;
    }
    leftside
    {
        type            fixedValue;
        value           uniform (0 0 0);
    }
    burnerwall
    {
        type            fixedValue;
        value           uniform (0 0 0);
    }
    front
    {
        type            wedge;
    }
    back
    {
        type            wedge;
    }
    procBoundary0to1
    {
        type            processor;
        value           nonuniform List<vector> 
27
(
(-0.0486590510546 1.62791230848e-11 23.7868374232)
(-0.129487592818 4.66202087197e-11 23.4948786858)
(-0.208230508408 7.97747416831e-11 23.2398692343)
(-0.289511325664 1.11967643972e-10 22.9764589251)
(0.0563892386724 -1.35842934323e-11 8.05464977065)
(0.0368760866428 -9.09520731595e-12 6.88016036785)
(-0.0316188295862 -1.09511911341e-11 6.17360969801)
(-0.16065997275 -5.79645853933e-12 5.67472175424)
(-0.16045160539 -2.5698911171e-12 5.33169514702)
(-0.120276323055 -1.70520795135e-12 5.08459454156)
(-0.0531070902721 -6.90192167427e-12 4.95417225069)
(-0.450870968817 1.60079257778e-10 22.4902654885)
(-0.675883849994 1.45853939664e-10 21.5327340237)
(-0.879230972673 3.51135751003e-11 20.2629991757)
(-0.961815757581 -2.54010956429e-11 18.824470161)
(-1.02473611851 -3.51409746007e-11 17.3451312448)
(-1.08487790318 -4.20628291857e-11 15.7723772127)
(-1.09125704938 -4.67774876261e-11 14.3048157217)
(-1.08195890147 -5.17414748595e-11 13.098925763)
(-1.0297786024 -5.85634394036e-11 12.1571266052)
(-0.943509450258 -3.66493665131e-11 11.4033486611)
(-0.782198126022 -2.57668345814e-11 10.7692302422)
(-0.637594894045 -1.28615480712e-11 10.1851393908)
(0.0563892386724 -1.35842934323e-11 8.05464977065)
(-0.290180561261 -1.48812654185e-11 9.56524571325)
(-0.00833251541595 -4.53835124024e-12 4.75593799148)
(-0.0021027167401 -2.93674094421e-12 4.45379296122)
)
;
    }
}


// ************************************************************************* //
