/*--------------------------------*- C++ -*----------------------------------*\
  =========                 |
  \\      /  F ield         | OpenFOAM: The Open Source CFD Toolbox
   \\    /   O peration     | Website:  https://openfoam.org
    \\  /    A nd           | Version:  7
     \\/     M anipulation  |
\*---------------------------------------------------------------------------*/
FoamFile
{
    version     2.0;
    format      ascii;
    class       surfaceScalarField;
    location    "0.02";
    object      phi;
}
// * * * * * * * * * * * * * * * * * * * * * * * * * * * * * * * * * * * * * //

dimensions      [1 0 -1 0 0 0 0];

internalField   nonuniform List<scalar> 
1567
(
-3.74829930269e-09
8.42262102811e-08
-1.31280408566e-08
2.50693072257e-07
3.8887788876e-07
1.83367218334e-09
8.22488235958e-08
1.72721429292e-09
2.50433448155e-07
3.90103173308e-07
7.11235371777e-10
8.15314381202e-08
-3.01077433513e-09
2.54054618154e-07
3.8677673524e-07
-1.68506215968e-09
8.31517150861e-08
-6.36097375593e-10
2.52729711828e-07
3.59943233924e-07
2.59347444248e-08
3.48652546008e-09
7.95975525846e-08
2.72077339447e-08
2.28854394024e-07
3.17222914525e-07
6.97912627323e-08
4.59965469047e-09
7.49710271884e-08
2.1870891631e-08
2.11546059254e-07
2.82323321783e-07
5.70368087537e-08
3.83610105813e-09
7.11087359099e-08
1.85032770376e-08
1.96888213176e-07
2.5266836217e-07
4.86442423164e-08
3.68886817132e-09
6.73346294441e-08
1.65467122751e-08
1.8400651391e-07
2.28340114515e-07
4.12133621598e-08
3.09111870257e-09
6.40933411314e-08
1.36236459546e-08
1.73308647844e-07
2.1121610037e-07
3.07930493138e-08
2.26144772537e-09
6.16628166488e-08
1.04408910957e-08
1.64748375575e-07
2.01982779363e-07
1.95014692852e-08
1.83948166368e-09
5.95777819756e-08
8.42360281024e-09
1.57671847446e-07
1.96681730384e-07
1.33253584306e-08
1.80610834181e-09
5.74666132332e-08
6.76407129957e-09
1.5211257543e-07
1.93209371864e-07
9.65583630027e-09
2.06674519555e-09
5.50861489701e-08
6.62296718017e-09
1.46916936969e-07
1.89620161293e-07
9.53722193276e-09
2.50617088381e-09
5.22949527601e-08
8.21696505141e-09
1.40587480108e-07
1.84506410038e-07
1.26247427088e-08
2.88316359112e-09
4.91746672812e-08
1.00030336612e-08
1.32913565903e-07
1.77576211962e-07
1.62457091696e-08
3.15483124948e-09
4.58459597072e-08
1.10101850703e-08
1.2461091254e-07
1.69166265606e-07
1.88163416072e-08
3.34106601945e-09
4.23797217147e-08
1.17656327661e-08
1.15843892592e-07
1.59536858843e-07
2.08502060021e-08
3.29262952768e-09
3.90056563032e-08
1.15749817786e-08
1.07297303134e-07
1.49504954679e-07
2.11129005357e-08
3.04907601914e-09
3.58891388591e-08
1.1177297377e-08
9.89339180077e-08
1.39825753924e-07
2.03460390669e-08
2.87582479524e-09
3.29548504553e-08
1.04104352266e-08
9.11527669062e-08
1.30980688875e-07
1.86899747857e-08
2.73276462905e-09
3.01200079114e-08
9.66274787659e-09
8.38724082969e-08
1.22425064852e-07
1.74731995425e-08
3.21579224825e-09
2.67805947957e-08
1.17716066655e-08
7.48761385667e-08
1.11168536603e-07
2.21590286163e-08
4.57427906783e-09
2.19952976221e-08
1.7329229818e-08
6.15426818021e-08
9.23054935551e-08
3.5097743094e-08
8.3782271389e-09
1.34884854869e-08
3.13052427178e-08
3.79731561159e-08
5.53165601996e-08
6.73496105708e-08
1.59660132649e-08
-3.61081449949e-09
6.32872544218e-08
-1.28590830564e-08
-2.66402185422e-08
1.37887782254e-07
1.39191442891e-08
-2.85966650146e-08
5.52163040084e-08
-8.76348480808e-08
-1.54186129306e-07
1.2591588329e-07
1.97288032844e-08
-5.17801821825e-08
7.74030218029e-08
-1.5516954751e-07
-2.59052739213e-07
1.67848360981e-07
7.85400438041e-09
-6.19950503634e-08
3.19542349563e-08
-1.86344469746e-07
-3.08798366841e-07
6.98356138223e-08
3.33200343208e-11
-6.46058745272e-08
9.20605655652e-10
-1.94968355068e-07
-3.22861618789e-07
1.86777280508e-09
-1.22295682153e-09
-6.62894934194e-08
-4.52380388999e-09
-2.00399698801e-07
-3.3190132142e-07
-1.03596738048e-08
-2.3030090628e-09
-6.71992281278e-08
-8.82657377521e-09
-2.03481221665e-07
-3.37094332502e-07
-1.98605894599e-08
-2.36484571986e-09
-9.3112104118e-09
-2.08463355176e-08
2.38073591636e-07
-2.42144610893e-07
1.78057856599e-07
1.26186017867e-07
1.65464195424e-07
6.89510984011e-08
1.59869888356e-07
5.35795522458e-08
1.5295297333e-07
4.71350470422e-08
1.49496488398e-07
3.37117113916e-08
1.5174524373e-07
1.63605692707e-08
1.55163482805e-07
9.2097843788e-09
1.58491519078e-07
5.72217997753e-09
1.60621481786e-07
6.80985011194e-09
1.60569038447e-07
1.20375677425e-08
1.58304117943e-07
1.78291652805e-08
1.54041510748e-07
2.23671958432e-08
1.47928428057e-07
2.62153641676e-08
1.41344885502e-07
2.69212219252e-08
1.34818951916e-07
2.60394551998e-08
1.28882887008e-07
2.36825626721e-08
1.23289182402e-07
2.19533697041e-08
1.14229112996e-07
2.99649056542e-08
9.57391967883e-08
5.2277641535e-08
5.47028025639e-08
1.07129977751e-07
-3.9408738902e-08
2.21253903809e-07
-1.98070611038e-07
2.14117116032e-07
-3.10695982092e-07
2.6605823281e-07
-3.66580569377e-07
1.11518238407e-07
-3.82720350882e-07
2.10190456705e-09
-3.93229899857e-07
-1.80575257152e-08
-3.995915605e-07
-3.31435326733e-08
-3.44878719913e-08
4.57135580211e-07
3.40853666923e-07
1.02244985216e-06
7.09167920221e-07
1.68823078282e-06
1.20091505975e-06
2.36186174283e-06
1.9244536717e-06
3.12654219208e-06
2.73183915698e-06
3.82583338951e-06
3.89835532045e-06
4.58101251135e-06
5.19026637217e-06
5.23533454799e-06
6.93668656666e-06
5.88881453307e-06
8.94197255348e-06
6.41150091909e-06
1.15079779074e-05
6.86716845991e-06
1.45221438958e-05
7.14540553279e-06
1.82609767464e-05
7.27272689874e-06
2.27190351617e-05
7.21000604301e-06
2.80994385463e-05
6.85520028696e-06
3.45936870195e-05
6.27243491911e-06
4.22073856813e-05
5.13771578982e-06
5.1578324649e-05
3.81836322372e-06
6.2310283051e-05
1.64477756842e-06
7.57936668945e-05
9.04555665248e-05
5.61268679397e-07
-2.44019564486e-07
9.1881385625e-07
2.86186593435e-07
1.48644818336e-06
5.41921658959e-07
1.96670221604e-06
1.31601350177e-06
2.47871531729e-06
2.04135551107e-06
2.89732550501e-06
3.23714854127e-06
3.27600891717e-06
4.49094778635e-06
3.57451964714e-06
6.22604733497e-06
3.84700644021e-06
8.14851374823e-06
4.04546991214e-06
1.06616034625e-05
4.20952185533e-06
1.35607561286e-05
4.28177668912e-06
1.72148102015e-05
4.28687286683e-06
2.15388446184e-05
4.19972231651e-06
2.67838428885e-05
3.99434563451e-06
3.31170861131e-05
3.65460942708e-06
4.05039016016e-05
3.04918377533e-06
4.96906168167e-05
2.31374996052e-06
6.00073432552e-05
6.89200562434e-07
7.37483794629e-05
8.67602784428e-05
6.58912758472e-07
-4.24791392473e-07
1.01322907057e-06
-2.49023687943e-08
1.43585094016e-06
7.73072813809e-08
1.80406632712e-06
8.8000169812e-07
2.08660583783e-06
1.65493293142e-06
2.24104564769e-06
2.93345108388e-06
2.38650623211e-06
4.14161959138e-06
2.49642276445e-06
5.84914611892e-06
2.59883129821e-06
7.70426435156e-06
2.66959048612e-06
1.01622542961e-05
2.71878267074e-06
1.29804676947e-05
2.72526261444e-06
1.65536135841e-05
2.69448660385e-06
2.0771590935e-05
2.60955256059e-06
2.59097538552e-05
2.4780852985e-06
3.20985369943e-05
2.26200915307e-06
3.93284519323e-05
1.91544928603e-06
4.83449478637e-05
1.4582049821e-06
5.84067569047e-05
3.24075373428e-07
7.24006602767e-05
8.41133597948e-05
-1.21252346547e-07
-3.46875252734e-08
1.80713012004e-06
-2.75471018924e-07
2.23697876342e-06
-5.77087344838e-08
2.68041391734e-06
5.04893432176e-07
2.69123720665e-06
1.54367092197e-06
2.85527211991e-06
2.62676275479e-06
2.93981580278e-06
3.84589084556e-06
3.02329214946e-06
5.4812246438e-06
3.08593340004e-06
7.27144593887e-06
3.12431360233e-06
9.65624919307e-06
3.14412145328e-06
1.23789714123e-05
3.12379277054e-06
1.58524431744e-05
3.06669533707e-06
1.99425459192e-05
2.95499673354e-06
2.49508581234e-05
2.79925702918e-06
3.09697664188e-05
2.56016415194e-06
3.80176207736e-05
2.21461807061e-06
4.68104160807e-05
1.70221711231e-06
5.66368806797e-05
2.58499450784e-07
7.10932776201e-05
8.3468552738e-05
-1.80410658574e-06
1.5622332182e-07
-8.1430700928e-09
7.60281215135e-07
-1.03336332654e-07
2.38048522348e-06
1.36979617436e-07
3.70384370819e-06
1.02331440136e-06
3.9350684587e-06
2.01399691137e-06
3.86310455829e-06
2.81200102468e-06
3.70270360913e-06
3.79954002202e-06
3.70469546699e-06
5.20344560329e-06
3.70981456273e-06
6.89046821944e-06
3.71096563946e-06
9.17228464736e-06
3.7045292563e-06
1.17817864083e-05
3.65824787749e-06
1.51467149585e-05
3.57439788092e-06
1.90964383221e-05
3.43204941715e-06
2.39636581278e-05
3.24076648598e-06
2.98041775283e-05
2.96439352875e-06
3.66604835508e-05
2.620672038e-06
4.51778495058e-05
2.11479528459e-06
5.47479982425e-05
1.79415208784e-06
6.8528492302e-05
7.92470222072e-05
2.4991838214e-06
1.12033478996e-07
-2.50847183795e-08
5.11142577975e-07
-1.94347879558e-07
1.63572734883e-06
2.18342990012e-07
2.97464813399e-06
1.16641961484e-06
3.70064153808e-06
2.0620790337e-06
4.05732861964e-06
2.60393433264e-06
4.2234448151e-06
3.53499857947e-06
4.42029954134e-06
4.80577291405e-06
4.45991863705e-06
6.45801887689e-06
4.46907756549e-06
8.67147985266e-06
4.43806594251e-06
1.11895856793e-05
4.36664436133e-06
1.44379577595e-05
4.2452235833e-06
1.82469319181e-05
4.06040041117e-06
2.29623363742e-05
3.8194782965e-06
2.86161478149e-05
3.48699754775e-06
3.52737388695e-05
3.1238423194e-06
4.34653537331e-05
2.60688739441e-06
5.27536543925e-05
2.88088749165e-06
6.5233882795e-05
7.42505591449e-05
4.16943104645e-06
6.75981842379e-08
-2.20611589202e-08
2.75531064466e-07
-2.73397347966e-07
1.05070329263e-06
1.0500734317e-07
2.10732415073e-06
8.32918628171e-07
3.0860996447e-06
1.48319722693e-06
3.85731145601e-06
1.88717813581e-06
4.51542336167e-06
2.86800372948e-06
5.03168155692e-06
4.14546070702e-06
5.27858422197e-06
5.94818871277e-06
5.35331974763e-06
8.07421807471e-06
5.29463950199e-06
1.06075624278e-05
5.19181248546e-06
1.37294172768e-05
5.02351171299e-06
1.73971117785e-05
4.78197714787e-06
2.19520061577e-05
4.47918381424e-06
2.74038346266e-05
4.07259457007e-06
3.38545083293e-05
3.65849955201e-06
4.16768687014e-05
3.08212071388e-06
5.06674542492e-05
3.44298561275e-06
6.16772029363e-05
6.99238314622e-05
3.9356819259e-06
4.26728248429e-08
-6.90161865346e-09
1.28105714519e-07
-2.83307870718e-07
6.19154449704e-07
-3.69995988704e-08
1.38024618548e-06
3.16413770608e-07
2.3338816253e-06
6.17037527675e-07
3.33788334875e-06
8.7016178339e-07
4.50132441454e-06
1.82206046561e-06
5.47412974087e-06
3.19083608264e-06
6.02769406277e-06
5.23428006947e-06
6.30550248099e-06
7.44378404767e-06
6.24771742115e-06
9.97860944424e-06
6.12796673776e-06
1.30104110906e-05
5.89021648697e-06
1.65645465234e-05
5.57817327018e-06
2.09361064792e-05
5.19887676911e-06
2.61663387096e-05
4.70098278894e-06
3.23971058898e-05
4.19777201045e-06
3.98186884771e-05
3.50775249834e-06
4.85025278198e-05
3.60028140591e-06
5.81626985871e-05
6.59082016831e-05
3.61140835107e-06
7.04042582085e-09
2.57544968659e-08
2.62397784844e-08
-2.62118676604e-07
4.26654724756e-07
-2.11938274952e-07
9.9610425043e-07
-8.02694609429e-08
1.73695979392e-06
-3.629215151e-08
2.69785235246e-06
1.04466574014e-08
4.13204799986e-06
7.36445302304e-07
5.6095395555e-06
2.02612017331e-06
6.63563368838e-06
4.33438653846e-06
7.18328559379e-06
6.67000995611e-06
7.26614632725e-06
9.35037790386e-06
7.1517573512e-06
1.23164821149e-05
6.83705816556e-06
1.57433488923e-05
6.44219867525e-06
1.99220208498e-05
5.96733174175e-06
2.49132069084e-05
5.3610604268e-06
3.09035338645e-05
4.73563591363e-06
3.79013226242e-05
3.88928905369e-06
4.6271179345e-05
3.60029974391e-06
5.47652247661e-05
6.21536012268e-05
3.11735918479e-06
-3.34965376673e-08
7.96510204201e-08
-1.15804898931e-07
-1.86788931188e-07
9.45715607882e-08
-2.47551234575e-07
5.43244383205e-07
-3.15796254736e-07
1.29286222695e-06
-4.15518335745e-07
2.47661275797e-06
-5.65991198098e-07
3.91341030074e-06
1.31727094125e-07
5.56497247161e-06
1.23338928129e-06
7.0013287685e-06
3.50281095828e-06
7.92689661652e-06
5.8714378717e-06
8.26444706363e-06
8.68735677644e-06
8.21192016883e-06
1.16231188977e-05
7.84978473366e-06
1.49759924101e-05
7.35229111318e-06
1.89370172856e-05
6.76711336707e-06
2.36589160856e-05
6.03518060757e-06
2.93887548933e-05
5.2608003659e-06
3.59449855543e-05
4.226688862e-06
4.39949318039e-05
3.52580364491e-06
5.15032539633e-05
5.8599261627e-05
2.56444917919e-06
-3.79557769818e-08
1.28165838476e-07
-8.73385765481e-08
-1.33470900571e-07
1.67672370021e-08
-2.55761316746e-07
2.95008992303e-07
-4.20368788156e-07
8.4530480039e-07
-6.24411014208e-07
1.79126592839e-06
-8.78206145852e-07
3.3328838003e-06
-3.51661526481e-07
5.15892178154e-06
6.83724647184e-07
7.02227123285e-06
2.77797325291e-06
8.40496289316e-06
5.13033812439e-06
9.12969475067e-06
8.01895876202e-06
9.24426611613e-06
1.09600307283e-05
8.87866915065e-06
1.42567525327e-05
8.28351455124e-06
1.79973399058e-05
7.57559398716e-06
2.24273988014e-05
6.7042268801e-06
2.78793810472e-05
5.76158297608e-06
3.3984190575e-05
4.51860936311e-06
4.17124905447e-05
3.43126524453e-06
4.83742918021e-05
5.52050638128e-05
2.05542584267e-06
-3.6198423681e-08
1.69861930008e-07
-6.35536326338e-08
-1.0155323845e-07
1.25974440879e-08
-2.81818045827e-07
1.8835220432e-07
-4.84681999956e-07
5.15818430139e-07
-7.35699310897e-07
1.12197832148e-06
-1.03227289625e-06
2.54941331312e-06
-8.3135899019e-07
4.39509306497e-06
1.88777651114e-07
6.62368227756e-06
2.01952343356e-06
8.50971264575e-06
4.40565141214e-06
9.75149628647e-06
7.33026899562e-06
1.01694052477e-05
1.03138297091e-05
9.88685150696e-06
1.35736767836e-05
9.21840388962e-06
1.71164413597e-05
8.38696755878e-06
2.12447253729e-05
7.36573312463e-06
2.64159265436e-05
6.24036668586e-06
3.20723525434e-05
4.77239249847e-06
3.948689737e-05
3.32389459533e-06
4.54103693605e-05
5.19585367557e-05
1.58998240578e-06
-2.93232648742e-08
2.04642184744e-07
-4.49269721715e-08
-8.2607732662e-08
1.82777521154e-08
-3.13749447657e-07
1.45117169174e-07
-5.54574687193e-07
3.53434370225e-07
-8.36462470242e-07
7.18415153464e-07
-1.14180641683e-06
1.78650108451e-06
-1.19894320971e-06
3.5618195404e-06
-3.48388813598e-07
5.89021332586e-06
1.2531549049e-06
8.24188693151e-06
3.56886146874e-06
1.0058938933e-05
6.55310710807e-06
1.09055781304e-05
9.6310242097e-06
1.0826816144e-05
1.28784957182e-05
1.01521474283e-05
1.62783337435e-05
9.21332767018e-06
2.01343279358e-05
8.04036025433e-06
2.50442182922e-05
6.7178771283e-06
3.02821763687e-05
5.00986928023e-06
3.74028661858e-05
3.21967420446e-06
4.26734020622e-05
4.88639180828e-05
1.18392412676e-06
-1.89488067057e-08
2.33303891308e-07
-3.26760455862e-08
-6.79495089725e-08
1.34320560647e-08
-3.40560416296e-07
9.7666214795e-08
-6.10264375935e-07
2.24118785323e-07
-9.1313559226e-07
4.39053085818e-07
-1.2336395124e-06
1.14358025048e-06
-1.45557857029e-06
2.79724294845e-06
-9.97069731989e-07
5.05314442954e-06
4.95126745959e-07
7.71820764303e-06
2.59805432386e-06
1.00705642702e-05
5.62052985528e-06
1.14405147543e-05
8.8056608132e-06
1.16910239744e-05
1.2096751764e-05
1.11095121238e-05
1.5444539799e-05
1.00931414816e-05
1.91189172473e-05
8.76851972197e-06
2.38163647999e-05
7.22860335124e-06
2.86990544813e-05
5.26103562906e-06
3.55580481368e-05
3.12613342796e-06
4.02549715298e-05
4.59724465457e-05
8.1157317674e-07
-7.10961138107e-09
2.55166756389e-07
-2.67085750433e-08
-5.03530911825e-08
-4.74810988597e-09
-3.52211913476e-07
3.97498353723e-08
-6.42625264708e-07
1.07003148296e-07
-9.60448156853e-07
2.43862118348e-07
-1.3100573562e-06
6.95476854643e-07
-1.63484674551e-06
2.02249474498e-06
-1.55311427685e-06
4.19217678312e-06
-3.6305203322e-07
6.97890846438e-06
1.50856069343e-06
9.82538703615e-06
4.40382154564e-06
1.17783801243e-05
7.70748145667e-06
1.24743836305e-05
1.11380287991e-05
1.20995763072e-05
1.4568954211e-05
1.10626090846e-05
1.82054854855e-05
9.58830550235e-06
2.27843456988e-05
7.80253595056e-06
2.74094215464e-05
5.54297177914e-06
3.40568061129e-05
3.02379703856e-06
3.82797191632e-05
4.33480404284e-05
4.61565084432e-07
5.03421181021e-09
2.6897204094e-07
-2.85572290572e-08
-2.17548296796e-08
-3.90334589068e-08
-3.38974389561e-07
-3.77015760479e-08
-6.41768578529e-07
-1.98728276684e-08
-9.73622870237e-07
3.82384217179e-08
-1.33898988974e-06
2.84830829213e-07
-1.72933065405e-06
1.24176126788e-06
-1.93742874888e-06
3.40056807056e-06
-1.35263434812e-06
6.21348907167e-06
3.98466640503e-07
9.45339497387e-06
2.96002847559e-06
1.19789367129e-05
6.32588520674e-06
1.32355186897e-05
9.92254724166e-06
1.31776009789e-05
1.36203596159e-05
1.21787397052e-05
1.74100064152e-05
1.05444072381e-05
2.20130410677e-05
8.46445971066e-06
2.65048629596e-05
5.86187233079e-06
3.30051831779e-05
2.86073952931e-06
3.69201926934e-05
4.09753260449e-05
1.48904503339e-07
1.55393818655e-08
2.75606328469e-07
-2.87615303829e-08
1.50211937954e-08
-6.91875006114e-08
-3.01766628612e-07
-1.10408050302e-07
-6.06000672386e-07
-1.52750645931e-07
-9.39057524707e-07
-1.67065058401e-07
-1.31859164227e-06
-6.11788236424e-08
-1.74801918925e-06
6.08167488851e-07
-2.16076171404e-06
2.43694998971e-06
-2.12790478973e-06
5.44333528465e-06
-9.32358977705e-07
8.91192117494e-06
1.42274347619e-06
1.20522898067e-05
4.67097775791e-06
1.39984419744e-05
8.43109791138e-06
1.43503414383e-05
1.26215982739e-05
1.34376724546e-05
1.67716576223e-05
1.16513068153e-05
2.15509336146e-05
9.2134965147e-06
2.607932354e-05
6.22010413843e-06
3.2484192626e-05
2.68495069023e-06
3.62744070672e-05
3.91513076443e-05
-3.4254358414e-07
1.87133200044e-08
2.79264589519e-07
-3.37806091725e-08
5.87621131451e-08
-1.04097374779e-07
-2.38971763586e-07
-1.85678453657e-07
-5.35036133657e-07
-2.77298690576e-07
-8.62280670705e-07
-3.59141055051e-07
-1.24579393506e-06
-3.7606472904e-07
-1.69521570561e-06
-1.47653127638e-08
-2.21876835895e-06
1.37569653593e-06
-2.60434388905e-06
4.49576847326e-06
-2.27705444078e-06
8.19025041608e-06
-1.91693729308e-07
1.20868217919e-05
2.76554978099e-06
1.48050683148e-05
6.81831388172e-06
1.56912502553e-05
1.16388299568e-05
1.48838489744e-05
1.63904550262e-05
1.29159464996e-05
2.1491737649e-05
1.00467718616e-05
2.62304314993e-05
6.61169796571e-06
3.25522117816e-05
2.49589248914e-06
3.6361006749e-05
3.75754384829e-05
-6.62391818336e-07
1.42373278097e-08
2.86057702451e-07
-4.18013462044e-08
1.05869042185e-07
-1.34388451974e-07
-1.56525670278e-07
-2.50496117777e-07
-4.32754841206e-07
-3.82288037881e-07
-7.49084475876e-07
-5.10522493789e-07
-1.13374112395e-06
-5.91400595409e-07
-1.60499962996e-06
-5.1348430506e-07
-2.18594309296e-06
3.90792495602e-07
-2.79766706705e-06
2.85827652418e-06
-3.04351447917e-06
7.53220573608e-06
-2.13525125369e-06
1.20225241891e-05
1.15928062831e-06
1.56436146803e-05
5.29016066131e-06
1.71331692999e-05
1.08740321103e-05
1.64652747769e-05
1.64000619082e-05
1.42741456005e-05
2.19550790343e-05
1.09133357596e-05
2.70406089005e-05
6.98716917004e-06
3.32412829477e-05
2.24347366077e-06
3.71732467562e-05
3.62441093045e-05
-9.89280867087e-07
9.6355041051e-09
2.94727301717e-07
-5.10244688202e-08
1.57631746715e-07
-1.59071951896e-07
-5.99581371393e-08
-2.97113348765e-07
-3.10092051906e-07
-4.51403604302e-07
-6.14774140608e-07
-5.92982274715e-07
-1.01108166122e-06
-6.71841998395e-07
-1.52942785889e-06
-6.34133506351e-07
-2.16774971769e-06
-1.94491021874e-07
-2.87955824604e-06
1.53622428716e-06
-3.42484701548e-06
5.80121601214e-06
-3.44848758437e-06
1.11969561866e-05
-6.36103862429e-07
1.61346960351e-05
3.87219745586e-06
1.86189372239e-05
1.04178111946e-05
1.81632014696e-05
1.70075099993e-05
1.57023243091e-05
2.30970744982e-05
1.17754275513e-05
2.86069192489e-05
7.27996903027e-06
3.4613452896e-05
1.94373148177e-06
3.86623028765e-05
3.53282421044e-05
-1.29254306759e-06
7.57652831961e-09
3.03468504245e-07
-5.61968910193e-08
2.1257960865e-07
-1.66389208055e-07
3.80800326296e-08
-3.08900261968e-07
-1.83547718075e-07
-4.56366823125e-07
-4.87674207578e-07
-5.71474119e-07
-9.1806930019e-07
-6.05372675449e-07
-1.51167801993e-06
-5.13581995367e-07
-2.24553983066e-06
-2.02435067147e-07
-3.01894207183e-06
7.50263454763e-07
-3.64885510179e-06
3.59258327716e-06
-3.92773609092e-06
9.79786891362e-06
-2.52260218409e-06
1.5877128878e-05
3.28137626752e-06
1.98938339328e-05
1.05144097923e-05
1.97917256658e-05
1.85631644564e-05
1.70010505495e-05
2.51329563241e-05
1.24923494257e-05
3.09651068141e-05
7.4096509628e-06
3.66829911762e-05
1.65797420916e-06
4.0662858037e-05
3.46356773425e-05
-1.45635581098e-06
2.76908510288e-08
3.00034743745e-07
-1.58588731683e-08
2.47110181092e-07
-9.57416449548e-08
1.06085000425e-07
-1.83174642504e-07
-1.11489145968e-07
-2.47763534537e-07
-4.44462352964e-07
-2.45997910719e-07
-9.50797962721e-07
-1.45695039318e-07
-1.65763962707e-06
6.74836091684e-08
-2.51628674976e-06
3.96076200514e-07
-3.36287077948e-06
1.03399241481e-06
-4.04898622854e-06
2.57011827084e-06
-4.24449228245e-06
7.25227225846e-06
-3.50048250455e-06
1.43165479206e-05
2.15562436362e-06
1.99874691629e-05
1.12810542857e-05
2.08004408169e-05
2.0968209906e-05
1.79146549274e-05
2.79974276017e-05
1.29123945769e-05
3.4042114726e-05
7.28935004949e-06
3.93878817491e-05
1.35209915114e-06
4.28848902845e-05
3.39295035599e-05
-1.51041229646e-06
8.70868721285e-08
2.59631900761e-07
1.05090115947e-07
2.20082925391e-07
1.24465844611e-07
7.47473178973e-08
1.95309858336e-07
-2.02707696091e-07
3.54230315858e-07
-6.4810001849e-07
6.20239373841e-07
-1.31388388579e-06
9.82618849541e-07
-2.19995366271e-06
1.40549480793e-06
-3.21953609842e-06
1.83302245278e-06
-4.10456025841e-06
2.27158155932e-06
-4.66972664494e-06
2.95831304691e-06
-4.57499588893e-06
5.83718906573e-06
-3.79140245823e-06
1.20416500635e-05
1.81644219499e-06
1.88175516825e-05
1.25532739128e-05
2.08223049324e-05
2.39828086238e-05
1.79268651585e-05
3.16794853762e-05
1.26763925677e-05
3.75773239022e-05
6.7317450345e-06
4.2487936959e-05
9.52342209501e-07
4.49952345682e-05
3.31246281354e-05
-1.50382261121e-06
2.43283876339e-07
1.17630039806e-07
4.72983150802e-07
-2.18684853405e-08
7.61874804234e-07
-2.54629352941e-07
1.1276556277e-06
-6.66152727046e-07
1.57507284366e-06
-1.30924736035e-06
2.08143011313e-06
-2.20898514262e-06
2.6250852507e-06
-3.3277678999e-06
3.34161275548e-06
-4.68547294749e-06
3.86138324211e-06
-5.39776428345e-06
4.16663943126e-06
-5.55870277869e-06
4.30630558667e-06
-4.84457619747e-06
5.52384517969e-06
-3.4458608308e-06
9.87818155215e-06
2.88570512533e-06
1.62682512465e-05
1.4566112011e-05
1.8722468111e-05
2.72936770667e-05
1.63952697367e-05
3.51796431732e-05
1.14202365361e-05
4.09393855708e-05
5.54381306788e-06
4.55656485164e-05
3.74667425039e-07
4.65437174581e-05
3.20548553207e-05
-1.50122439847e-06
4.88582233121e-07
-2.05478293019e-07
8.02837304701e-07
-4.64842960989e-07
1.21498515168e-06
-8.97783326968e-07
1.75300046977e-06
-1.58988091847e-06
2.72335493763e-06
-2.90287068542e-06
3.95490390761e-06
-4.20947560639e-06
5.06956445491e-06
-5.20743756996e-06
5.53620765628e-06
-5.70173228895e-06
5.37885228109e-06
-5.65111568165e-06
4.75380510978e-06
-5.33711077266e-06
4.25161404314e-06
-4.65921997126e-06
4.35217508753e-06
-2.83082755827e-06
7.41792778845e-06
4.00766197284e-06
1.2524062647e-05
1.65336287025e-05
1.52089873031e-05
2.95593794174e-05
1.32157694734e-05
3.8098159131e-05
8.9498309548e-06
4.35210649195e-05
3.57612017447e-06
4.81365460392e-05
-8.65512754741e-07
4.75835444446e-05
3.01147191238e-05
-1.58074114955e-06
6.05456794027e-07
-8.84407514949e-07
1.2842865889e-06
-1.53315794246e-06
2.23706967738e-06
-2.27538135415e-06
3.48177403334e-06
-3.03904269175e-06
4.40511704436e-06
-3.63701824223e-06
4.8683748367e-06
-4.40962579201e-06
4.84920605353e-06
-5.18519738938e-06
4.4021814878e-06
-5.54704399935e-06
3.78502558174e-06
-5.54486582762e-06
3.12355074765e-06
-5.27946780009e-06
2.78403371541e-06
-4.86739375737e-06
2.67503557681e-06
-2.49301901706e-06
4.23558925362e-06
5.51815477943e-06
6.76359076128e-06
1.88555680283e-05
8.70491415843e-06
3.02775955908e-05
7.78281955437e-06
3.89291811906e-05
5.00643197065e-06
4.43611011996e-05
9.08828109109e-07
4.93870227134e-05
-2.55173130114e-06
4.80930447709e-05
2.7067635248e-05
-1.85729047439e-06
4.98419350583e-07
-1.15271126957e-06
7.27812827498e-07
-1.81406062977e-06
9.48591457841e-07
-2.57410151275e-06
1.19011934748e-06
-3.39234825481e-06
1.58219456262e-06
-4.18455953916e-06
1.84552355735e-06
-4.8925528479e-06
1.80258653525e-06
-5.43567927019e-06
1.62169942631e-06
-5.72673768627e-06
1.38551228246e-06
-5.7663821302e-06
1.01911845061e-06
-5.51124765064e-06
5.04269542626e-07
-5.11560679443e-06
1.26286863623e-07
-2.37247017138e-06
8.39617933127e-07
6.21654967937e-06
2.41676752258e-06
1.91848070828e-05
3.337952878e-06
3.00085542618e-05
2.82774230772e-06
3.85071652643e-05
7.00138248869e-07
4.43345668706e-05
-2.25703479166e-06
4.95512716105e-05
-4.30568420449e-06
4.76485898179e-05
2.28279871994e-05
-2.14026921919e-06
2.40776711258e-07
-1.33545361725e-06
3.83848397989e-07
-2.04286784797e-06
4.95597145683e-07
-2.81416056396e-06
5.248405042e-07
-3.60823822462e-06
4.44066126295e-07
-4.36963742602e-06
2.39697328777e-07
-5.04030312609e-06
-3.67421667079e-08
-5.59610196626e-06
-2.82631809794e-07
-5.99515673287e-06
-4.76865145487e-07
-6.26877083572e-06
-7.61378076304e-07
-6.19404032183e-06
-1.5677565798e-06
-5.73615314737e-06
-3.11040458433e-06
-2.68231506448e-06
-3.31461589087e-06
6.49396715338e-06
-2.27232273729e-06
1.86812825319e-05
-1.82592202957e-06
2.90894538582e-05
-2.11905695996e-06
3.73571257445e-05
-3.48621458854e-06
4.34305052218e-05
-5.36680808712e-06
4.88005764868e-05
-5.9454586845e-06
4.61768780882e-05
1.73528975343e-05
-2.32791104926e-06
-2.67193160494e-09
-1.39195320264e-06
-3.58362487561e-08
-2.11309007205e-06
-1.24114189661e-07
-2.88955318129e-06
-2.94611679743e-07
-3.68059468405e-06
-5.50082687887e-07
-4.44274530304e-06
-8.65900470752e-07
-5.14806588367e-06
-1.20438555259e-06
-5.79333356252e-06
-1.52124323037e-06
-6.3823938933e-06
-1.86110245324e-06
-6.92800093623e-06
-2.2909010326e-06
-7.27668701143e-06
-3.58392836449e-06
-6.78364119077e-06
-6.06287912393e-06
-3.56861371832e-06
-7.0202222071e-06
6.36391650109e-06
-6.84148921542e-06
1.79484626067e-05
-6.58142323061e-06
2.78489769451e-05
-6.51986242556e-06
3.56945032018e-05
-7.30882689634e-06
4.19700122732e-05
-7.98732815124e-06
4.70568126997e-05
-7.29639017723e-06
4.38710446841e-05
1.05700484766e-05
-2.28541126176e-06
-5.11024280108e-08
-1.42989684978e-06
-1.1709907951e-07
-2.16882177794e-06
-2.33578656225e-07
-2.96155977399e-06
-4.11399819537e-07
-3.77391649554e-06
-6.49300196498e-07
-4.5779569388e-06
-9.59535601175e-07
-5.33155248563e-06
-1.34889484291e-06
-6.05067255471e-06
-1.84213946751e-06
-6.75616518981e-06
-2.46775163997e-06
-7.5433966814e-06
-3.42120223824e-06
-8.29203639272e-06
-5.41753190495e-06
-8.12993307695e-06
-9.30990237407e-06
-4.37684530253e-06
-1.11745358021e-05
6.12014731486e-06
-1.1598515682e-05
1.70869734485e-05
-1.11354301235e-05
2.60879850783e-05
-1.0682760671e-05
3.35127611113e-05
-1.06676984735e-05
3.9767509636e-05
-1.00785999406e-05
4.42912575803e-05
-8.05407066486e-06
4.05809939847e-05
2.49078923593e-06
-1.84815453148e-06
-8.48932251303e-08
-1.45337861943e-06
-1.70933614197e-07
-2.20896676072e-06
-2.96690409915e-07
-3.03274656516e-06
-4.63979793009e-07
-3.89661558154e-06
-6.80694096565e-07
-4.76648082027e-06
-9.62461792029e-07
-5.5985653877e-06
-1.34488902085e-06
-6.40101115298e-06
-1.92052077967e-06
-7.16189008445e-06
-2.7665653362e-06
-8.07247352756e-06
-4.22601593602e-06
-9.02219389719e-06
-7.33862862541e-06
-9.21707373724e-06
-1.26719172045e-05
-4.34129733045e-06
-1.50896937109e-05
5.82318347281e-06
-1.56382661572e-05
-1.49940418589e-05
-1.41731967107e-05
-1.34632646459e-05
-1.18123400213e-05
-8.16681568655e-06
-9.85782571569e-07
-8.4981247359e-08
-1.63735505481e-07
-2.78633815528e-07
-4.37533981072e-07
-6.51524682646e-07
-9.38355361786e-07
-1.36158955633e-06
-2.01994213371e-06
-3.12300777554e-06
-5.16077149945e-06
-9.65063372588e-06
-1.56157761449e-05
-3.7513170526e-06
1.8873407525e-06
-4.89087995783e-06
7.37463180755e-07
2.95323044668e-06
-5.24153494673e-06
2.42049175446e-06
3.69525626876e-06
-3.93022902655e-06
2.39887213781e-06
4.23742204941e-06
-2.65405104505e-06
2.27146113012e-06
4.55567153071e-06
-1.5354489442e-06
1.94537056966e-06
4.69508303522e-06
-7.40610225503e-07
1.60835414555e-06
4.58688754951e-06
-3.05300683492e-07
1.29391474466e-06
4.29707842318e-06
-1.68326491312e-07
1.00094263884e-06
3.86718650148e-06
-2.74213751812e-07
7.55577668314e-07
3.32491998948e-06
-5.54240695684e-07
5.14204866179e-07
2.71980384818e-06
-1.01759462998e-06
3.15177220456e-07
2.06852489721e-06
-1.59884629622e-06
1.01057712814e-07
1.44545314141e-06
-2.29355483452e-06
-1.56418967574e-07
7.06779993057e-07
-3.15085144851e-06
-3.43912448109e-07
-1.01094746977e-07
-4.07796177725e-06
-5.63771508335e-07
-1.02871059977e-06
-5.06899058587e-06
-6.14751224157e-07
-2.05767992382e-06
-6.02769012003e-06
-6.40746305429e-07
-3.21655619038e-06
-7.07620526215e-06
-6.41914750136e-07
-4.44711168454e-06
-8.2106116481e-06
-6.19444837589e-07
-5.76311852368e-06
-9.4482963574e-06
-6.05173455343e-07
-7.1825795123e-06
-1.07991205778e-05
-6.69716363695e-07
-8.72176313977e-06
-1.2338909592e-05
-8.6081296634e-07
-1.04679245299e-05
-1.41967139542e-05
-1.03760209321e-06
-1.24749354008e-05
-1.63686981819e-05
-1.1906333134e-06
-1.47085394914e-05
-1.88496887381e-05
-1.24606018679e-06
-1.7078575611e-05
-2.15712661642e-05
-1.12756418477e-06
-1.94304258325e-05
-2.44107838574e-05
-8.34885775355e-07
)
;

boundaryField
{
    inletfuel
    {
        type            calculated;
        value           nonuniform List<scalar> 3(-8.05838253038e-08 -2.41730627157e-07 -4.02949935684e-07);
    }
    inletair
    {
        type            calculated;
        value           nonuniform List<scalar> 
20
(
-8.56170937786e-07
-1.36762296782e-06
-2.00467983648e-06
-2.7932492297e-06
-3.76425940343e-06
-4.95459275712e-06
-6.40822864421e-06
-8.17756372304e-06
-1.03250121462e-05
-1.29248692344e-05
-1.60655573522e-05
-1.98522580884e-05
-2.44101619589e-05
-2.98881950211e-05
-3.64633279002e-05
-4.43457322998e-05
-5.37849629933e-05
-6.50778335692e-05
-7.85767978529e-05
-9.47014044904e-05
)
;
    }
    outlet
    {
        type            calculated;
        value           nonuniform 0();
    }
    axis
    {
        type            empty;
        value           nonuniform 0();
    }
    leftside
    {
        type            calculated;
        value           uniform 0;
    }
    burnerwall
    {
        type            calculated;
        value           uniform 0;
    }
    front
    {
        type            wedge;
        value           nonuniform List<scalar> 
814
(
-8.24322138425e-20
-2.84506493328e-18
-8.79406369457e-18
-1.00039072939e-17
-5.16867200854e-18
-2.59654809787e-18
2.13273416555e-18
5.48009211437e-18
6.13273489004e-18
4.6411434846e-18
-2.10066867254e-18
4.9518194634e-18
4.16107201818e-18
6.70339626418e-19
4.15486865782e-19
4.83241543019e-19
6.03009049876e-19
8.60750093632e-19
8.83875188387e-18
3.46033681464e-18
-4.10465488659e-19
2.9811529351e-19
-6.59867855343e-18
-1.02659703289e-18
-2.47638534432e-18
1.37807812489e-18
-2.43317690319e-17
-4.56703689445e-19
8.08803853861e-18
-1.25143890026e-19
-3.49106139507e-18
-9.5858035747e-18
-7.39780455697e-18
-4.63829890049e-18
-2.63486859475e-18
1.47680951254e-18
4.06315392416e-18
1.00727948052e-17
1.21668909452e-17
-4.27285105768e-19
-1.46717622102e-18
-4.14537040446e-20
1.25661689254e-19
1.07384886733e-18
1.39410461382e-18
1.72099064987e-18
2.44177307046e-18
1.48276602837e-17
8.88671024107e-18
2.43562052713e-18
1.67964538733e-18
-1.7951703335e-17
-2.81520861058e-18
-6.8103068583e-18
7.04964033462e-18
-5.42567255816e-17
-8.12725998042e-19
2.40203206102e-17
-2.77356928949e-19
-1.58797525085e-18
-1.52692247926e-18
2.40768965679e-18
5.06552988111e-18
4.99800904652e-18
3.34842196177e-18
4.89278866299e-18
1.11273558159e-17
1.13559661265e-17
3.50605963787e-18
-2.48637555837e-18
-2.52379327766e-18
-4.70884872872e-19
2.62715878593e-18
2.53429864842e-18
2.99641704518e-18
4.0544837802e-18
1.1140301367e-17
8.01900260342e-18
1.02931232526e-17
2.90462353975e-18
-2.7198315902e-17
-1.93772793841e-18
-6.82734536362e-19
3.43241208371e-17
-2.6445848393e-17
1.31705461146e-18
4.62947333246e-17
-2.93818052474e-20
-3.72077406664e-21
4.27139901164e-23
3.29106086245e-20
-2.24168829133e-20
-7.75442500489e-21
5.29521977672e-19
9.11131362218e-20
3.42082750478e-20
-5.88323699e-18
-1.79994669486e-18
-1.24494430362e-18
9.23858229195e-20
1.12564922812e-18
6.66185599394e-19
5.20186116707e-19
2.41303140103e-18
4.59914171164e-18
4.72519027917e-18
3.13636580457e-18
2.07314537972e-18
3.13205541029e-18
3.2401095632e-19
5.85086729118e-18
2.95824116732e-18
3.67004580201e-18
5.15305473888e-18
4.91001453354e-18
6.12490104951e-18
1.03805259751e-17
1.98419196385e-18
-2.31777081629e-17
6.14567497969e-18
2.78258181519e-17
6.18840391767e-17
-2.52825498887e-19
4.87294527175e-18
6.66155610173e-17
-4.61862529665e-17
8.5084585523e-18
-2.01422223261e-17
-1.91223784578e-17
-1.5985287247e-17
-1.56041486075e-17
-6.7467741303e-18
-4.79648268884e-18
-9.57756001154e-18
-5.48855763467e-18
6.08367518003e-19
3.30986161227e-17
3.29107692615e-17
4.07144940006e-18
3.29528350595e-17
1.49172017999e-17
1.37272144696e-17
2.23874138633e-17
8.54796447629e-18
1.59369678962e-17
1.52822002056e-17
-2.91029707658e-18
-5.26621520058e-17
5.10196742086e-17
1.93043266398e-16
3.13945063441e-16
8.51161839118e-17
2.99768279633e-17
2.86985343253e-16
-1.67682079657e-16
-3.06319898515e-17
-4.38918040955e-17
-5.16498150026e-17
-2.13617194062e-17
-1.54965923567e-17
3.10991809112e-17
4.92085475995e-18
-4.07352294394e-17
-1.05700881047e-17
1.71109596992e-17
4.37928487902e-17
5.48555114255e-17
5.89238791734e-17
3.43227651857e-17
6.90878821482e-17
4.2166800742e-17
5.4956037979e-17
6.62615112364e-17
4.91753005272e-17
1.50464015319e-17
-1.33023283477e-17
-2.77376280608e-17
-2.67460561886e-18
9.33880952985e-19
2.24998015457e-16
2.21309181232e-16
-4.00166193523e-17
2.66522842203e-17
-8.57221628681e-17
-5.40074095844e-17
-5.42672047728e-17
-5.69946283149e-17
-4.55860788118e-17
1.6561569102e-17
1.13246387338e-17
-3.02970996264e-17
-1.21772047146e-17
4.68295743797e-17
1.25384452068e-16
1.35349803327e-16
1.24665304915e-16
1.43800079976e-16
8.22571147969e-17
8.6931473352e-17
9.97937429739e-17
1.06246225149e-16
6.94771137937e-17
5.69255980972e-17
2.62000358527e-17
-4.18981418434e-18
1.77249010289e-17
-1.35568733253e-18
3.36863203251e-17
1.7150395128e-16
1.13410588182e-16
-6.19040511223e-17
-1.31486206687e-16
-3.26055924385e-17
-4.4366712087e-17
-4.57056749168e-17
-4.30446474334e-17
-3.48166699263e-17
-1.74779076708e-17
-6.2418901643e-18
-1.17196502279e-18
6.84641961737e-18
2.07155159251e-17
4.54348964248e-17
9.29842478098e-17
1.13551483726e-16
1.25674057938e-16
9.09743042347e-17
7.46611439668e-17
6.87241393579e-17
6.76766618594e-17
5.86467899684e-17
5.20289383462e-17
2.98225035144e-17
1.52893935945e-18
1.42717949862e-17
-1.25476320119e-17
-2.94961503065e-17
-3.74296816669e-17
1.3695111354e-16
-5.74555899308e-17
-2.17575714278e-16
-1.26073776123e-17
-2.15806023201e-17
-2.54307781021e-17
-2.53244852942e-17
-2.14280197017e-17
-1.40651970972e-17
-5.6149320976e-18
1.66574977033e-18
6.88825817957e-18
1.10585664273e-17
1.50689518784e-17
2.26749673673e-17
2.78991673613e-17
3.2130027531e-17
2.80201885147e-17
1.23732362531e-17
1.43673096826e-17
2.06659176207e-17
2.81547143917e-17
3.55424959075e-17
3.1418647748e-17
8.50355147597e-18
2.07815697165e-17
-1.44535613113e-19
-1.26861593749e-17
-8.199070879e-18
2.12120833512e-17
-3.44243887344e-17
-8.22393416799e-17
-8.33105920107e-18
-1.67290605355e-17
-2.28809347419e-17
-2.82638330175e-17
-2.88289316217e-17
-2.14706144217e-17
-1.39895119137e-17
-7.24325234747e-18
-5.36842787409e-18
-5.4467652465e-18
-9.47786409979e-18
-1.20883052846e-17
-1.98104924368e-17
-2.04017822971e-17
-2.43539831005e-17
-6.03445548848e-17
-3.10588029956e-17
-1.42992321093e-17
-5.58144307207e-18
1.76823478933e-17
3.83320012333e-17
8.44806331633e-19
1.61920030697e-17
2.20061719667e-17
6.67034473138e-18
2.80130493364e-17
1.90665876433e-18
-2.66387211936e-17
-4.81625822363e-17
-5.14955303691e-18
-4.7565839107e-17
-5.79123180334e-17
-9.67557012497e-17
-9.24518821718e-17
-3.41994597453e-17
-5.21016536215e-17
-3.77608964325e-17
-5.42851927201e-17
-4.27857667242e-17
-5.71722665529e-17
-4.75141394883e-17
-8.5448757855e-17
-5.88386215742e-17
-4.64304540822e-17
-4.34950897948e-17
-3.33763555802e-17
-2.50464470524e-17
-4.44593130554e-17
4.62385613631e-18
3.67926561765e-17
2.76193012131e-17
8.42602970359e-17
9.56504718354e-17
2.03352152696e-17
5.40195048088e-17
-9.31461259702e-18
-3.74184067028e-17
-5.68777601496e-17
-1.84498825131e-17
-5.73894573182e-17
-9.75864127268e-17
-1.0504730502e-16
-1.00235046352e-16
-8.31069627425e-17
-6.82039351494e-17
-4.60953438576e-17
-3.59785870183e-17
-3.21713569618e-17
-3.47923328915e-17
1.58293354568e-17
-1.04397037494e-17
-2.09026918027e-17
-3.1572459343e-17
-3.57641706177e-17
-3.00549777306e-17
-1.63236584871e-17
-2.28261369577e-17
-1.40434996108e-18
2.181076191e-17
2.66359353058e-17
9.50320680221e-17
7.1062979595e-17
-1.98079083982e-17
-1.14608846907e-17
-3.40169224737e-17
-5.04717291054e-17
-6.43859447199e-17
-5.92986705626e-17
-5.77842315982e-17
-6.01899340573e-17
-6.43836668379e-17
-6.92594232353e-17
-7.42948553384e-17
-7.33349557912e-17
-7.36234179139e-18
-6.38645230683e-18
-6.45466697452e-17
-6.3845037116e-17
-1.10668800861e-16
-1.01067581666e-16
-8.85649869844e-17
-1.17506895449e-16
-7.91225653184e-17
-4.64867949845e-17
3.27902400756e-18
-3.56887986496e-17
-6.99088283668e-18
1.37732519299e-17
2.12513071566e-17
6.38397561916e-17
5.1417605656e-17
3.05136128125e-17
-1.85266049495e-17
-4.59190095177e-17
-6.3246412102e-17
-7.78623585883e-17
-1.64781170291e-17
-2.23226446278e-17
-3.06665363911e-17
-3.98179800296e-17
-5.27392461122e-17
-1.18819652268e-16
-1.29995206443e-16
-1.17060377573e-16
-9.83452245282e-17
-8.5009649852e-17
-7.73633728905e-17
-8.24488463092e-17
-8.91348161994e-17
-8.95445993265e-17
-8.70421661244e-17
-7.06584481325e-17
-4.8865641962e-17
-2.29671681992e-17
-2.31476697804e-17
-4.41564969425e-18
1.4859148576e-17
2.22612731405e-17
1.78387705676e-17
1.06466872566e-17
-6.62855884145e-17
-5.62685901412e-17
-6.87638175283e-17
-8.24634433289e-17
-9.01733841658e-17
-1.67830023273e-17
-2.44708689141e-17
-5.51307569844e-17
-6.56404247165e-17
-1.2291320964e-16
-1.85098001446e-16
-1.89259348135e-16
-1.78624145018e-16
-1.5531233864e-16
-1.33352988052e-16
-1.67083438118e-16
-1.608374272e-16
-2.59106067121e-16
-2.38529515832e-16
-2.00063494118e-16
-1.4885781308e-16
-9.58986168418e-17
-5.52448696855e-17
-5.34574593448e-17
-2.65843557388e-18
3.9462239763e-18
9.9976568445e-18
6.85186341675e-18
4.49866675653e-18
-1.04178021208e-17
-2.86846846177e-17
-4.54586753362e-17
-6.48699951081e-17
-8.01853363566e-17
-5.83872121899e-17
-1.00459708679e-16
-1.08522603939e-16
-1.08982005429e-16
-1.11241528503e-16
-1.17453263394e-16
-1.26457867428e-16
-1.37503739938e-16
-9.12588178706e-17
-1.40521711908e-16
-1.50213139582e-16
-1.5432793347e-16
-1.71340825689e-16
-1.80486966352e-16
-2.26849550767e-16
-2.06415535585e-16
-1.58410503099e-16
-1.3557347316e-16
-5.84139186987e-17
-2.56834673018e-17
-9.73924100435e-18
-2.47428423359e-18
-3.29234565801e-18
-7.22318613705e-18
-1.47570364741e-17
-8.09752357118e-17
-8.96943442848e-17
-1.12381238778e-16
-1.20861964466e-16
-5.21173734199e-17
-5.8009836334e-17
-1.07972374444e-16
-1.17278289366e-16
-1.24796152579e-16
-1.31044881968e-16
-1.39089043086e-16
-1.97940773541e-16
-1.98075184702e-16
-1.96042472343e-16
-1.91004635794e-16
-2.36006320989e-16
-2.34134696225e-16
-2.31286299235e-16
-1.84913559435e-16
-1.84276737318e-16
-1.33717388314e-16
-1.33557623283e-16
-1.05942693149e-16
-7.87841215432e-17
-5.87403130206e-17
-4.91521261403e-17
-4.56293635869e-17
-4.59620304092e-17
-4.38001392915e-17
-4.62896336161e-17
-5.02274873197e-17
-5.39701783777e-17
3.95367985243e-17
-8.48150726313e-18
-1.23817381041e-17
-1.7375465131e-17
-2.44485591307e-17
-3.40600700209e-17
-4.57196017186e-17
-9.74045150328e-17
-1.21118397391e-16
-1.35460355678e-16
-1.44209428943e-16
-1.50414849152e-16
-1.59049594436e-16
-1.24864645287e-16
-1.31423129918e-16
-1.34796526324e-16
-1.40003968537e-16
-1.31887072596e-16
-1.23700776332e-16
-1.10909888137e-16
-9.5382654627e-17
-8.14376241458e-17
-7.29686518238e-17
-6.82983016498e-17
-6.42247411024e-17
-5.88560664827e-17
-5.60907551161e-17
-5.73726937788e-17
-6.14044461214e-17
-1.34555306903e-18
-9.02485009924e-19
3.42150569415e-17
3.70806316664e-17
3.566539522e-17
3.01449915921e-17
-1.94208622855e-17
-7.9354614797e-17
-1.01819665928e-16
-1.13290760927e-16
-1.9570042595e-16
-2.42655081001e-16
-2.41280691673e-16
-2.22435184099e-16
-1.98778110215e-16
-2.50015118031e-16
-2.29848000514e-16
-2.00001508648e-16
-1.70898819964e-16
-1.44704773687e-16
-1.24388673962e-16
-1.09561695772e-16
-3.40359763516e-17
-1.98475108893e-17
-1.17908426156e-17
-8.91501446899e-17
-9.05912581741e-17
-9.87828013681e-17
-9.77368158437e-19
-1.93021913142e-18
-1.79472515594e-18
-8.02174857194e-19
1.00259792617e-18
2.7769881523e-18
1.76980895539e-18
-3.46989975305e-18
2.30273491259e-17
1.84813112092e-17
7.45312133988e-17
5.85589172452e-17
2.67654761822e-17
-8.53493489289e-18
-3.99546935954e-17
-7.43733976894e-17
-1.03140564976e-16
-1.93773138459e-16
-2.66288663207e-16
-2.5768094933e-16
-2.36266717771e-16
-2.09476712384e-16
-1.11929707372e-16
-7.26835958637e-17
-4.14631310161e-17
-9.21385460486e-17
-9.54178777472e-17
-9.55017997022e-17
-2.78316820875e-17
-3.52569644739e-17
-3.65759358539e-17
-3.64279144212e-17
-3.49720774393e-17
-3.28547967329e-17
-3.06732880348e-17
-2.88489432283e-17
-2.71773843803e-17
-9.35529066669e-17
-1.002447829e-16
-9.37791341376e-17
-8.15396834465e-17
-6.84833872861e-17
-5.81800057965e-17
-5.26520986957e-17
-5.00339513665e-17
1.37698860895e-17
6.10574569549e-17
4.30828991176e-17
9.04853151435e-17
8.07205252371e-17
2.37956058672e-17
1.97987695515e-17
1.64631473951e-17
9.56296382782e-18
4.5969157516e-18
1.31963614215e-18
1.7924883378e-18
1.558887692e-18
9.94669048566e-19
8.82733469718e-20
-1.01445317785e-18
-2.14090096037e-18
-3.11151513616e-18
-3.79690134288e-18
-4.43327054456e-18
-7.73294397946e-18
-1.22088660071e-17
-1.71329029952e-17
-2.11991666256e-17
-2.39741544273e-17
-2.56199563168e-17
-2.726990522e-17
-2.84765607998e-17
-2.37468121564e-17
-1.32255312965e-17
-2.88942391944e-18
1.11522769534e-17
2.16503841299e-17
2.39213413132e-17
2.21918847598e-17
1.78478481255e-17
1.23792115816e-17
6.8111839276e-18
1.88401407528e-18
8.03071502913e-17
8.96290606561e-17
1.14569350942e-16
1.22833449442e-16
1.24658048031e-16
1.24308201406e-16
1.21873001381e-16
1.16623102638e-16
4.74318974097e-17
2.94516424166e-17
1.32506460368e-17
1.35509623347e-18
-7.14929418994e-18
-1.43192321544e-17
-2.30303800493e-17
-9.50995393892e-17
-1.11131504576e-16
-1.20434049132e-16
-1.19918530935e-16
-5.48425261801e-17
-3.59767180493e-17
-2.12344798172e-17
-1.43995588502e-17
-1.48121496661e-17
-1.9144574535e-17
-2.38259407424e-17
-2.69513952365e-17
-2.79363067428e-17
1.67845144276e-18
-3.68549273639e-17
-4.00147030493e-17
-3.84265703815e-17
-3.54870179872e-17
-3.13021626235e-17
-2.69455554272e-17
-2.35895557927e-17
-2.54048332942e-17
-8.09089407133e-17
-9.21947154465e-17
-4.4036143045e-17
-3.18724430334e-17
-2.22348209633e-17
-1.89001237513e-17
-7.35823899589e-17
-8.78061135837e-17
-9.61559590582e-17
-9.71006676291e-17
-9.15388238902e-17
-8.53314906286e-17
-8.21641311272e-17
-1.83625259163e-16
-1.95421570596e-16
-2.02863809231e-16
-1.95753767118e-16
-1.76763508809e-16
-1.52698935463e-16
-3.5399560195e-17
-3.7404890141e-17
-3.50435405464e-17
-3.16180805541e-16
-3.61003460104e-16
-2.00904433057e-16
-5.46761560383e-17
-7.55053480228e-17
-6.83890339433e-17
-1.19226069806e-17
-2.04562818535e-17
-2.26602950863e-17
-2.83504180669e-18
-6.30764281379e-18
-7.28489715747e-18
-4.53041587022e-18
-4.84906654971e-18
-4.71421051454e-18
1.03101858492e-18
-1.9190272546e-18
-2.46025870146e-18
-1.00466127192e-18
-1.50969618838e-17
-1.38314747767e-17
-3.84066792997e-18
-1.03513772667e-16
-6.17217892353e-17
1.17401951075e-18
-1.04500448657e-17
-1.09303431081e-17
-1.14070682277e-18
-1.22231029729e-17
-1.20121951834e-17
-2.49429880135e-18
-7.90961645471e-17
-5.49309707742e-17
-1.26063626319e-17
-7.53770882584e-17
-4.79895144921e-17
-1.87505936553e-19
-4.77890157119e-18
-5.19307384144e-18
1.46447213632e-18
-3.350547347e-19
-8.34292094505e-19
-1.39511562698e-18
-2.60266710981e-19
-2.47788000845e-20
1.8360249934e-18
1.84753227836e-19
-1.69893614073e-18
9.69501581973e-19
1.86361968687e-18
1.56691005601e-18
2.83547909651e-18
7.71301648513e-17
5.57509108729e-17
2.89322906408e-19
3.29582911725e-19
3.49719752678e-19
-1.80476468021e-18
-5.85343609861e-18
-7.63301253843e-18
-8.19834118951e-18
-8.05754283968e-18
-7.57966888235e-18
-7.00819284125e-18
-6.44706752274e-18
-6.11795995302e-18
-7.29430206851e-18
-8.21130573781e-18
-7.50804818303e-18
-6.31564121528e-18
-5.01278768385e-18
-4.01379437508e-18
-4.07009818206e-18
-4.4526494128e-18
-5.17780372352e-18
-6.44105711322e-18
-8.45952410177e-18
-2.01314531536e-17
-1.6646537209e-17
2.99955185852e-19
3.71597358211e-18
2.90126717366e-18
1.774743414e-18
2.17824128348e-18
3.68091448471e-18
-2.31590902622e-18
-4.41058134975e-18
-5.68593496181e-18
-6.06608486489e-18
-6.03623587665e-18
-5.80878532128e-18
-5.46952617979e-18
-5.08017020147e-18
-4.74349340608e-18
-4.72790507194e-18
-4.80667570998e-18
-4.56746325869e-18
-4.01114866672e-18
-3.31384493625e-18
-2.62274697766e-18
-2.26205689697e-18
-2.42213403731e-18
-3.17507607603e-18
-4.56210251075e-18
-6.68053700026e-18
-1.78494984604e-17
-1.26169212489e-17
6.99005361121e-18
9.3718617316e-18
7.84116440057e-18
6.71955446437e-18
7.51692198811e-18
9.56876052168e-18
)
;
    }
    back
    {
        type            wedge;
        value           nonuniform List<scalar> 
814
(
8.08714861419e-20
2.8515041305e-18
8.80185752673e-18
1.00102725871e-17
5.17379680602e-18
2.60115297335e-18
-2.12906503287e-18
-5.47720452874e-18
-6.13033971037e-18
-4.63863161597e-18
2.10382758736e-18
-4.94768079912e-18
-4.15672238076e-18
-6.6566709041e-19
-4.10800295817e-19
-4.78694177352e-19
-5.98739999809e-19
-8.56764942852e-19
-8.83418290648e-18
-3.45393860747e-18
4.22206670005e-19
-2.7497545006e-19
6.61961769519e-18
1.05601351455e-18
2.48724807552e-18
-1.37822565973e-18
2.43292516638e-17
4.52458914643e-19
-8.0926016357e-18
1.12620178277e-19
3.48199827479e-18
9.59343123898e-18
7.40846320125e-18
4.6479628676e-18
2.64392778248e-18
-1.46917473441e-18
-4.05715205557e-18
-1.00675097124e-17
-1.21620476771e-17
4.34014553224e-19
1.47453028572e-18
4.99555637092e-20
-1.16368504527e-19
-1.06427236587e-18
-1.38465604771e-18
-1.7121155014e-18
-2.43345035706e-18
-1.48180310372e-17
-8.87385484668e-18
-2.41269105054e-18
-1.63140163816e-18
1.79953533707e-17
2.87646417487e-18
6.83299757607e-18
-7.05110359593e-18
5.42522883679e-17
8.00802086561e-19
-2.40331007616e-17
3.05440978628e-19
1.66581449815e-18
1.60937664455e-18
-2.34554286098e-18
-5.017701342e-18
-4.96260485978e-18
-3.32265929458e-18
-4.8738401785e-18
-1.11133604678e-17
-1.13439735301e-17
-3.49179377446e-18
2.50674946559e-18
2.54600768636e-18
4.9584479998e-19
-2.60091987898e-18
-2.50825082361e-18
-2.97163329669e-18
-4.03133781117e-18
-1.11140414378e-17
-7.98084263338e-18
-1.02192740213e-17
-2.75293827265e-18
2.73409666318e-17
2.12971242158e-18
7.58963586491e-19
-3.43297167817e-17
2.64197971477e-17
-1.35748845167e-18
-4.63376200945e-17
-3.07270242688e-20
-4.82644309746e-21
6.75328593862e-22
3.26469718512e-20
-2.27660231821e-20
-6.31541197551e-21
5.29415868157e-19
9.10024070411e-20
3.57794992039e-20
5.85580877881e-18
1.80360841674e-18
1.26475066682e-18
-7.79789150703e-20
-1.11511026869e-18
-6.57755762688e-19
-5.14461744333e-19
-2.4097955296e-18
-4.59723082474e-18
-4.72351545682e-18
-3.13371219062e-18
-2.06883673639e-18
-3.12608265457e-18
-3.16670876812e-19
-5.84278037119e-18
-2.95019340371e-18
-3.66251120385e-18
-5.14607296709e-18
-4.90178191494e-18
-6.11201791079e-18
-1.03545111262e-17
-1.92729466999e-18
2.32380016636e-17
-6.07468374494e-18
-2.77999057613e-17
-6.18869113338e-17
2.41708420686e-19
-4.88957919458e-18
-6.66329242394e-17
4.68910679681e-17
-9.05013000495e-18
1.98540042204e-17
1.89370015692e-17
1.60007498581e-17
1.5655196436e-17
6.83686878074e-18
4.90805582705e-18
9.69195871751e-18
5.59053297048e-18
-5.36014054943e-19
-3.31260862968e-17
-3.29646459626e-17
-4.21751064252e-18
-3.31181639601e-17
-1.50802255691e-17
-1.38739082639e-17
-2.25179231771e-17
-8.73605442796e-18
-1.62261408687e-17
-1.59770538279e-17
1.36082642172e-18
5.06609189421e-17
-5.28432243346e-17
-1.93887377963e-16
-3.13924132419e-16
-8.45492761575e-17
-2.92416221667e-17
-2.86646158183e-16
1.70925533051e-16
3.21375949326e-17
4.48435966766e-17
5.21896016043e-17
2.15209808126e-17
1.54584945849e-17
-3.14743478734e-17
-5.10333154082e-18
4.04549149547e-17
1.03536095531e-17
-1.73065587433e-17
-4.39475152417e-17
-5.49582358728e-17
-5.89693007803e-17
-3.43293529871e-17
-6.91173755834e-17
-4.22255252087e-17
-5.4991141566e-17
-6.62110862016e-17
-4.88209880607e-17
-1.35892439474e-17
1.6383528219e-17
3.16356645905e-17
5.60952375645e-18
4.18274523162e-19
-2.25593247002e-16
-2.2171601822e-16
3.86388013007e-17
-2.80876194791e-17
8.65494673289e-17
5.50886616005e-17
5.50804664908e-17
5.74849401545e-17
4.58418746941e-17
-1.62435071292e-17
-1.13001264027e-17
3.02468888956e-17
1.21292600411e-17
-4.68665891183e-17
-1.25412984734e-16
-1.35390211859e-16
-1.24737306324e-16
-1.43880459333e-16
-8.23676879037e-17
-8.70383409818e-17
-9.99466893351e-17
-1.06409576747e-16
-6.95651623525e-17
-5.67718082209e-17
-2.54875477158e-17
5.78587553176e-18
-1.51727248569e-17
2.73581115337e-18
-3.33796062968e-17
-1.71637529451e-16
-1.14101314118e-16
6.1086731643e-17
1.30635873804e-16
3.16603887428e-17
4.27004320931e-17
4.43307651327e-17
4.22273786228e-17
3.43984506384e-17
1.72959271247e-17
6.19359856034e-18
1.14466621986e-18
-6.85427426037e-18
-2.07122370626e-17
-4.54211765907e-17
-9.29827269102e-17
-1.13492603608e-16
-1.25559311475e-16
-9.08136131174e-17
-7.44611677239e-17
-6.84982406527e-17
-6.74532394166e-17
-5.85389132541e-17
-5.22604052574e-17
-3.08912243871e-17
-3.77450232077e-18
-1.75636391024e-17
1.09557582433e-17
2.92233794731e-17
3.76790026604e-17
-1.36519295213e-16
5.8549691506e-17
2.18097188438e-16
1.34875370526e-17
2.3516243149e-17
2.72491379194e-17
2.65879284667e-17
2.21652256973e-17
1.44394031332e-17
5.78203660643e-18
-1.52515728287e-18
-6.74918362503e-18
-1.09857025554e-17
-1.50898979526e-17
-2.27992030148e-17
-2.80525719283e-17
-3.23464502905e-17
-2.83187860024e-17
-1.27349478518e-17
-1.47709703052e-17
-2.1038807319e-17
-2.82676951866e-17
-3.49263836283e-17
-2.92619892101e-17
-4.30217891904e-18
-1.45887672182e-17
2.59746130837e-18
1.29613358075e-17
7.04886111885e-18
-2.28620758109e-17
3.25379247652e-17
8.02305832271e-17
2.05987777302e-18
6.63468030792e-18
1.29116424989e-17
2.00813510084e-17
2.28694972299e-17
1.74012600463e-17
1.11774726091e-17
5.44342137363e-18
4.42265069869e-18
5.07991436779e-18
9.52943294195e-18
1.24671343135e-17
2.04490957733e-17
2.1346054748e-17
2.56017808485e-17
6.24699439514e-17
3.27106456369e-17
1.56935763085e-17
5.49389404783e-18
-2.15768708978e-17
-4.84223458452e-17
-2.02851952894e-17
-4.35693056788e-17
-3.19257636171e-17
-7.74971548281e-18
-2.31359659056e-17
4.64497205834e-18
3.40425118954e-17
5.59121127036e-17
6.73042969609e-18
5.40641448411e-17
6.09802343544e-17
1.04118604799e-16
9.53519106561e-17
4.06982555913e-17
5.74251442476e-17
3.91049201242e-17
5.75884820996e-17
4.31693929607e-17
5.87268085005e-17
4.73349023197e-17
8.56293143219e-17
5.83194892162e-17
4.57710989377e-17
4.27216024812e-17
3.25992557782e-17
2.45929395969e-17
4.41410449328e-17
-1.28882810955e-18
-2.8929117124e-17
-1.48314321831e-17
-7.07706861977e-17
-9.07612846884e-17
-2.05626304588e-17
-5.6659567504e-17
4.87952555807e-18
3.23532671596e-17
5.14984126348e-17
1.85028551582e-17
5.65674758359e-17
9.66303264293e-17
1.04734430101e-16
9.99131936124e-17
8.28401164489e-17
6.80321090776e-17
4.60184023415e-17
3.59602573995e-17
3.21789181945e-17
3.48165677513e-17
-1.6219210206e-17
1.04978458383e-17
2.09679790554e-17
3.1644238981e-17
3.58400571427e-17
3.01163305768e-17
1.6305640601e-17
2.2592916727e-17
7.43730271836e-19
-2.3156177763e-17
-2.86602811396e-17
-9.67244422236e-17
-7.17696413006e-17
1.9862500443e-17
1.19298561007e-17
3.47172217078e-17
5.13060904838e-17
6.53028755201e-17
5.95280376277e-17
5.78758100756e-17
6.00819498752e-17
6.40767704541e-17
6.87975002236e-17
7.37600596695e-17
7.27970882521e-17
3.89070060192e-18
5.86404314398e-18
6.19655149276e-17
6.36417052921e-17
1.08870064929e-16
1.00899040309e-16
8.84464948197e-17
1.17021103913e-16
7.91631622586e-17
4.64798876912e-17
-3.09115675972e-18
3.53716065968e-17
5.01672704826e-18
-1.73643668313e-17
-2.64288607777e-17
-6.79674308117e-17
-5.31933219389e-17
-3.0232804188e-17
1.96052786107e-17
4.7663761381e-17
6.54209416392e-17
8.02857929952e-17
1.7248691304e-17
2.38269253574e-17
3.31570672502e-17
4.34033977159e-17
5.73074564397e-17
1.29710085057e-16
1.35186987411e-16
1.22570435277e-16
1.03890423677e-16
9.02417230595e-17
8.20243560779e-17
8.63904815964e-17
9.24213135449e-17
9.22565120916e-17
8.90846941455e-17
7.20233120422e-17
4.99865688982e-17
2.46728595146e-17
2.65403275884e-17
1.11604762401e-17
-3.49250078352e-18
-7.44691194549e-18
-8.8107077448e-18
-5.64684218013e-18
6.51027983714e-17
5.30611991428e-17
6.34498563025e-17
7.58682424084e-17
8.29081275756e-17
1.65495442146e-17
2.4260461819e-17
5.57838226614e-17
6.55225510671e-17
1.240113191e-16
1.86311573225e-16
1.89240987653e-16
1.78638642595e-16
1.5536318258e-16
1.33446901455e-16
1.68657601024e-16
1.61030767539e-16
2.60691771219e-16
2.38883457158e-16
2.00446653607e-16
1.49260909549e-16
9.62811181352e-17
5.56173315324e-17
5.39539266446e-17
3.31369566392e-18
-2.722432995e-18
-8.55399445687e-18
-5.85993728444e-18
-4.01124074532e-18
1.04168123368e-17
2.83343114835e-17
4.48895842536e-17
6.4147451823e-17
7.93670570315e-17
5.79768327914e-17
1.04130579907e-16
1.08879851744e-16
1.10042070818e-16
1.13085853932e-16
1.20107767798e-16
1.29887760044e-16
1.41623239907e-16
1.02282470656e-16
1.51791074083e-16
1.55882330996e-16
1.60267782877e-16
1.77391966712e-16
1.86644326707e-16
2.38641322523e-16
2.12633106041e-16
1.644661787e-16
1.44482717516e-16
6.53535685773e-17
3.05921348369e-17
1.57894567075e-17
8.35119509118e-18
7.23810580816e-18
8.81860143617e-18
1.41113870091e-17
7.54654752623e-17
8.59635729139e-17
1.06783253629e-16
1.12793095392e-16
4.92439413137e-17
5.35291572343e-17
9.65192610426e-17
1.08644305194e-16
1.13117678462e-16
1.1593399726e-16
1.20365658849e-16
1.73228645178e-16
1.73349808986e-16
1.67914974164e-16
1.59685904919e-16
2.01285343692e-16
1.98643481799e-16
1.9316944476e-16
1.4110402382e-16
1.40334580087e-16
8.5725773563e-17
9.13805858662e-17
6.97691376189e-17
4.92792856129e-17
3.40405574655e-17
2.86652321162e-17
2.99209508535e-17
3.62210675305e-17
4.39955342444e-17
5.62723208977e-17
7.28798021901e-17
9.11793884705e-17
1.62474697064e-17
7.9597680574e-18
1.20456930168e-17
1.73326390118e-17
2.47471332676e-17
3.47261402429e-17
4.67731705754e-17
1.02144157566e-16
1.22754400105e-16
1.37455333728e-16
1.46592544613e-16
1.53230737905e-16
1.62340050005e-16
1.33117641183e-16
1.36157157083e-16
1.40335598846e-16
1.46427008927e-16
1.39356394183e-16
1.32034801274e-16
1.19579033533e-16
1.03794761106e-16
8.92245930558e-17
7.98918342434e-17
7.41199615782e-17
6.88003488663e-17
6.22067703646e-17
5.78247629468e-17
5.68495162823e-17
5.85201411785e-17
9.25273447663e-19
9.02533878886e-19
-3.02716223939e-17
-3.59668048582e-17
-3.373361171e-17
-2.72731167031e-17
2.7569627671e-17
8.81343317364e-17
1.06838816454e-16
1.19192226918e-16
2.08850041684e-16
2.55151250403e-16
2.49761508374e-16
2.32754761828e-16
2.11331704907e-16
2.72305582184e-16
2.46813402083e-16
2.1977298665e-16
1.92807444485e-16
1.67689303053e-16
1.46132289053e-16
1.29086796674e-16
4.91381418934e-17
3.16058057159e-17
1.85192869516e-17
8.40035497385e-17
8.74233471803e-17
8.99689074148e-17
9.93318434885e-19
1.48707278134e-18
7.02522781145e-19
-1.03042507393e-18
-3.60735175566e-18
-6.18316136907e-18
-6.00675320993e-18
-1.60531530738e-18
-3.27625047803e-17
-2.4944105838e-17
-8.70508471583e-17
-6.64895737019e-17
-3.63557395277e-17
-3.02854534152e-18
2.70257710187e-17
5.99331618619e-17
8.6863031714e-17
1.69418181294e-16
2.40731017464e-16
2.3787149577e-16
2.16683213823e-16
1.91591891308e-16
9.79242793351e-17
6.12255513082e-17
3.54471623462e-17
9.76774539073e-17
9.95520410686e-17
1.04429731922e-16
3.05607312796e-17
3.53193352703e-17
3.73430345796e-17
3.80119863569e-17
3.74459070077e-17
3.62754995508e-17
3.50682818982e-17
3.4213471084e-17
3.3516373729e-17
1.05979362166e-16
1.07885591256e-16
1.02839299324e-16
9.24194259039e-17
8.15286472344e-17
7.36884876504e-17
7.07692081483e-17
7.08510240011e-17
1.66262642455e-17
-2.96338641018e-17
-1.64921086394e-17
-6.03757105166e-17
-5.78938496837e-17
-5.72337705414e-18
-5.91643515565e-18
-1.03112653557e-17
-1.13649312368e-17
-1.39123682791e-17
-1.74650379377e-17
-1.14638113293e-18
-2.43460814671e-19
1.11133621735e-18
2.77896933683e-18
4.5442752048e-18
6.23110515168e-18
7.66124676686e-18
8.70731979586e-18
9.62630016157e-18
1.3164975303e-17
1.79044689151e-17
2.31773412971e-17
2.77250838926e-17
3.11198388669e-17
3.35148668469e-17
3.5986968621e-17
3.80706167622e-17
3.42019136997e-17
2.438875399e-17
1.42883934445e-17
-1.58947706654e-19
-1.13660018711e-17
-1.53332858942e-17
-1.74376088411e-17
-1.77717196762e-17
-1.70444796137e-17
-1.5791438315e-17
-1.41777213042e-17
-8.23346718108e-17
-9.05010498828e-17
-1.18642320122e-16
-1.25539228199e-16
-1.27930069452e-16
-1.27930229956e-16
-1.25726650026e-16
-1.2066380136e-16
-5.59208625517e-17
-3.43768703122e-17
-1.87632415171e-17
-7.65797681876e-18
-8.0909659478e-20
6.0227287376e-18
1.35496727774e-17
8.08401851471e-17
9.96146582516e-17
1.07958954298e-16
1.06761311251e-16
4.04651508534e-17
2.26196531085e-17
1.03609657104e-17
8.51998204926e-18
1.53156839167e-17
2.62798379819e-17
3.74352301349e-17
4.65386871749e-17
5.30311580758e-17
7.87733581857e-20
4.22833745727e-17
4.97152879366e-17
4.96621181083e-17
4.69319680769e-17
4.2071415067e-17
3.68941044922e-17
3.26321112659e-17
3.35431073029e-17
8.76132007245e-17
9.87354284873e-17
4.92925452608e-17
3.73193807226e-17
2.71910265081e-17
2.32233434684e-17
7.51459710499e-17
9.03968950416e-17
9.78592394791e-17
9.80127208988e-17
9.1768354581e-17
8.47776011516e-17
8.05078171055e-17
1.77046613087e-16
1.91046829392e-16
1.96786963887e-16
1.88159113718e-16
1.6819986657e-16
1.44284807438e-16
3.5829815386e-17
3.66021262532e-17
3.44391345932e-17
3.18880379689e-16
3.63364812841e-16
2.02127139534e-16
5.48088921613e-17
7.57034587896e-17
6.89001195221e-17
1.17586223629e-17
2.02110451377e-17
2.22453546333e-17
3.32975039969e-18
6.68198458453e-18
7.76840047728e-18
-2.83646299138e-18
-3.85805477821e-19
6.35879858624e-19
1.83252580005e-18
3.42248302446e-18
3.42182805176e-18
1.11289700096e-18
1.52259771098e-17
1.3905331488e-17
3.73941055899e-18
1.01618465054e-16
6.19780414427e-17
3.28331468796e-18
1.190308005e-17
1.1327053605e-17
9.263064341e-19
1.19421069392e-17
1.18006985245e-17
5.1959469531e-18
8.31669085796e-17
5.44280114448e-17
-5.73248521037e-18
6.45442563371e-17
4.5922335141e-17
8.82598447856e-19
4.36460027811e-18
4.66343745795e-18
1.6034970517e-18
5.40921606757e-19
3.1265226275e-19
-1.38182010686e-18
-1.76021375583e-19
2.24114244538e-19
1.83006982148e-18
2.77086915167e-19
1.29273334542e-18
6.64044264776e-19
-1.34403243141e-18
-1.31680999557e-18
-4.9783442821e-18
-8.06633815511e-17
-5.55505111402e-17
1.6207252061e-19
-1.17885735733e-18
-1.16141644823e-18
1.84508333939e-18
5.01131940122e-18
6.47113357734e-18
6.97084599113e-18
6.89071379887e-18
6.55305178254e-18
6.12335087366e-18
5.70163778952e-18
5.48959124691e-18
6.76406493972e-18
7.76116398216e-18
7.12333499561e-18
5.98613270582e-18
4.73554330578e-18
3.78818258781e-18
3.91176212226e-18
4.37317272549e-18
5.18311643665e-18
6.51658784285e-18
8.57995961223e-18
2.03698950438e-17
1.68264295011e-17
4.46507169615e-20
-3.44594776301e-18
-2.58693882184e-18
-1.44143852259e-18
-1.87925579535e-18
-3.47487894795e-18
2.83915618041e-18
4.09184888179e-18
5.03912215071e-18
5.36649620609e-18
5.38520146273e-18
5.23880053339e-18
4.99105164137e-18
4.68977742526e-18
4.42342143619e-18
4.46382425003e-18
4.58618131881e-18
4.37599744211e-18
3.82413758317e-18
3.09718415318e-18
2.47821848229e-18
2.2553134263e-18
2.45736476704e-18
3.22904018507e-18
4.61696091481e-18
6.73961438099e-18
1.79206253312e-17
1.26930690864e-17
-6.89626812797e-18
-9.24247197919e-18
-7.69203704028e-18
-6.56429701093e-18
-7.35587081491e-18
-9.41720881205e-18
)
;
    }
    procBoundary0to1
    {
        type            processor;
        value           nonuniform List<scalar> 
27
(
-6.80512880048e-08
-2.06261669633e-07
-3.41983805321e-07
-4.05914451199e-07
1.59821089712e-05
2.39317524758e-05
3.08921418944e-05
3.69661471729e-05
4.07252251149e-05
3.5822712964e-05
-6.79160737452e-06
-1.47968192673e-06
-2.26010454642e-06
-3.12130056768e-06
-4.03950739984e-06
-4.98224227573e-06
-5.9021600487e-06
-6.76969589906e-06
-7.55819230245e-06
-8.40359871573e-06
-9.20662721989e-06
-9.28480271164e-06
-3.39639863682e-06
-1.82926433087e-05
5.61652698621e-06
-2.16114657391e-05
-2.72568139104e-05
)
;
    }
}


// ************************************************************************* //
