/*--------------------------------*- C++ -*----------------------------------*\
  =========                 |
  \\      /  F ield         | OpenFOAM: The Open Source CFD Toolbox
   \\    /   O peration     | Website:  https://openfoam.org
    \\  /    A nd           | Version:  7
     \\/     M anipulation  |
\*---------------------------------------------------------------------------*/
FoamFile
{
    version     2.0;
    format      ascii;
    class       volVectorField;
    location    "0.02";
    object      U;
}
// * * * * * * * * * * * * * * * * * * * * * * * * * * * * * * * * * * * * * //

dimensions      [0 1 -1 0 0 0 0];

internalField   nonuniform List<vector> 
814
(
(0.899032408537 2.93119215912e-15 61.305653895)
(-3.13654192576 5.53153549112e-16 60.7015320581)
(4.32755416263 2.0958941856e-16 57.2065062137)
(0.852779390221 3.49417211095e-15 64.3629792075)
(-1.47792156308 1.07056785214e-15 63.2212925072)
(2.22284304378 2.79720803e-16 57.6758775473)
(0.643472382333 -3.80979858342e-15 65.3104699761)
(-1.13231539674 -8.10758534161e-15 63.799619043)
(1.27546874529 -8.10180277683e-15 56.4709178151)
(0.377368157763 -7.72669590472e-13 63.2760304856)
(-1.48875692911 -9.84801693924e-13 61.3898991761)
(2.27236951949 -2.43764640003e-12 50.9445212884)
(0.460535852052 -1.06846204113e-10 60.3271480242)
(0.187376817121 -8.92781746781e-11 57.9847444328)
(2.55641121249 -1.4155891355e-11 47.0479856016)
(0.380835609345 -1.70564875301e-10 57.2728674431)
(0.488749978962 -8.52767726655e-11 54.2410466261)
(1.93370169869 2.35371634954e-11 42.3003768462)
(0.269139226637 -8.38820321677e-11 53.4935056647)
(0.489890064558 -6.26331471016e-11 49.7033603519)
(1.46716864213 5.95232077186e-11 37.3817029869)
(0.225689160334 -4.10298804167e-11 49.695831621)
(0.48068199246 -3.68227318421e-11 45.2033648262)
(1.13986260176 6.35211071368e-11 33.0851654359)
(0.173992549648 -1.94567488451e-11 46.2327625356)
(0.407043917772 -1.94898210772e-11 41.2491922705)
(0.822632908307 3.62006366652e-11 29.8531953404)
(0.11684092346 8.0905431594e-11 43.3192749421)
(0.307704188943 1.02061578187e-11 38.1753395327)
(0.543772890053 2.31294926846e-11 27.8626087374)
(0.0863135382754 3.6301922958e-11 40.904313796)
(0.245313656826 2.67251071035e-11 35.9141138764)
(0.380206263018 6.73348828213e-11 26.794087139)
(0.0798617357695 3.82737488149e-11 38.7269834646)
(0.205852908389 1.17038393084e-10 34.0916423812)
(0.272866492197 1.00404860121e-10 26.0676092232)
(0.0886148235126 2.73324795193e-11 36.6334027734)
(0.205541476278 7.17856703625e-11 32.4504977275)
(0.249178822506 6.80714289609e-11 25.3860084038)
(0.102600220103 -1.17814269801e-11 34.5508711856)
(0.238756395612 -7.01127794403e-11 30.8492155974)
(0.296529528819 1.99213068889e-11 24.6323227332)
(0.111792469862 1.36642968412e-10 32.4433358945)
(0.270569110019 -7.89012542068e-12 29.2107763557)
(0.351118319534 -6.31701058938e-11 23.7483102383)
(0.11668276876 2.13489710473e-11 30.2999335284)
(0.284437117827 -2.50733950236e-13 27.4970585265)
(0.376055894074 -1.33156872318e-11 22.7086718244)
(0.118582422528 3.29714512112e-12 28.1662327776)
(0.290747375205 5.94494684412e-13 25.7463983599)
(0.390639927127 -2.45297540265e-12 21.5673834802)
(0.112732186935 1.98124058525e-12 26.13655584)
(0.276902087563 5.16150944074e-12 24.0529207403)
(0.377106843047 1.28844405821e-11 20.4262286735)
(0.100519102477 2.23359999281e-12 24.24814884)
(0.254234490707 6.49379854674e-12 22.4591489673)
(0.353599046041 1.20756824526e-11 19.3301954405)
(0.0919531993703 2.70793275766e-12 22.4924914544)
(0.231856753094 7.84936108173e-12 20.9608750066)
(0.320143519362 1.38879503956e-11 18.2758385329)
(0.0848420279534 3.7580995674e-12 20.8344738828)
(0.211465085498 1.0792157858e-11 19.5320549959)
(0.290045621518 1.82343121436e-11 17.2590795812)
(0.0967958598747 3.75220124389e-11 19.1358452992)
(0.244160010693 1.21243963308e-10 18.0463247223)
(0.345386100826 4.8534515019e-11 16.1658587601)
(0.133816788204 1.43858818497e-11 16.8783604529)
(0.343240174619 3.74850729163e-11 15.9754064147)
(0.509360029165 3.40102892245e-11 14.4465334711)
(0.235326276987 -7.82658618364e-11 13.0798284926)
(0.591492119058 9.73555588199e-12 12.3579985734)
(0.899081449592 6.48811003064e-11 11.1684970563)
(0.429747534536 1.10228049996e-12 4.5695458887)
(1.12239429789 6.36126080634e-12 3.86339223812)
(1.74370171468 1.08966816274e-11 2.79150483719)
(0.280085452003 4.36071048627e-11 -9.75894405382)
(0.724712893003 -7.81541320799e-11 -10.0986454855)
(1.14203294683 -1.05243327463e-10 -10.4932303311)
(0.169000563764 -1.24050027682e-12 -10.386137992)
(0.433073850727 -3.35530487596e-12 -10.4254420551)
(0.662778344118 -2.38502094974e-12 -10.3761418553)
(0.0527411230051 -2.37593979596e-12 -11.6757355506)
(0.138586138962 -6.52245497348e-12 -11.7348062433)
(0.219762835671 -1.08094533469e-11 -11.7205807757)
(-0.000489485434643 1.22947220547e-12 -11.6467492406)
(0.00237384900609 6.28371315096e-12 -11.6944851661)
(0.00639044808912 3.07891184485e-11 -11.6566622155)
(-0.00693804832993 -2.00157699739e-11 -11.5921700492)
(-0.0176351592414 -5.83398368751e-11 -11.6348076216)
(-0.0267790084123 -2.17334100989e-11 -11.5781589375)
(-0.0121679066289 -3.47208284624e-13 -11.3012069018)
(-0.0315345799773 -6.13337989753e-13 -11.3440537677)
(-0.0487305262255 1.00692802147e-12 -11.2728337542)
(-0.0115214761423 5.70859331407e-12 -11.0197819239)
(-0.0305625784538 1.69053114753e-11 -11.0697399309)
(-0.0475117458424 3.25291699916e-11 -10.9997831169)
(-1.56633201342 -2.62720430754e-11 10.4143960043)
(2.32269384631 -1.52650592975e-11 16.1329341353)
(1.77052907866 -1.19761554466e-11 19.2591551639)
(1.44123150646 6.92240334786e-13 19.2299312914)
(1.21123477582 9.89178827575e-12 18.3150183847)
(0.87915987432 5.60454556816e-12 17.5419749293)
(0.514976618871 4.19426888049e-12 17.4028086288)
(0.34393800837 1.88201758934e-11 17.7493699867)
(0.237816576105 3.42951730032e-11 18.0837142975)
(0.228395729898 3.3545820508e-11 18.2416142393)
(0.293871133987 2.11456361794e-11 18.2066402388)
(0.362320088538 1.33560846232e-11 17.9758205095)
(0.398765154732 1.9327515277e-11 17.546320315)
(0.425417155211 1.86747163029e-12 16.9767191235)
(0.41733765123 3.39463461733e-11 16.3769818724)
(0.391582206116 1.66067290514e-11 15.7853089571)
(0.350671029802 2.0064490169e-11 15.2014003457)
(0.316237493491 2.72134181945e-11 14.6403202578)
(0.394150826428 2.50214959099e-11 13.9914372249)
(0.624836737206 3.03030290791e-11 12.6696877087)
(1.17171740287 4.87713975061e-11 9.77555326908)
(2.27923307791 8.62343257285e-12 1.51016751932)
(1.57098790133 -7.28994272735e-11 -10.8809529659)
(0.857752061908 8.08311781403e-12 -10.2965145837)
(0.28841933218 3.08674770246e-11 -11.673361174)
(0.00664548074521 6.37503319697e-11 -11.5779090196)
(-0.0377698922557 -2.27995431057e-13 -11.4717363503)
(-0.0663696710434 4.29064923774e-12 -11.1459362014)
(-0.0645129706854 5.37275557967e-11 -10.8720522518)
(0.146327004942 -4.54716083567e-12 1.54924307636)
(0.340131718923 -3.93156208847e-11 1.65596175113)
(0.452325622259 -5.90053326394e-12 1.63302876885)
(0.523139480535 -1.17253187204e-12 1.71471364385)
(0.571679914454 -2.80126076789e-13 1.71861570681)
(0.602926520663 -7.11328979022e-14 1.77684910119)
(0.605579014644 -3.07757387559e-14 1.79486579983)
(0.611885395413 -7.47208683353e-14 1.83317738261)
(0.58901440039 -2.4535515724e-13 1.85018292267)
(0.573184597152 -6.29359913087e-14 1.87469319633)
(0.536020262462 -5.65720946033e-14 1.88845150821)
(0.502366808029 -1.93006794255e-13 1.90449746119)
(0.453719475173 -1.6067332991e-13 1.91554203804)
(0.410375188544 -2.26527139931e-14 1.92505245042)
(0.348058132116 -2.70250864174e-15 1.9337514695)
(0.302752523651 -2.30346243935e-16 1.93678462178)
(0.221685815131 9.73158486237e-17 1.94411381156)
(0.17179389382 4.62705809239e-15 1.94247549611)
(0.0843065087015 1.0846202158e-13 1.94836737102)
(0.0199048598628 1.61932713336e-15 1.93908881615)
(0.454180527005 -7.5969445435e-12 0.385374647892)
(0.483082143085 -7.10765436621e-11 0.692861349338)
(0.637003129894 -1.28685812899e-11 0.893854547728)
(0.719870518542 -3.17308621699e-12 1.1012138906)
(0.720624105593 -9.30522750114e-13 1.22789044321)
(0.74534502051 -2.9434383673e-13 1.40225033724)
(0.694882153241 -3.22535975986e-13 1.477404397)
(0.676898351975 -1.6861029616e-12 1.5770563375)
(0.614825226512 -1.14298311733e-11 1.62299680972)
(0.581636012463 -1.04670827889e-12 1.68293884366)
(0.522196156512 -1.04264220444e-12 1.71596061334)
(0.480956380915 -6.99178485153e-12 1.7548846038)
(0.422922384894 -5.48077724844e-12 1.78116347796)
(0.380920113957 -3.05500466009e-13 1.80441459587)
(0.315632749224 -2.6805820592e-14 1.8251202158)
(0.282251314231 -2.37059861767e-15 1.83350731667)
(0.199655727037 -2.38946121518e-15 1.85102060868)
(0.1686458441 7.64048420166e-14 1.84799331871)
(0.0759722458205 3.75041607868e-12 1.86937144393)
(-0.00836271451443 3.04013121518e-14 1.83980572451)
(0.793632248664 -1.26791994132e-11 -1.08747108866)
(1.05355409828 -6.10155181964e-11 0.101315791393)
(1.06775536148 -1.86644161421e-11 0.235123633261)
(1.05097649184 -5.55502532385e-12 0.843056375623)
(1.0016057709 -1.7021261355e-12 0.982165778665)
(0.943871213981 -5.57198239248e-13 1.22443243662)
(0.817982561188 -5.61664295425e-13 1.31541184792)
(0.762601836343 -2.43600474414e-12 1.44244071206)
(0.664142451949 -9.98077674217e-12 1.50150695686)
(0.614260106963 -1.64842131673e-12 1.57721478798)
(0.536851806517 -1.62336463355e-12 1.61886449475)
(0.488324718351 -6.84220877827e-12 1.66800985008)
(0.421250071571 -5.39460713921e-12 1.70095198487)
(0.377521865391 -5.20991353792e-13 1.73095070265)
(0.307781599712 -5.55474247575e-14 1.75676436774)
(0.278939952245 -1.10839144324e-14 1.76879262411)
(0.192990946274 -1.22444150814e-13 1.79121021916)
(0.172909609236 1.08658500004e-13 1.78847425054)
(0.0707566546275 3.85372356767e-12 1.82570744618)
(-0.0211828235555 4.8138233015e-14 1.77201251433)
(-1.82303041065 -3.33626987323e-11 -1.43579414147)
(1.70251929076 -5.8529288478e-11 -0.103328550945)
(1.70118002101 -2.35752449747e-11 0.0127259399391)
(1.6780910713 -7.60079244041e-12 0.510565556155)
(1.22325089641 -2.77879482131e-12 0.770657057998)
(1.14783407323 -1.01315092871e-12 1.08500575418)
(0.943350299233 -1.05722744414e-12 1.21093478735)
(0.870042324604 -3.0186079445e-12 1.35777714434)
(0.737986413684 -8.9215896763e-12 1.42492157659)
(0.674546906123 -2.32457644656e-12 1.50952325443)
(0.579466949849 -2.11455061781e-12 1.55547295596)
(0.523859331173 -6.77493569927e-12 1.60947927396)
(0.446780676455 -5.41891323056e-12 1.64520861197)
(0.399646743386 -8.08797117938e-13 1.67885922378)
(0.32272786497 -1.02393454625e-13 1.70685136189)
(0.295295656403 -8.17259849406e-14 1.72132222365)
(0.2016510732 -2.61781214229e-12 1.7465749862)
(0.192328369644 1.03058387871e-13 1.74517130493)
(0.0725559968053 5.53401142087e-12 1.8059738586)
(-0.0500358972232 4.74951559113e-14 1.74720382232)
(2.0840199891 6.0037859416e-11 0.65834915035)
(2.54332331464 -7.18781518849e-11 -1.35372357172)
(2.81648558023 -3.31891992824e-11 -0.211237813669)
(2.41147796938 -1.35349063296e-11 0.457625744982)
(1.90769223275 -5.12444151588e-12 0.888693600127)
(1.52779015507 -2.27715221015e-12 1.07736855872)
(1.17401398175 -1.00200850761e-11 1.16802046836)
(1.03571767224 -1.00256027061e-11 1.28362603591)
(0.858778589113 -8.36943959942e-12 1.34613245985)
(0.77668186355 -3.06618845161e-12 1.43274532971)
(0.659490928692 -2.9785913837e-12 1.48144550619)
(0.593327175875 -1.23539048172e-11 1.53980098154)
(0.502563416177 -5.74612340868e-12 1.57804799752)
(0.448402039768 -1.15775198666e-12 1.6152940161)
(0.360081112369 -7.84242839378e-14 1.64551352208)
(0.330105197093 -1.36639000095e-13 1.66266071228)
(0.224459891667 -2.5938932211e-12 1.68952516482)
(0.226454737401 6.09032240871e-14 1.69065537064)
(0.0910168402934 5.59299645984e-12 1.76271267724)
(0.148033578574 -2.61782518819e-12 1.71488928796)
(1.23223037114 -1.08040466665e-10 -0.938088212015)
(2.38176839851 -1.30373603442e-10 -1.33003154391)
(2.34755105027 -4.40395264397e-11 0.819809650784)
(2.17280825283 -1.68395868649e-11 1.4184963117)
(1.86339617523 -6.59885960835e-12 1.3848004429)
(1.57964617906 -3.64025750668e-12 1.22808272011)
(1.30140220704 -1.03723908829e-11 1.19713411596)
(1.18038324258 -1.61609009528e-11 1.23658525814)
(0.995494062557 -8.43730375489e-12 1.28006457308)
(0.902180112871 -4.09825202037e-12 1.36154320343)
(0.763363803778 -7.16271128875e-12 1.40867773229)
(0.684351480875 -1.17610245219e-11 1.46943390131)
(0.576652930301 -1.07555461974e-11 1.50941316932)
(0.512774352736 -1.58600260533e-12 1.54961790082)
(0.410103333023 3.14901514531e-12 1.5818221016)
(0.374812198875 -9.63096864339e-14 1.60159850324)
(0.254851011626 -2.61939659236e-12 1.62823884603)
(0.264877623454 -3.84865907889e-15 1.63188302696)
(0.111722464243 7.29192222352e-12 1.68894044248)
(0.267564924767 -2.48853651937e-12 1.62367942076)
(0.761556995184 -7.02128306973e-11 -0.8246451999)
(1.46585775646 -1.67153827601e-10 -3.82665569839)
(1.74707014445 -5.03113460815e-11 0.71781802519)
(1.7819839704 -1.8577703323e-11 1.56008788501)
(1.70971059674 -7.49021824193e-12 1.49312496121)
(1.57500908921 -5.48264798352e-12 1.22537523972)
(1.40844807526 -2.00090287125e-11 1.17240103994)
(1.31194207371 -1.63692475104e-11 1.17802334248)
(1.14271231347 -8.88832474565e-12 1.22321238395)
(1.04100953431 -5.20168342155e-12 1.29336405238)
(0.880434217839 -7.48455160562e-12 1.34321976351)
(0.787472166031 -1.14473097715e-11 1.40372265404)
(0.660456156253 -1.08397049943e-11 1.4445378997)
(0.58473902255 -2.17052217411e-12 1.48706163362)
(0.465938423589 2.96008259355e-12 1.5207342144)
(0.423172355049 8.52350351573e-15 1.54300805243)
(0.288071372612 -2.54702492258e-12 1.5677223756)
(0.300518806584 -8.4800120935e-14 1.57362218655)
(0.127764517544 7.17704862236e-12 1.6030023216)
(0.313473887979 -2.36303257223e-12 1.52485835768)
(0.665212510817 -5.69960195954e-11 -0.54663155849)
(0.517641079515 -3.95574307675e-11 -5.03128878656)
(1.28361908751 -4.44367651024e-11 0.285706550559)
(1.53829733676 -1.83117188983e-11 1.340235745)
(1.58240518556 -7.84569853174e-12 1.32739993793)
(1.57519817783 -7.12220710316e-12 1.08690185006)
(1.51090930583 -1.95164453377e-11 1.07945314303)
(1.45165739121 -1.6609522822e-11 1.09269397112)
(1.29532848839 -9.69737813201e-12 1.16963352016)
(1.18550462425 -6.80714463426e-12 1.23276429463)
(1.01079088283 -1.4666719984e-11 1.28511202607)
(0.898924489984 -1.13719057923e-11 1.34260893621)
(0.751571482254 -1.1054906307e-11 1.38406623646)
(0.662123167186 -2.93730154907e-12 1.42762370211)
(0.525747736983 2.72189396848e-12 1.46192579478)
(0.473271396453 1.66356081736e-13 1.4866026932)
(0.322782779157 -2.398405164e-12 1.50842104588)
(0.331121159284 -1.69450686465e-13 1.516650409)
(0.140096750137 7.06212797101e-12 1.51876003825)
(0.306641465206 -2.13871318983e-12 1.43966626717)
(0.455552932871 -5.3864838103e-11 0.155123071754)
(-0.460797499083 -4.58777497647e-11 -5.34996444118)
(0.985261240454 3.16366610193e-11 -0.629403063475)
(1.52897472776 -1.21468829527e-11 0.378736388359)
(1.63214680621 -7.00601280077e-12 0.503106404686)
(1.66832429 -7.13053757064e-12 0.477803644474)
(1.61973492806 -8.03374189926e-12 0.79249784722)
(1.59616798377 -1.55884631514e-11 0.946497426405)
(1.46039765839 -1.10170632245e-11 1.10308286108)
(1.33401328535 -1.66530252835e-11 1.18154707215)
(1.14694833996 -2.14012957817e-11 1.23807765092)
(1.01816111644 -1.17616138872e-11 1.28943091285)
(0.850160261803 -1.11608842209e-11 1.32945227669)
(0.744224598811 -3.83625019863e-12 1.37200146981)
(0.589318637642 2.18724921373e-12 1.40601714971)
(0.524732748207 3.13974758009e-13 1.43269149064)
(0.358825125099 -2.22401417128e-12 1.45105785162)
(0.357461404405 -2.47839488499e-13 1.46190705107)
(0.150173738285 6.84822526569e-12 1.44266663212)
(0.283167847441 -1.84805912901e-12 1.36717572875)
(-0.0489845129863 -2.2647100163e-11 1.58413854815)
(-1.1450316549 1.22730291694e-10 -4.38013237753)
(-0.0392741953952 1.781051192e-11 -1.75032966641)
(0.990807158936 -6.19385995984e-12 -0.834554185326)
(1.69857886586 -4.14592906076e-12 -0.608586777311)
(2.03057650162 -6.602659038e-12 -0.427553906597)
(1.94909922471 -2.08816139148e-11 0.352828193707)
(1.82380788805 -1.5417899451e-11 0.753427736536)
(1.64928963723 -1.20659042652e-11 1.03446833961)
(1.49151959438 -1.73912236541e-11 1.13481473864)
(1.28944085251 -2.09279129344e-11 1.20603169246)
(1.14001899916 -1.25153872019e-11 1.24771332749)
(0.95344951278 -1.14708102838e-11 1.28374290463)
(0.829916504814 -8.61109715394e-12 1.32222359188)
(0.655899048546 -2.13973701507e-12 1.35435514487)
(0.576721215941 2.65992951949e-13 1.38231563312)
(0.395652762373 -2.06360867797e-12 1.39681554239)
(0.380170460456 -3.11096781608e-13 1.41055000018)
(0.159023836188 6.55782572653e-12 1.37503959682)
(0.254453184869 -1.56742347962e-12 1.3050432717)
(-0.25456364088 -1.54097343484e-11 3.33641856472)
(-0.849189838188 1.34412719031e-11 -3.1529247218)
(-0.298750618122 -8.11711837222e-11 -2.43065961718)
(0.559876552102 -1.96127474299e-12 -1.75538712533)
(1.63093803557 1.39683531782e-12 -1.43432975636)
(2.09778459912 -4.84797030677e-12 -1.21419192991)
(2.09910438328 -1.76613174011e-11 -0.0592440394714)
(2.0035000225 -1.31000135385e-11 0.577988195904)
(1.82429472155 4.20835151786e-13 0.982250116389)
(1.64039433428 -1.69339330662e-11 1.1036467202)
(1.42904127035 -2.02680691113e-11 1.18611712356)
(1.25955655173 -1.35962222444e-11 1.21709596569)
(1.05814991255 -1.6571318865e-11 1.24866644327)
(0.916212050966 -9.682620279e-12 1.27972678839)
(0.724071033483 -6.53183044305e-12 1.30780738682)
(0.62844586569 -6.26257384209e-14 1.33624953481)
(0.432697395707 -1.94109779967e-12 1.34651897631)
(0.399842448768 -3.54076409624e-13 1.3633506403)
(0.167173210792 6.16306528827e-12 1.31541887314)
(0.226475388859 -1.35288090387e-12 1.25118363653)
(-0.254525256657 -2.91532981543e-11 4.81555133363)
(-0.646495836639 -1.45366813654e-10 -2.30121165592)
(-0.215056278347 -2.43833075761e-11 -2.93852028147)
(0.445402318309 1.08095095374e-11 -2.97883040428)
(1.31681911407 8.98660888698e-12 -2.87756240429)
(1.87557343271 -5.11400912202e-12 -2.4271789723)
(2.10941945898 -3.99073278902e-11 -0.684893029703)
(2.06343214694 -1.29881762964e-11 0.392305768476)
(1.93065075666 -1.37663497435e-12 0.932287330618)
(1.75419243716 -1.57195152665e-11 1.09006809327)
(1.55065696295 -1.83844249027e-11 1.17877698498)
(1.37029394074 -8.79392530293e-12 1.19981890378)
(1.16080058796 -1.60525931958e-11 1.22432499433)
(1.00175457166 -1.06883661105e-11 1.24567567969)
(0.793728927904 -7.48762938721e-12 1.26734027865)
(0.680311589531 2.19288710485e-12 1.29524464597)
(0.470398146157 -1.84098176441e-12 1.30081582078)
(0.4175358359 -3.92322075974e-13 1.32091488408)
(0.175230195311 2.30394103552e-12 1.26318010943)
(0.199305778267 -1.397636998e-12 1.20451261954)
(-0.173149597435 -1.57253223224e-11 5.99814998217)
(-0.505488355154 -2.58906975779e-11 -1.85519697284)
(-0.105443139316 1.25474223133e-10 -3.5607733815)
(0.402910844325 3.68864138148e-11 -4.08145464322)
(1.03931453565 1.69426183508e-11 -4.26140026379)
(1.47234262269 -6.79199409735e-12 -3.80062505503)
(1.93947573262 -3.47291766764e-11 -1.72223502022)
(2.0115422556 -1.44239553256e-11 0.0168251967495)
(1.93944508536 -1.91091941914e-11 0.825917908966)
(1.81446399898 -1.5095565605e-11 1.06268433802)
(1.63905390703 -1.66316138627e-11 1.17058751555)
(1.46384799685 -1.54081476853e-11 1.18906885881)
(1.25703955846 -1.57195518864e-11 1.20702652621)
(1.08560535376 -1.12918015881e-11 1.21880209762)
(0.865563409907 -8.25361223155e-12 1.23276450002)
(0.73387399657 1.41684382837e-12 1.25975758643)
(0.510232249341 -6.44298460724e-12 1.26036715213)
(0.434809305754 -5.76807431701e-13 1.28391839897)
(0.184039557421 1.6170884992e-12 1.2179379645)
(0.173805013804 -4.26571421214e-12 1.16377330174)
(-0.0376733343045 1.7250904063e-12 6.95343356556)
(-0.380069658757 4.33563405052e-11 -1.57354691262)
(-0.0729906407379 3.19436410602e-10 -4.21257123081)
(0.289567527893 8.56256499991e-11 -5.0719558841)
(0.705586327381 2.50047494957e-11 -5.36656691325)
(0.926377888661 -1.35640888e-11 -4.96258870808)
(1.53843217861 -6.34422219861e-11 -2.98344583809)
(1.88543603598 -1.87260578545e-11 -0.660324982744)
(1.8868154188 -1.93683865763e-11 0.608324227802)
(1.81569019811 -1.51547293191e-11 0.990072585264)
(1.69267392633 -2.33049770557e-11 1.14252354259)
(1.53963676874 -1.56923179275e-11 1.17536638416)
(1.34735321697 -1.52279978723e-11 1.19177602804)
(1.16968121753 -1.17410466499e-11 1.19788120002)
(0.942109503179 -1.49564243965e-11 1.20456494838)
(0.791816917931 5.76798236062e-12 1.23062133064)
(0.554309130087 -6.19294110077e-12 1.22635172661)
(0.453302403489 -8.24186086394e-13 1.25331976857)
(0.194050977209 8.04882529188e-13 1.17972668728)
(0.150360106309 -4.45352038932e-12 1.1283546407)
(0.109553790243 1.24213137831e-10 7.71660206459)
(-0.273457660567 1.07001353423e-10 -1.28553121881)
(-0.116726578168 3.30887030778e-10 -4.7180911505)
(0.0931303433887 2.03202930834e-10 -5.81891626274)
(0.317361319718 3.92250872879e-11 -6.16327795744)
(0.504180782922 -1.81790388736e-11 -5.8100156795)
(0.9331836851 -5.25614551831e-11 -4.25584332364)
(1.64020152739 1.58224083917e-11 -1.60288627296)
(1.81129884926 -4.13177938854e-11 0.124912409083)
(1.76202391006 -1.76130733585e-11 0.8064012613)
(1.71023788762 -2.24690735116e-11 1.06748108687)
(1.59896112875 -1.66185066939e-11 1.13844360171)
(1.43212032696 -1.94711020212e-11 1.16750573178)
(1.25532110861 -1.24193174214e-11 1.17668973811)
(1.02423234425 -1.79283351153e-11 1.18168059498)
(0.855520847353 4.01367196359e-12 1.2082675198)
(0.603906350567 -5.80504545187e-12 1.20032002102)
(0.473869527981 -1.09452156753e-12 1.23059229724)
(0.20544279781 2.25300423857e-13 1.14983814303)
(0.128560740486 -1.86496379945e-12 1.09814418179)
(0.257491261148 8.17339333882e-11 8.26585300846)
(-0.168844304795 1.31187734516e-10 -0.841735092719)
(-0.269216133306 2.70495764074e-10 -4.90306183726)
(-0.187840432536 2.40041497153e-10 -6.21008511208)
(-0.12507353703 4.85889290628e-11 -6.59850520119)
(0.0295740013535 -2.98080527502e-11 -6.34206989557)
(0.200012326043 -1.11329037048e-10 -5.258985869)
(1.04736979491 -7.55476078685e-12 -2.70741130382)
(1.65840399368 -3.97354188741e-11 -0.591410867602)
(1.75351710172 -2.08692478518e-11 0.479732155763)
(1.72773848689 -4.09208644816e-11 0.92827447383)
(1.65356909675 -1.91327663412e-11 1.06417955596)
(1.52093505252 -1.93216211449e-11 1.12723849371)
(1.34851859518 -9.53572403606e-12 1.15298238177)
(1.11569404331 -1.71110509087e-11 1.164648516)
(0.926479296282 2.00975037823e-12 1.1951514528)
(0.659651788225 -5.08890328121e-12 1.18505881154)
(0.496727991514 -1.31585193816e-12 1.21821843371)
(0.21746396249 -1.75389566799e-13 1.1313921635)
(0.107434735772 -1.60403931055e-12 1.07307378784)
(0.374214000038 -1.9201758734e-11 8.61020143877)
(-0.0613360906244 1.39471124204e-10 -0.0786723597048)
(-0.383339489822 3.35586631594e-10 -4.61978682732)
(-0.4632866498 2.58708359643e-10 -6.1548217957)
(-0.529958122015 5.48394547977e-11 -6.63951599735)
(-0.451866771692 -3.02709397795e-11 -6.52732404098)
(-0.420620580755 -6.91334856946e-11 -5.83335164938)
(0.30048587639 -1.73254252292e-11 -3.85253073978)
(1.36223288114 -4.09161925286e-11 -1.5062487553)
(1.74348329116 -2.36776195994e-11 -0.0275457780975)
(1.7547839989 -3.87604750812e-11 0.664015042707)
(1.71148485085 -2.12151793472e-11 0.950508003794)
(1.62010335499 -1.94440351059e-11 1.05594779726)
(1.45134849091 -1.04324351104e-11 1.12313562039)
(1.21554620277 -1.5777663592e-11 1.15299486634)
(1.00319966402 -1.73979744131e-13 1.19300206491)
(0.719586825248 -4.3352586475e-12 1.18416396192)
(0.521037444856 -1.46312269302e-12 1.21931074311)
(0.228573540197 -4.97724368299e-13 1.12885902657)
(0.0880726908136 -1.14461103605e-12 1.05665460157)
(0.402310954881 1.10919254317e-10 8.91271768468)
(-0.026858016802 5.66488737787e-11 0.84386776495)
(-0.507375964266 1.49502865269e-10 -3.89527857235)
(-0.73515655663 1.71492556546e-10 -5.67457536261)
(-0.912268995325 4.64174051889e-11 -6.32726966291)
(-0.930048903467 -3.51610870074e-11 -6.43538344384)
(-0.772397556594 -5.44074629497e-11 -6.06502753244)
(-0.599403514844 -2.93509444505e-11 -4.97269097446)
(0.669682266868 -7.28034453677e-11 -2.60574251799)
(1.66477526509 -2.75461769513e-11 -0.825582509212)
(1.84898056018 -3.70292240347e-11 0.244085648157)
(1.81245046007 -3.01113212911e-11 0.754267891364)
(1.73339964225 -1.52337849349e-11 0.96381556152)
(1.57723282569 -1.08483501912e-11 1.08941715464)
(1.32720957228 -1.41391966297e-11 1.15366950672)
(1.08609146771 -2.08280415093e-12 1.20708911883)
(0.782290525951 -3.75026087044e-12 1.20305365186)
(0.545941658888 -1.54426995986e-12 1.23717833772)
(0.238306395267 -8.80830104371e-13 1.1446949104)
(0.0606612485624 -9.75262660024e-13 1.05049483999)
(0.350368870302 5.8652761446e-12 9.19290187404)
(-0.0769281738558 1.78530654365e-10 1.80286688262)
(-0.592760775882 1.78666583524e-10 -2.83679110689)
(-0.950937283836 1.35221135787e-10 -4.82437124443)
(-1.20574785937 1.99786761788e-11 -5.71381236367)
(-1.28798820022 -9.82506462387e-11 -6.09397040267)
(-1.21831016073 -5.08971911358e-11 -6.06814560938)
(-0.904480340293 -3.49388902171e-11 -5.58090106547)
(-0.312847712824 -5.66013600586e-11 -3.97224326287)
(1.22432050883 -2.89179924928e-11 -1.81739108915)
(1.95415512788 -3.39060611561e-11 -0.361170772024)
(1.96911879224 -2.96405764583e-11 0.517210748286)
(1.89487037442 -1.64225915791e-11 0.859246188236)
(1.719453042 -1.15104952636e-11 1.0649931952)
(1.44771669506 -1.86438900948e-11 1.17220279378)
(1.16952750857 -4.10723021236e-12 1.24313733121)
(0.842424455418 -3.43992358316e-12 1.24699683893)
(0.567924598559 -1.61724584982e-12 1.27410011885)
(0.244921193955 -4.50113119416e-12 1.18142790441)
(0.0258765654163 -3.75867636972e-12 1.0492356192)
(0.291505539305 3.1064714335e-11 9.44920399727)
(-0.123459705438 6.47400054809e-11 2.82776783017)
(-0.657826482269 2.15091565908e-10 -1.54374610796)
(-1.08849325492 1.18905992877e-10 -3.7024719539)
(-1.37770149598 2.22566263391e-11 -4.88700566572)
(-1.48743199731 -4.28784514408e-11 -5.61043922127)
(-1.41896835199 -3.89108334699e-11 -5.98872886584)
(-1.06857068693 -3.04016979096e-11 -5.94803301241)
(-0.784585494725 -3.80494169042e-11 -5.22941757558)
(0.53493148126 -2.72169948144e-11 -3.14796628403)
(1.95491842609 -2.96350971466e-11 -1.31357207992)
(2.14994088817 -2.79675912335e-11 0.141260613746)
(2.04686386434 -1.1925451336e-11 0.733322746952)
(1.88126433218 -1.12663452778e-11 1.05829202623)
(1.57211234348 -1.63198435789e-11 1.22770021199)
(1.25308171316 -5.7039818525e-12 1.31181957458)
(0.895870249644 -3.28923654136e-12 1.3226138594)
(0.584519990259 -1.65878282481e-12 1.33337243564)
(0.245209461387 -4.86480420057e-12 1.24032116232)
(-0.0101239870228 -4.12651944317e-12 1.05522205582)
(0.256564517631 4.8267939823e-11 9.72438133792)
(-0.139742524982 1.11895770898e-10 3.93827974574)
(-0.660541548695 2.17895221783e-10 -0.0833301249789)
(-1.09711175421 1.12302608962e-10 -2.39134743007)
(-1.35984590006 3.08097370314e-11 -3.89286439936)
(-1.43004548466 -1.97358890047e-11 -5.02007644199)
(-1.31553572235 -2.90312177249e-11 -5.85864956691)
(-0.968158167085 -1.67343079365e-11 -6.28369654538)
(-0.500816055492 9.55458072865e-12 -6.06859481722)
(0.091846629049 -1.65156027606e-11 -4.72514623837)
(1.62510699507 -2.44031890419e-11 -2.54226872734)
(2.25933894081 -3.45310185477e-11 -0.489340329486)
(2.22082530189 -1.47871316231e-11 0.676558884971)
(2.04890615441 -1.12397493751e-11 1.12475982274)
(1.69211581123 -1.44122038338e-11 1.34760190791)
(1.32008437181 -1.12644346835e-11 1.42772405284)
(0.932056438645 2.92032472458e-13 1.4341059582)
(0.589111633172 -1.40346332377e-12 1.41778925738)
(0.238653271357 -5.14084198792e-12 1.3180208972)
(-0.0395819740724 -4.48695584421e-12 1.07049855237)
(0.384581692785 -6.40987866896e-12 9.88553105192)
(0.0910207722 1.49256743818e-10 4.9874737456)
(-0.331088892891 1.04143287479e-10 1.23047351464)
(-0.643134958287 9.35687921124e-11 -1.26685637818)
(-0.751591146168 4.03054549883e-11 -3.15331157553)
(-0.67360926495 -7.08212938229e-12 -4.77599005564)
(-0.437349516182 -6.13169812854e-11 -6.14089440409)
(-0.0652555041284 -2.3029928485e-11 -6.99823868444)
(0.35392920825 -3.82248461687e-11 -7.02395122567)
(0.863843560323 -1.88235592138e-11 -6.09575870666)
(1.60934350152 -3.61731742367e-11 -4.09793841576)
(2.22845014842 -1.78937864441e-11 -1.44664431615)
(2.29518897887 -1.43696282534e-11 0.629700832378)
(2.11050239577 -1.10435341693e-11 1.26844731739)
(1.75629958208 -1.2617330509e-11 1.55736118138)
(1.3515462793 -1.51844178782e-11 1.59894661325)
(0.938991824305 2.69194786524e-12 1.58331723554)
(0.574708193119 -8.82832645033e-13 1.52803760253)
(0.222924819211 -4.96412985473e-12 1.40831197)
(-0.0636116960258 -4.49533419536e-12 1.08742103683)
(0.74110786082 3.14910049337e-11 9.26241259124)
(0.679827571972 9.0278832875e-11 5.09555650465)
(0.559417374653 9.56008467065e-11 1.69415177392)
(0.581286824769 7.95866009818e-11 -0.943986506098)
(0.842382174917 4.81294583093e-11 -3.23938577718)
(1.26937199936 2.39891151165e-11 -5.40491359662)
(1.72296048213 3.22235743349e-12 -7.31111021889)
(2.14297875701 -1.03039865305e-12 -8.5646290968)
(2.39840092863 -5.14261225286e-12 -8.66617735512)
(2.48623007362 -5.91296524203e-12 -7.66565570444)
(2.16427610793 1.84821520859e-12 -5.57349021685)
(2.22717709833 -1.19559304692e-11 -2.49217770502)
(2.2159942982 -1.31246456684e-11 0.516497071986)
(2.06045132632 -1.05499013405e-11 1.60052362006)
(1.74350869509 -1.0989351899e-11 1.87571443081)
(1.30831515171 -1.39875988457e-11 1.83734153589)
(0.900256145505 1.48487314223e-12 1.76433107834)
(0.528616606347 -3.90028621292e-13 1.65903612262)
(0.192497145044 -1.75819684778e-12 1.50090062358)
(-0.0856299223509 -4.18927904515e-12 1.10005024087)
(1.62374287752 2.90558700267e-11 7.03497349574)
(2.27593668821 8.7284144019e-12 3.52599116474)
(2.97796416642 4.07993505322e-11 0.0645805257237)
(3.57447733146 4.31335716683e-11 -3.34370539371)
(4.02360279276 3.8182961065e-11 -6.61230369962)
(4.30834903967 5.83456957894e-11 -9.18805128785)
(4.37878308353 3.16248495021e-11 -10.6925544515)
(4.54048447112 1.89504557046e-11 -10.998033793)
(4.59132539324 1.18294924201e-11 -10.2649368993)
(4.47164536633 6.40385412697e-12 -8.94259278631)
(3.60128001884 2.08782249487e-12 -6.42654618884)
(2.39961809095 -6.04348733819e-12 -3.35484101887)
(1.97266650308 -1.09714899971e-11 0.606163823238)
(1.83007845959 -9.65290768807e-12 2.02493817208)
(1.53221302837 -9.54423373827e-12 2.2540316846)
(1.15654114208 -1.24658240186e-11 2.1015159912)
(0.791293117267 3.97023035709e-12 1.95484712579)
(0.440177142383 2.47859367715e-13 1.79742926444)
(0.141911123845 -1.20897662026e-12 1.58177568856)
(-0.111806588727 -3.83896529265e-12 1.10162536744)
(3.12350540237 -3.64842790714e-12 -1.1450034784)
(3.87185949126 -3.92128235163e-11 -4.7002920017)
(4.34662329596 -6.78681679049e-12 -7.92225469282)
(4.58426121091 3.10124028382e-12 -10.3107082725)
(5.1139733778 6.20323533178e-12 -11.5429821742)
(5.82370394923 8.51786736536e-12 -11.7708921287)
(6.14615154269 1.477406181e-11 -11.2814212542)
(6.14690913379 1.7310343204e-11 -10.3014256238)
(5.57608442386 1.42263203287e-11 -9.03093371301)
(5.14141533996 8.81188903868e-12 -7.78762110876)
(3.65972154334 5.32711992311e-12 -5.80349361871)
(1.86431996056 -2.48547835307e-12 -2.73444305008)
(1.47348978856 -9.16413707127e-12 1.46155017442)
(1.36489904664 -8.53051442328e-12 2.65792492123)
(1.21398679299 -8.19767279819e-12 2.67332465668)
(0.891121450899 -1.06729231414e-11 2.37118247517)
(0.620015395192 3.21092084855e-12 2.12893633425)
(0.30237246145 6.9659888297e-13 1.92616584378)
(0.0688568975203 -6.31666460554e-13 1.64282325561)
(-0.146332360045 -3.61240233226e-12 1.08105378521)
(2.49702201601 -7.66980168538e-11 -11.5620747846)
(3.72569009939 -2.95400986002e-11 -12.0399830851)
(4.78154928249 2.44906842418e-11 -11.9847407209)
(5.29970376752 1.08684285143e-11 -11.3369086921)
(5.13286745664 9.8000690152e-12 -10.3087854326)
(4.7190565925 1.40666555008e-11 -9.39577639406)
(4.27055605158 3.84206416491e-11 -8.74859000153)
(3.97742183041 4.76987486509e-11 -8.29455255477)
(3.45969091843 3.23515008984e-11 -7.79837706705)
(3.10976064193 3.46699551838e-12 -7.0414844335)
(2.22804446449 3.3976811839e-12 -5.65640782847)
(1.05911253049 -2.21901755071e-12 -2.04833774179)
(0.76190596641 -8.05489385721e-12 1.89110758311)
(0.692572001082 -7.28218772446e-12 2.98777131095)
(0.661334979939 -2.13754965735e-12 2.81748173815)
(0.490668870563 -4.90701012676e-12 2.52296850744)
(0.366802596283 3.24237546391e-13 2.23102910549)
(0.119621741057 7.97463998137e-13 2.01332627107)
(-0.025410906449 -4.4419203997e-13 1.68507191626)
(-0.183495389892 -8.37041505315e-12 1.02083022837)
(1.0503069631 2.62225538623e-11 -10.1354371253)
(1.10164041765 -1.91343089234e-12 -10.040735829)
(1.11023464741 -8.85985672638e-13 -10.0746618554)
(1.13356893403 -4.84657379302e-12 -10.1612691363)
(1.22471567517 -5.51241196378e-13 -10.1822592175)
(1.45538915028 1.08099246411e-11 -10.0019069095)
(1.45523334123 4.28115872422e-11 -9.58608958473)
(1.41805536309 3.09999853238e-11 -9.01496652052)
(1.19904630805 2.45822176639e-11 -8.3857342421)
(1.09885635701 4.09296822461e-12 -7.36910699768)
(0.486716118817 2.08823737878e-12 -5.75976983795)
(-0.0234469336545 -2.94883677881e-12 -1.78217988934)
(0.137835449198 -7.32374365802e-12 1.84608569796)
(0.215575397541 -6.05973962534e-12 2.76287298616)
(0.250177304228 -1.5600155971e-12 2.70064542039)
(0.171065892993 -3.2533537447e-12 2.50453318941)
(0.11906001815 5.47983408338e-13 2.25027923494)
(-0.0655669201511 7.75318201659e-13 2.04485266083)
(-0.125462130955 -5.6779224668e-13 1.70364757903)
(-0.22761648136 -8.25497777532e-12 0.911532156178)
(0.386851507914 9.19409495085e-11 -11.5608392311)
(0.493077115364 -6.46192133472e-12 -11.3403943251)
(0.528591538721 1.32141461361e-11 -11.0547088797)
(0.54511780618 -1.12062771097e-11 -10.6935304533)
(0.447411979116 -4.81877820229e-12 -10.2266682613)
(0.334669204686 2.711304534e-12 -9.69276245226)
(0.0599115360893 7.88262170242e-12 -9.18553131861)
(-0.112904782523 -1.12420305593e-11 -8.72486688506)
(-0.253995203393 1.66034964936e-11 -8.28398546285)
(-0.355300490099 -3.48088071315e-11 -7.38943904244)
(-0.771794793242 -4.4539533505e-12 -5.52157317602)
(-0.912272278209 -4.41300697337e-12 -1.5762609647)
(-0.523759317198 -6.48158897581e-12 1.70251523911)
(-0.231349886316 -4.89899014571e-12 2.51583899234)
(-0.107207932888 -8.55563845382e-13 2.56630019705)
(-0.130893856936 -1.77838884813e-12 2.42251189764)
(-0.103361844713 5.47639340981e-13 2.21938137763)
(-0.236836073882 6.71748160829e-13 2.03464685523)
(-0.220223952982 -8.33125212213e-13 1.68824132498)
(-0.270445514131 -8.34921809514e-12 0.750543750779)
(0.00271404589258 1.38705128204e-10 -11.4013032212)
(-0.0117545842229 8.61734652222e-11 -11.0813260031)
(-0.0783658326935 6.87384967276e-11 -10.6900339869)
(-0.156420184822 -1.76353897892e-11 -10.2060222288)
(-0.317915815912 -2.61753554541e-12 -9.63540282677)
(-0.444928347943 8.67752645538e-12 -9.05298237898)
(-0.647380683948 2.23760683972e-11 -8.55806473862)
(-0.789418787848 -4.16020383489e-12 -8.1940508165)
(-0.962751943405 -7.11636516724e-12 -7.90669824419)
(-1.17620968244 -2.09167596199e-11 -7.29619438845)
(-1.45628349778 -9.96899810225e-12 -5.47125381582)
(-1.42170478992 -2.1672841559e-11 -1.80048290105)
(-0.886882976724 -6.22021868732e-12 1.40469323825)
(-0.574763183255 -4.10057503802e-12 2.24416921093)
(-0.403095394685 -5.06017774488e-12 2.388883718)
(-0.379589651296 -4.53228847575e-12 2.30769170706)
(-0.293022970329 4.11587282335e-13 2.15089362941)
(-0.383068751562 5.3553532651e-13 1.9874216806)
(-0.305874425779 -1.09337612485e-12 1.63772399608)
(-0.30351768525 -7.82798425874e-12 0.533885978324)
(-0.0600371383774 3.17185223654e-11 -11.2419373593)
(-0.097938151254 8.6344273977e-11 -10.8256086022)
(-0.167481454443 3.76479884069e-11 -10.3096216022)
(-0.239362594463 4.79607222746e-11 -9.71035128903)
(-0.361863382413 6.68611423496e-12 -9.06898861802)
(-0.439135696183 -4.03562228823e-13 -8.39551584204)
(-0.616768990275 -2.06328683486e-12 -7.79744354827)
(-0.747958444722 -1.00732636471e-11 -7.34113238009)
(-0.969012806401 -1.40021695376e-11 -7.05603533542)
(-1.31060918384 -1.98632290769e-11 -6.64123574688)
(-1.70014523301 -1.22543127776e-11 -5.11228810268)
(-1.71175241059 -1.62854395616e-11 -1.71195461258)
(-1.18440217424 -6.09634389949e-12 1.15799323335)
(-0.887360574356 -3.656362812e-12 2.00500821949)
(-0.652122434583 -4.37262541342e-12 2.19779064119)
(-0.590785862599 -4.09318330233e-12 2.16703440188)
(-0.45014323801 3.5117335749e-13 2.0504790523)
(-0.496678304861 3.9759938655e-13 1.89958033204)
(-0.377181857218 -1.27598446983e-12 1.55426943812)
(-0.319221601805 -6.84449306556e-12 0.257399110647)
(-0.0976479641903 1.01667692632e-11 -10.8789872535)
(-0.146602581559 -1.25420392361e-11 -10.4149898273)
(-0.206173484699 -1.83989634548e-11 -9.88701577225)
(-0.265638556736 -1.63520812141e-11 -9.29819440238)
(-0.342534333389 -8.95544676102e-12 -8.6484685988)
(-0.40091245146 -7.73237105761e-12 -7.93466562378)
(-0.526376350276 -8.54285941839e-12 -7.24436775951)
(-0.612715530482 -1.21181337037e-11 -6.6083746705)
(-0.837268024037 -1.50155810282e-11 -6.17543198038)
(-1.17896908696 -1.79430956628e-11 -5.72415286567)
(-1.7295621974 -1.30281995726e-11 -4.52310633835)
(-1.82501449015 -1.4983604782e-11 -1.37636096793)
(-1.37888780814 -5.91424170185e-12 0.942028382141)
(-1.09223117447 -3.43256349965e-12 1.78080714092)
(-0.847040117249 -4.33722138796e-12 1.98233785181)
(-0.7410150403 -4.00596362046e-12 2.0015550172)
(-0.575666401076 3.44306320856e-13 1.91987221286)
(-0.568833047474 2.73523077036e-13 1.77364229135)
(-0.433232871102 -1.36656706595e-12 1.42625707428)
(-0.30433891937 -5.71623588598e-12 -0.0752534093173)
(-0.0937081389835 1.00097699443e-10 -10.6044563294)
(-0.133298218882 7.9961122821e-12 -10.1394894732)
(-0.17679628783 -3.5397991328e-11 -9.60205697628)
(-0.227187166124 -5.93293723005e-11 -9.00712183951)
(-0.285929039754 -1.92006464595e-11 -8.34893179897)
(-0.34861049518 -1.15283820718e-11 -7.60715160499)
(-0.441742747418 -1.12593450435e-11 -6.81931559589)
(-0.538127726798 -1.26674121712e-11 -6.02404120822)
(-0.760053689605 -1.450964538e-11 -5.35602528295)
(-1.05954622181 -1.47715193507e-11 -4.70309948233)
(-1.68600399911 -1.18459482718e-11 -3.62611785994)
(-1.79885491111 -1.19734349013e-11 -0.921008260159)
(-1.47471106281 1.0929606595e-12 0.821585629615)
(-0.144521370991 -7.11961452864e-13 0.202549952001)
(-0.482095457517 -1.13329347932e-12 -0.59441097743)
(0.182330747942 -1.82765465235e-12 0.319037097137)
(-0.0298056643366 -1.6413177577e-12 -0.720941106017)
(0.288544493764 -2.17617378399e-12 0.397148062685)
(0.130880812252 -1.8820501229e-12 -0.527033715647)
(0.268379605773 -2.21223694774e-12 0.440242627436)
(0.126200530498 -1.90309657419e-12 -0.397152130061)
(0.238615877336 -2.10455732319e-12 0.468399800954)
(0.121890895012 -1.84321773754e-12 -0.252024726624)
(0.20045678239 -1.9485111785e-12 0.50338963652)
(0.103381318348 -1.75178798772e-12 -0.132322915769)
(0.162252935168 -1.79342176698e-12 0.516359764478)
(0.0855502356881 -1.64680347655e-12 -0.0609827751513)
(0.128115395835 -1.65825814478e-12 0.51444472155)
(0.0697837990037 -1.53857397814e-12 -0.0251370490827)
(0.0972594680731 -1.59421129881e-12 0.494333669349)
(0.0557539508619 -1.45187769365e-12 -0.0247585933836)
(0.0704367643349 -1.95191658634e-12 0.458499412463)
(0.0444404049876 -1.46998414871e-12 -0.0550054913122)
(0.0444847784668 -2.24897301757e-12 0.406895433261)
(0.033426157041 -1.52120389173e-12 -0.115495445286)
(0.0179702311711 -2.09305836416e-12 0.341106837719)
(0.0236257572083 -1.47119816106e-12 -0.203910024218)
(-0.00891586680026 -1.7903035991e-12 0.267207285724)
(0.019065620265 -1.31471157368e-12 -0.322690965412)
(-0.0408627330672 -1.44549590514e-12 0.175895518258)
(0.0148541334623 -1.10360430278e-12 -0.475840157611)
(-0.0565489169089 -1.18104808467e-12 0.0639138407318)
(0.000505640811349 -9.07813425172e-13 -0.686593865841)
(-0.071304988913 -1.24466702871e-12 -0.0886542759715)
(-0.0281842048261 -8.30056544942e-13 -0.937256390041)
(-0.086227629247 -1.42642167876e-12 -0.284484193445)
(-0.0320479638832 -9.21134757998e-13 -1.21956772467)
(-0.095794229538 -1.73100692638e-12 -0.533403677946)
(-0.0314143062927 -1.22952651055e-12 -1.53426085298)
(-0.0990658194959 -2.21221307529e-12 -0.836226351567)
(-0.029385751958 -1.76586743332e-12 -1.88321755516)
(-0.0984372939778 -2.92557395887e-12 -1.1783281503)
(-0.0247326589506 -2.54498158742e-12 -2.25372280794)
(-0.0994091455687 -7.85186535003e-12 -1.55551473553)
(-0.0190215161366 -7.6099758052e-12 -2.63841551667)
(-0.112631090204 -5.57034601902e-12 -1.95854497114)
(-0.015031907311 -4.48074292025e-12 -3.03312663102)
(-0.133787572539 8.9548164407e-13 -2.40376504668)
(-0.0190721833084 3.29705022027e-12 -3.46116071085)
(-0.149823180767 1.1093477668e-12 -2.90188022296)
(-0.0213396466131 2.96999631459e-12 -3.9433095716)
(-0.154288384663 8.1023049043e-13 -3.43669820841)
(-0.0268421432003 2.33787343013e-12 -4.47326353286)
(-0.138425241919 4.50041423961e-13 -3.98344967359)
(-0.0345517941746 1.87635564908e-12 -5.03198194324)
(-0.0922698073509 5.31427535426e-13 -4.49365908059)
(-0.0420591785168 1.96474727066e-12 -5.58158440912)
(-0.0175973303151 8.77932906499e-13 -4.90813980477)
(-0.0642108146266 2.33689184217e-12 -6.08152062936)
)
;

boundaryField
{
    inletfuel
    {
        type            fixedValue;
        value           uniform (0 0 60);
    }
    inletair
    {
        type            fixedValue;
        value           uniform (0 0 2);
    }
    outlet
    {
        type            zeroGradient;
    }
    axis
    {
        type            empty;
    }
    leftside
    {
        type            fixedValue;
        value           uniform (0 0 0);
    }
    burnerwall
    {
        type            fixedValue;
        value           uniform (0 0 0);
    }
    front
    {
        type            wedge;
    }
    back
    {
        type            wedge;
    }
    procBoundary0to1
    {
        type            processor;
        value           nonuniform List<vector> 
27
(
(-0.0127040543673 -8.29696731115e-12 -10.7565238836)
(-0.0328035002771 -2.19855974537e-11 -10.8095158034)
(-0.0507972177708 -2.92143880038e-11 -10.7340267368)
(-0.0689716019324 -1.88877130695e-11 -10.5983728255)
(-1.19236607885 -2.49633846442e-12 1.56037151135)
(-0.97482934495 -4.57325591468e-13 1.76820378232)
(-0.833211154368 -3.50124438928e-12 1.81873188407)
(-0.668483920634 3.83078154239e-13 1.76694954345)
(-0.605052762017 1.52394339606e-13 1.61888390446)
(-0.474635190843 -1.49170619522e-12 1.2402368026)
(-0.25453669912 -4.6929131092e-12 -0.456040850315)
(-0.101045744259 1.97997145539e-12 -10.3147408278)
(-0.147010149365 3.7129700909e-11 -9.82658008134)
(-0.193786195457 -1.06780595327e-11 -9.27405299868)
(-0.249278858548 -2.78946797903e-11 -8.67329962964)
(-0.319768711412 -1.50456803678e-11 -8.00420791613)
(-0.406720308976 -1.22220307061e-11 -7.24044779275)
(-0.506522714799 -1.37069154725e-11 -6.38752444456)
(-0.622373388025 -1.74539861919e-11 -5.48384499959)
(-0.815219145618 -3.1308343262e-11 -4.61280448121)
(-1.08572363454 -1.12400941865e-11 -3.7459278177)
(-1.59896715703 -7.86980714103e-12 -2.63599356092)
(-1.66877658935 -1.31728183006e-12 -0.523100320477)
(-1.19236607885 -2.49633846442e-12 1.56037151135)
(-1.46020330447 -4.66612875778e-12 0.758692425325)
(0.0536706548961 1.01712290797e-12 -5.11821863559)
(-0.0837376958236 2.59143161069e-12 -6.47095953964)
)
;
    }
}


// ************************************************************************* //
