/*--------------------------------*- C++ -*----------------------------------*\
  =========                 |
  \\      /  F ield         | OpenFOAM: The Open Source CFD Toolbox
   \\    /   O peration     | Website:  https://openfoam.org
    \\  /    A nd           | Version:  7
     \\/     M anipulation  |
\*---------------------------------------------------------------------------*/
FoamFile
{
    version     2.0;
    format      ascii;
    class       volVectorField;
    location    "0.02";
    object      U;
}
// * * * * * * * * * * * * * * * * * * * * * * * * * * * * * * * * * * * * * //

dimensions      [0 1 -1 0 0 0 0];

internalField   nonuniform List<vector> 
815
(
(-0.0127040543673 -8.29696731115e-12 -10.7565238836)
(-0.0328035002771 -2.19855974537e-11 -10.8095158034)
(-0.0507972177708 -2.92143880038e-11 -10.7340267368)
(-0.0141300463876 -4.04351473873e-11 -10.4363472694)
(-0.0371421137825 -1.01650141564e-10 -10.4915436655)
(-0.0580279747634 -1.64446107936e-10 -10.4133543166)
(-0.0162596309662 -1.17204224513e-10 -10.027426392)
(-0.0426716985585 -1.02448116258e-10 -10.0809155163)
(-0.067505097886 -1.07855963114e-10 -9.99609251648)
(-0.0192221668425 -9.28360465661e-11 -9.50142897807)
(-0.0501404627916 -4.09723493873e-11 -9.55096594617)
(-0.0794434220691 -1.41753140151e-10 -9.45933262934)
(-0.0217889889062 -1.1836832878e-10 -8.85167367714)
(-0.0564159105968 -1.04025562549e-10 -8.8963865494)
(-0.0894911197985 -1.13624616177e-10 -8.79883521347)
(-0.023288334317 -1.76899696014e-11 -8.09886442084)
(-0.0601108954113 -4.80273586013e-11 -8.13912352615)
(-0.095348391319 -7.05410985122e-11 -8.03873370475)
(-0.0238636975867 -1.02967556209e-11 -7.27419101845)
(-0.0614395150293 -2.83298847458e-11 -7.3092397268)
(-0.0974869243133 -4.29183501382e-11 -7.2070817748)
(-0.023919240575 -4.15893916123e-12 -6.39220723973)
(-0.0612871226681 -1.17171767745e-11 -6.42393815141)
(-0.0971483334321 -2.37461798589e-11 -6.32477609719)
(-0.023269847289 3.29637958627e-11 -5.48473783985)
(-0.0596520538914 9.87819742842e-11 -5.51133322746)
(-0.0947033419345 2.4271948318e-11 -5.41565057223)
(-0.0225858038 7.49743664997e-12 -4.55552108507)
(-0.0574622546734 1.33084152763e-11 -4.57984769547)
(-0.0910183790804 3.53937283469e-12 -4.49150388582)
(-0.0213591992946 9.03610809281e-11 -3.62456186696)
(-0.0542231885236 3.34666802282e-12 -3.6468368595)
(-0.0859496917466 -6.95708734495e-11 -3.56742043537)
(-0.0200250400231 -5.08258407938e-12 -2.70136910849)
(-0.0506760464026 -1.8199348541e-11 -2.723585823)
(-0.0802432939536 -3.64613815486e-11 -2.6556155999)
(-0.0181390274298 -8.19731356788e-12 -1.80244559676)
(-0.0459384695496 -2.33715296605e-11 -1.82572402537)
(-0.072740307896 -3.73631159036e-11 -1.77109879099)
(-0.0158214539508 -4.73327421944e-11 -0.943692668211)
(-0.0398621220148 -1.43642685114e-10 -0.96902053296)
(-0.0630969104583 -1.35297592149e-10 -0.928227642683)
(-0.0123598205217 -2.6621110821e-11 -0.141539660261)
(-0.0315285622039 -7.05272864818e-11 -0.16977986637)
(-0.0498913291924 -8.93815307583e-11 -0.142609133371)
(-0.00992116221116 3.14628076428e-12 0.561370366147)
(-0.025140507915 1.64264470588e-11 0.529752201555)
(-0.0396851490504 -6.17185454506e-11 0.544896849834)
(-0.00847541538845 -9.39023951497e-12 1.13470056021)
(-0.0214372140684 -2.8743006636e-11 1.10013936262)
(-0.0338728144709 -6.04027622083e-11 1.10585829663)
(-0.00701826909621 -1.05622674269e-11 1.59225950065)
(-0.017800028717 -3.0701879524e-11 1.55548605449)
(-0.0281930971367 -5.46273905679e-11 1.55438634995)
(-0.00581961568614 -9.31393963343e-12 1.96629510301)
(-0.0148411994678 -2.67203269711e-11 1.92825074003)
(-0.0235553056934 -4.58026174024e-11 1.92256521022)
(-0.00520575460123 4.2132910807e-11 2.28643950036)
(-0.0132805136534 1.30902168952e-10 2.24794939803)
(-0.0210350273252 8.58341283138e-11 2.23944147417)
(-0.00437610336346 4.89363324758e-11 2.58373180908)
(-0.0113369294163 1.38466777353e-10 2.54549158781)
(-0.0180414553353 5.82064510416e-11 2.53539725228)
(-0.00400112071089 1.65922813595e-11 2.88673767429)
(-0.0104193799833 4.0600008539e-11 2.84879585711)
(-0.0165666713067 2.90170999643e-11 2.83767941663)
(-0.00432837383823 6.90404760094e-12 3.19698044784)
(-0.0111659253797 1.70304873377e-11 3.15987658108)
(-0.0177083436949 1.44130836472e-11 3.14823399459)
(-0.00451727673081 2.71420694339e-12 3.52283515066)
(-0.0117081642795 6.73776770302e-12 3.48629660747)
(-0.0185834774586 5.95931806186e-12 3.47423269795)
(-0.0047007894703 8.46197852869e-13 3.88124474084)
(-0.0122943414894 2.1009966813e-12 3.84580146739)
(-0.019469731735 1.71751856499e-12 3.83364625155)
(-0.00452057756936 -8.44615495881e-11 4.27300274135)
(-0.0118380951743 -2.98917698886e-11 4.23874704526)
(-0.0187682285442 -1.5524220207e-12 4.22668423077)
(-0.00413103543743 -6.37215022075e-12 4.67945479632)
(-0.01076369055 -1.06576211625e-11 4.64626525906)
(-0.0170105122196 -9.29223948756e-12 4.6341558475)
(-0.00340099440169 4.69606311472e-11 5.05914079552)
(-0.00887092802265 -6.38071917541e-11 5.02686515156)
(-0.0139625639246 -4.26318394825e-11 5.01459617384)
(-0.00213432726173 -6.94758706004e-11 5.34881976289)
(-0.00569484371477 -3.18058851844e-11 5.31727557013)
(-0.00903768656116 1.00986893977e-11 5.30486719705)
(-0.0010099160617 1.09985067417e-11 5.5142891334)
(-0.00270928783486 4.13130213301e-11 5.4832544611)
(-0.00423769200847 -4.0841780608e-11 5.47112777818)
(-0.000277456605304 -3.54824933049e-11 5.56691212503)
(-0.000815074227078 9.4498506866e-11 5.53735189358)
(-0.00138085008167 8.74074453071e-11 5.52751271816)
(-0.0689716019324 -1.88877130695e-11 -10.5983728255)
(-0.0792058993167 -1.19969150071e-10 -10.2722316354)
(-0.0928143264445 -1.07773628775e-10 -9.84630307623)
(-0.109477317057 -1.27762062606e-10 -9.30047924065)
(-0.123091404112 -1.34030047328e-10 -8.63374526217)
(-0.13113659099 -8.44065057058e-11 -7.87142616519)
(-0.134021848291 -5.1996287243e-11 -7.04052669188)
(-0.133455571787 -3.12315890912e-11 -6.1638778452)
(-0.130074747586 -2.22697548404e-12 -5.26275462052)
(-0.124817366302 -6.45541040266e-12 -4.35101296191)
(-0.117915560394 -4.38997712016e-11 -3.44184306799)
(-0.109857041966 -4.24935354375e-11 -2.54801493267)
(-0.0993341680549 -4.46342650572e-11 -1.68318905671)
(-0.0861703134931 -9.79562305371e-11 -0.860344774947)
(-0.0676823927493 -9.0430054355e-11 -0.0937394922074)
(-0.0539923407055 -1.00348897057e-10 0.577428770141)
(-0.0459598867117 -8.7433458798e-11 1.12597478465)
(-0.0382672074618 -7.68394638592e-11 1.56579642177)
(-0.0320233725957 -6.37304614634e-11 1.92824129919)
(-0.0285845354582 1.34666220038e-12 2.24165186761)
(-0.0246438135521 -3.28312254632e-13 2.5356851787)
(-0.0226971100534 4.45633103175e-12 2.83674804281)
(-0.0242500988824 3.88716224421e-12 3.14671125855)
(-0.0254028817902 1.7478216613e-12 3.47229250686)
(-0.0265004095021 9.50821656046e-14 3.83158968996)
(-0.0256821762737 1.60931173301e-11 4.22470219944)
(-0.0233856660908 -1.21893104858e-11 4.63217455025)
(-0.0191298631286 -4.62554229312e-11 5.01252753381)
(-0.0123818409867 -2.371124882e-11 5.30272155485)
(-0.00576503653949 -2.91309890897e-11 5.46903816562)
(-0.00190610011617 4.7676451575e-11 5.52615861265)
(-1.19236607885 -2.49633846442e-12 1.56037151135)
(-0.97482934495 -4.57325591468e-13 1.76820378232)
(-0.833211154368 -3.50124438928e-12 1.81873188407)
(-0.668483920634 3.83078154239e-13 1.76694954345)
(-0.605052762017 1.52394339606e-13 1.61888390446)
(-0.474635190843 -1.49170619522e-12 1.2402368026)
(-0.25453669912 -4.6929131092e-12 -0.456040850315)
(-0.101045744259 1.97997145539e-12 -10.3147408278)
(-0.147010149365 3.7129700909e-11 -9.82658008134)
(-0.193786195457 -1.06780595327e-11 -9.27405299868)
(-0.249278858548 -2.78946797903e-11 -8.67329962964)
(-0.319768711412 -1.50456803678e-11 -8.00420791613)
(-0.406720308976 -1.22220307061e-11 -7.24044779275)
(-0.506522714799 -1.37069154725e-11 -6.38752444456)
(-0.622373388025 -1.74539861919e-11 -5.48384499959)
(-0.815219145618 -3.1308343262e-11 -4.61280448121)
(-1.08572363454 -1.12400941865e-11 -3.7459278177)
(-1.59896715703 -7.86980714103e-12 -2.63599356092)
(-1.66877658935 -1.31728183006e-12 -0.523100320477)
(-1.46020330447 -4.66612875778e-12 0.758692425325)
(-1.20032808304 -1.50112187856e-12 1.3592589741)
(-1.02363492197 3.24441702716e-12 1.56457189452)
(-0.87185226495 -2.63516043187e-12 1.63182543167)
(-0.728742596714 4.30030072768e-13 1.6039888748)
(-0.619119916043 -1.50486520603e-13 1.44619577988)
(-0.499099800621 -5.65461114701e-12 1.00804114023)
(-0.214983503785 -4.06374727003e-12 -0.885853454945)
(-0.117327910282 -8.82171181456e-11 -9.97843617788)
(-0.170519942138 -9.37143719803e-11 -9.46927074671)
(-0.22908676215 1.06227210905e-12 -8.88710130037)
(-0.300611542209 -4.43858212829e-11 -8.25419709262)
(-0.386302026554 -1.46888745845e-11 -7.55644751769)
(-0.490547698429 -1.14342796616e-11 -6.76531617165)
(-0.606150089584 -1.40847306206e-11 -5.86950310296)
(-0.742127052831 -1.73226245713e-11 -4.89754123013)
(-0.91994763675 -1.87554172339e-11 -3.90515387062)
(-1.16774813906 -5.46997027851e-12 -2.91059071648)
(-1.50237771727 6.91782366913e-12 -1.77262480166)
(-1.50679026715 1.54109389992e-13 -0.216028440134)
(-1.37216880961 -2.47160306724e-12 0.726270454187)
(-1.16108037907 -3.43344807272e-13 1.19923209202)
(-1.01825223518 3.57363892959e-12 1.38409298458)
(-0.868009039131 -1.74633422606e-12 1.45185152797)
(-0.760966167034 5.41581741304e-13 1.44207578532)
(-0.618642722391 -5.31150446926e-13 1.26638611178)
(-0.509881615059 -5.89013175335e-12 0.752790909339)
(-0.19215459243 -4.08668422158e-12 -1.34430639095)
(-0.138527332432 -1.10176275742e-10 -9.53593342361)
(-0.202560089285 -1.27167601426e-10 -8.99580048961)
(-0.273904014967 -2.55742372653e-11 -8.376250579)
(-0.359079658409 6.50768179089e-12 -7.70474492115)
(-0.460146566463 -6.12578555288e-12 -6.9755503508)
(-0.579087842229 -9.18664772202e-12 -6.16470825729)
(-0.708899529649 -1.61748748446e-11 -5.25415161997)
(-0.852439404803 -3.53395155499e-11 -4.26267243913)
(-1.01183367948 -1.54721434062e-11 -3.23301876526)
(-1.20879714345 -1.40887172192e-11 -2.20861107972)
(-1.38570879491 5.60415427295e-12 -1.12323072701)
(-1.35465120333 1.5555759706e-12 0.00727695391263)
(-1.25967257462 -1.57918759647e-12 0.701963397956)
(-1.09411112772 8.24680866818e-13 1.0725960591)
(-0.982678691956 4.13661328973e-12 1.23269154317)
(-0.83481200044 -6.09195996754e-13 1.28959076153)
(-0.767778770809 5.54376240312e-12 1.28949504424)
(-0.60662402339 -8.27740485794e-13 1.09109098314)
(-0.511543327948 -6.2234365261e-12 0.485762492449)
(-0.172411580552 -8.01725504616e-12 -1.81036005445)
(-0.16356982949 -1.26969661665e-10 -8.97425538926)
(-0.23812130733 -1.40579700823e-10 -8.40576528633)
(-0.319854694989 -4.42135704474e-11 -7.75234677482)
(-0.413964197865 -3.22602293045e-11 -7.04611951484)
(-0.523319635891 -4.11890062127e-12 -6.29112291821)
(-0.647056937965 5.75844775831e-13 -5.47075133469)
(-0.779907722626 1.26210103466e-11 -4.56917980347)
(-0.916847520189 -1.89260456406e-11 -3.59861187474)
(-1.0508957687 1.76335854275e-12 -2.59849682369)
(-1.1793436302 -1.77082985153e-11 -1.62195358518)
(-1.2580647235 1.30341594613e-11 -0.663525240428)
(-1.21955435413 -5.03502354044e-12 0.166467683925)
(-1.14127522399 -5.91548652025e-12 0.688518023581)
(-1.00715072376 2.20276467709e-12 0.975428827315)
(-0.928248885482 1.09030946755e-11 1.11194972295)
(-0.784658914048 6.86821819867e-13 1.15419096973)
(-0.754909284287 5.44508302724e-12 1.15301906194)
(-0.58664076862 -9.70937499708e-13 0.929378664444)
(-0.504962690352 -5.74929548818e-12 0.213245953911)
(-0.155166173529 -7.05342238836e-12 -2.26914026893)
(-0.182786118008 -1.79189141912e-10 -8.29724215559)
(-0.263726798094 -9.65929454409e-11 -7.71039222325)
(-0.350538277532 -3.86824646451e-11 -7.03477549145)
(-0.448142328977 -1.7863038401e-11 -6.30628747242)
(-0.558074440536 -1.41921257732e-12 -5.53815151747)
(-0.67937388522 3.48292483246e-12 -4.72322172188)
(-0.807216082701 5.33381969484e-12 -3.85257023415)
(-0.93059760334 -1.16430341901e-11 -2.93490634917)
(-1.03486104014 -9.39843771268e-13 -2.00875465961)
(-1.10692739529 -1.12901583966e-11 -1.12915474353)
(-1.13119830474 9.09917175933e-12 -0.332553305331)
(-1.08761488703 8.8306945023e-13 0.28975579216)
(-1.02455633594 -9.25314111707e-12 0.687658126642)
(-0.913123863669 3.23931439243e-12 0.905031030216)
(-0.863737627604 1.04053344155e-11 1.01842755133)
(-0.726424027466 1.80495982076e-12 1.04711234473)
(-0.726826913509 5.56120122682e-12 1.03625948013)
(-0.560968178194 -7.20440729428e-13 0.785555760931)
(-0.488156179668 -8.93481422429e-13 -0.0592840790702)
(-0.138107758573 -5.95885092579e-12 -2.7164893424)
(-0.194700637441 -9.64812160157e-11 -7.5318254022)
(-0.279477252171 -6.54457486725e-11 -6.93933806067)
(-0.367793633379 -3.05955661426e-11 -6.25692768659)
(-0.463992657876 -1.34908103702e-11 -5.52322087081)
(-0.567457319038 -9.71772379142e-13 -4.75909474393)
(-0.678211296978 3.50000295304e-12 -3.96724567335)
(-0.789954598694 4.0317640515e-12 -3.14683168715)
(-0.891007676929 -6.72272274908e-12 -2.30655628359)
(-0.966683031166 -7.78127898054e-13 -1.48132892892)
(-1.00869354884 -7.64153822469e-12 -0.723535997576)
(-1.00933900894 5.98436717706e-12 -0.0805702987683)
(-0.961928586138 -1.00465817091e-12 0.391232476205)
(-0.915719895351 -7.43792551364e-12 0.695064130298)
(-0.819933044231 3.97315737194e-12 0.857581655757)
(-0.794468403006 9.9784747016e-12 0.948775401894)
(-0.664481415147 2.53362006579e-12 0.966715985038)
(-0.687288060299 5.17691824899e-12 0.94025875754)
(-0.531450040278 -9.87365733325e-14 0.65960821106)
(-0.462169184449 4.04166793081e-12 -0.328750375133)
(-0.119708813703 -4.19619877585e-12 -3.15241944353)
(-0.198422524038 -5.97481361661e-11 -6.70446583955)
(-0.282984964742 -4.48963924058e-11 -6.1198154202)
(-0.369082007697 -2.52063104341e-11 -5.44768784062)
(-0.460523145253 -1.23001156721e-11 -4.72781249683)
(-0.55548767364 -2.53920342041e-12 -3.98651847383)
(-0.654161977472 1.51627412381e-12 -3.23511361973)
(-0.749222644383 2.13953698693e-12 -2.47966119308)
(-0.827899832673 -3.99678875953e-12 -1.7312551428)
(-0.87824420974 -9.29310573188e-13 -1.02004977738)
(-0.897042775575 -4.7218173503e-12 -0.391429506447)
(-0.89152810348 3.34192734381e-12 0.119426967967)
(-0.846455583248 -1.44044948613e-12 0.478254046801)
(-0.815055390296 -5.83529933562e-12 0.709631260602)
(-0.731810570436 4.20814167788e-12 0.829999055815)
(-0.724802923088 8.82117159092e-12 0.901625964303)
(-0.602606798886 2.92647816543e-12 0.910549120497)
(-0.640335909765 4.71026081819e-12 0.865717976758)
(-0.50059424492 5.93276466983e-13 0.550675145232)
(-0.431292263223 4.92773418638e-12 -0.590986291928)
(-0.098148100299 -2.4138433452e-12 -3.56772387487)
(-0.197361680432 -3.82591120692e-11 -5.84016528921)
(-0.280044004225 -3.28330430164e-11 -5.27684803473)
(-0.362472308756 -2.55530400147e-11 -4.63126805344)
(-0.446952469346 -1.48821053429e-11 -3.94341287541)
(-0.530590092633 -6.24129802077e-12 -3.2430643554)
(-0.613331158462 -2.07741166066e-12 -2.54757540986)
(-0.688729093691 1.12710658037e-13 -1.86825989492)
(-0.747974626164 -2.68670841485e-12 -1.21795520459)
(-0.78530631609 -1.15791924098e-12 -0.621079801257)
(-0.790021988849 -2.79973406719e-12 -0.112512391059)
(-0.782064637755 1.41660490015e-12 0.285926195864)
(-0.741137673382 -1.70003281718e-12 0.558101433145)
(-0.723574851136 -4.3142671788e-12 0.732292882331)
(-0.650023208298 4.03871946364e-12 0.82066533835)
(-0.657000835411 7.42660626528e-12 0.875993910375)
(-0.542876659887 3.45023709072e-12 0.876864984331)
(-0.589113313544 8.70956924406e-12 0.812683177461)
(-0.469880486934 1.23926058376e-12 0.457472907034)
(-0.396451253889 5.3764295462e-12 -0.841577094576)
(-0.0756699168978 -9.62235880057e-13 -3.95458897146)
(-0.192038682585 -1.70084834405e-11 -4.95662621376)
(-0.270764268507 5.67802377388e-12 -4.42690002031)
(-0.347526178169 -5.50442433425e-11 -3.82224924731)
(-0.423689279571 -2.47458538858e-11 -3.18248723241)
(-0.497189076011 -1.61189625419e-11 -2.53882841484)
(-0.567047497926 -2.94896530708e-11 -1.9120190872)
(-0.627168396527 -3.07783123575e-12 -1.31634480116)
(-0.669126412565 -2.16802502771e-12 -0.765007114914)
(-0.693188099739 -1.11509466512e-12 -0.276919877061)
(-0.691002605835 -1.55506228613e-12 0.126830219678)
(-0.68603089019 3.88675073807e-13 0.432628859156)
(-0.647879221093 -2.5821390128e-12 0.636287605826)
(-0.641985820876 -1.1669841479e-11 0.765637241973)
(-0.575531349396 3.52353557269e-12 0.830218671627)
(-0.593142111443 6.26610160676e-12 0.87177650713)
(-0.487862308695 4.21051327187e-12 0.865142105661)
(-0.538085973023 1.27326518317e-11 0.780252974352)
(-0.439533605993 1.83421227556e-12 0.377453461764)
(-0.360617639886 8.09465201198e-12 -1.08276451508)
(-0.0540988270935 1.77450850741e-13 -4.31676664402)
(-0.183778044151 -1.91729303255e-11 -4.06947955977)
(-0.258002179894 -2.2701843965e-11 -3.58442142752)
(-0.329190708374 -5.51764701309e-11 -3.03340604663)
(-0.397771001903 -7.16546748188e-11 -2.45508278809)
(-0.461301022078 -2.56899010347e-11 -1.88048161529)
(-0.51767018706 -2.51224483001e-11 -1.33111909792)
(-0.562644972926 -5.31637723579e-12 -0.822305327144)
(-0.593669960421 -2.08670389167e-12 -0.366530039923)
(-0.608489494679 -3.43735625184e-13 0.0246537888465)
(-0.600638982509 3.29606494719e-13 0.337262628845)
(-0.60122233713 7.04989779834e-12 0.568107480911)
(-0.565224372795 -1.43390898299e-12 0.717705370019)
(-0.56835996296 -8.38861726895e-13 0.812438362627)
(-0.508515672026 3.58839284183e-12 0.859834617151)
(-0.534994503918 5.4921380765e-12 0.8896733828)
(-0.440836996039 4.83949134589e-12 0.876158704513)
(-0.493347679523 1.25013946418e-11 0.770602327335)
(-0.413675588523 1.97832004361e-12 0.312963622672)
(-0.328535975854 3.0074197004e-12 -1.30994298043)
(-0.0352552728286 7.7724718251e-13 -4.64743858765)
(-0.173373997646 -4.01609157869e-11 -3.19032966824)
(-0.242311448347 -7.40478102368e-11 -2.75947347156)
(-0.307053319732 -6.05722415188e-11 -2.27239912432)
(-0.367473937711 -6.0142118567e-11 -1.76559400567)
(-0.421146984509 -3.35497917796e-11 -1.26844702507)
(-0.46659959279 -4.45977981532e-11 -0.801746784107)
(-0.503182541048 -9.67573176631e-12 -0.380100222675)
(-0.520690913037 -1.27907768803e-11 -0.0123125123073)
(-0.529692817675 9.73184715408e-12 0.293645652343)
(-0.521647141039 2.56116203118e-12 0.529450683685)
(-0.525720837741 7.86740114951e-12 0.700039771171)
(-0.491740551854 1.05701100623e-11 0.807589966846)
(-0.501660149383 1.3457406071e-12 0.87591225158)
(-0.448729895261 1.10196899282e-11 0.910563165435)
(-0.483138407099 5.16260664824e-12 0.930820615327)
(-0.400712109116 5.10377865212e-12 0.910218544246)
(-0.454212276244 1.15603287867e-11 0.785368557671)
(-0.390262759748 1.89933450612e-12 0.265214826086)
(-0.299402690797 2.28052366502e-12 -1.51885288629)
(-0.0214905308467 1.29283195893e-12 -4.94931563927)
(-0.160895810398 -4.80347568951e-11 -2.33162944647)
(-0.223681755251 -6.32167849195e-11 -1.96248917414)
(-0.281444916247 -5.79074361099e-11 -1.54696056825)
(-0.333822936921 -5.39704886649e-11 -1.1183742135)
(-0.37878193584 -3.45391261711e-11 -0.703393560222)
(-0.415573490025 -3.64068875189e-11 -0.32036181187)
(-0.43839999158 -1.14395363761e-11 0.0191895384652)
(-0.447512918619 -9.01269808463e-12 0.307114748189)
(-0.45890011265 8.62511053081e-12 0.538987147268)
(-0.448810883079 4.44339756538e-12 0.712465714229)
(-0.456445025492 9.24728951072e-12 0.83539390496)
(-0.425784370855 1.11958060984e-11 0.911145945652)
(-0.442044585327 4.0705532238e-12 0.959573648606)
(-0.396389840087 1.0540122912e-11 0.984091226411)
(-0.438799623518 4.94152138353e-12 0.996114282353)
(-0.367897437529 4.76737735763e-12 0.96742466426)
(-0.423286820705 9.81917204779e-12 0.823402739091)
(-0.369760052053 1.68535134796e-12 0.232680658675)
(-0.277187603422 1.31115062042e-12 -1.71680207285)
(-0.0142805438221 1.53876074803e-12 -5.22830819944)
(-0.144807331318 -5.15920135267e-11 -1.50543310487)
(-0.200349579995 -5.87098191237e-11 -1.20270655237)
(-0.250556218693 -5.12361390629e-11 -0.863088594231)
(-0.295432418729 -4.49390476946e-11 -0.51514096667)
(-0.331221670058 -3.09663581598e-11 -0.181454860486)
(-0.353437468918 -2.93486330151e-11 0.121787451826)
(-0.370996940934 -1.13253448836e-11 0.384998324409)
(-0.379366231527 -6.34164617324e-12 0.601504216357)
(-0.391032871328 1.68539156131e-11 0.771731768252)
(-0.3806170212 5.89350031503e-12 0.895539339051)
(-0.392297364096 9.81684603849e-12 0.980893787873)
(-0.366868568295 1.2019853997e-11 1.03296215593)
(-0.391056844287 5.1366532804e-12 1.06592955746)
(-0.353630261532 1.01800670608e-11 1.08225997844)
(-0.404094502291 4.60824599375e-12 1.08672395526)
(-0.342768464846 -1.46481963503e-13 1.04954681901)
(-0.399941798626 8.0736488284e-12 0.884962050488)
(-0.355980074583 1.46433193275e-12 0.2155978901)
(-0.258377634737 9.15742554012e-13 -1.90366793923)
(-0.00853054748136 1.75176527213e-12 -5.48998533036)
(-0.125517622436 -1.08659328437e-10 -0.721831151685)
(-0.173687456021 -6.02651792681e-11 -0.485747336181)
(-0.213989633558 -4.57195831256e-11 -0.220725155904)
(-0.244080824072 -3.59552180275e-11 0.0490241258282)
(-0.268120356661 -2.24699552587e-11 0.304482391717)
(-0.287393731996 -3.50375526181e-12 0.532691272694)
(-0.305402318186 -1.0278150614e-11 0.725930076012)
(-0.312477043224 -1.65482090369e-11 0.881595414562)
(-0.325827248277 3.74307918636e-12 1.0004073532)
(-0.318559988546 5.85795314811e-12 1.08459241681)
(-0.336515447664 1.03835005932e-11 1.14054216467)
(-0.318067636121 2.0246359672e-11 1.17449705923)
(-0.350789087671 -2.55378445952e-12 1.19527632264)
(-0.320814636247 9.20599907091e-12 1.20481882205)
(-0.378898121094 9.61254316161e-12 1.20251514028)
(-0.324932826593 -6.42821276254e-14 1.15640623247)
(-0.386459669928 1.04093952651e-11 0.968542095629)
(-0.34775890666 1.23847353738e-12 0.212046695789)
(-0.246429533572 8.84589124076e-13 -2.07949450256)
(-0.00666904134898 2.00336679549e-12 -5.74140635755)
(-0.0968238224646 -9.08072488298e-11 0.00742431362561)
(-0.130617467543 -6.723537242e-11 0.179803285996)
(-0.16093446789 -8.34366016926e-11 0.373284335885)
(-0.189202726213 -3.34998140845e-11 0.569046318732)
(-0.214372315619 -1.60024471038e-11 0.751947986429)
(-0.233184231597 -1.56358850338e-12 0.912573186729)
(-0.250775010074 -8.76496474847e-12 1.04603887883)
(-0.258141719606 -1.36519748094e-11 1.15073990817)
(-0.273936998153 1.51240884245e-12 1.22805215136)
(-0.270733614016 4.66304446664e-12 1.28089458062)
(-0.294724130522 1.0278018646e-11 1.31471143491)
(-0.282689082175 1.72546156921e-11 1.33457371743)
(-0.322728996817 -2.15532016855e-12 1.34622288421)
(-0.298639645696 8.02771309282e-12 1.34960310399)
(-0.363460134309 9.12798155741e-12 1.3412243569)
(-0.314759062841 1.14762977213e-13 1.28491335032)
(-0.381143149416 8.86854527122e-12 1.06978625241)
(-0.344360318561 6.0351570575e-13 0.217670093821)
(-0.238082157638 9.13222750558e-13 -2.25250605617)
(-0.00886963768611 2.27806127863e-12 -5.99081648075)
(-0.0783058296108 -1.67576204247e-10 0.646298911749)
(-0.10837816048 -7.90239140879e-11 0.763348408488)
(-0.135575998749 -6.94848749479e-11 0.894626395279)
(-0.159382042294 -3.19883324431e-11 1.02691396903)
(-0.180607680313 -9.69595773091e-12 1.14953660181)
(-0.196603256046 1.73986505333e-11 1.25557796591)
(-0.213451933763 -6.23973114037e-12 1.34169587647)
(-0.221399206861 -1.25139655513e-11 1.40702532441)
(-0.239994101559 -2.89749385876e-12 1.45345701126)
(-0.24042164841 -1.00422476933e-11 1.48337688892)
(-0.269376505319 1.01017258434e-11 1.50167792274)
(-0.261983983356 2.41158222324e-11 1.51113051937)
(-0.307311644847 -1.50899832832e-12 1.51614878556)
(-0.287469588774 7.38967498461e-12 1.51400108809)
(-0.357940978038 1.37267522238e-11 1.49986367388)
(-0.313297934093 7.64727620089e-13 1.43192370831)
(-0.384152025123 7.09010446873e-12 1.18449152653)
(-0.347363018118 -6.50977635315e-12 0.226646211773)
(-0.23511071014 6.2533390902e-13 -2.42989434368)
(-0.0145228344502 2.72101239095e-12 -6.24770588886)
(-0.066379606131 -1.22399562948e-10 1.17021086232)
(-0.0921496567371 -8.20065450072e-11 1.24493547711)
(-0.116043160118 -6.92930003278e-11 1.32918547318)
(-0.137337981433 -5.90810053332e-11 1.41391825355)
(-0.157343848759 -1.0032006155e-11 1.49172937651)
(-0.172951771161 1.24530818617e-11 1.55776794563)
(-0.191094899831 -4.99722834747e-12 1.61008140186)
(-0.200832245966 -1.09132637544e-11 1.64822561645)
(-0.222890782777 -5.41944182715e-12 1.67423860757)
(-0.22640119957 -8.86481352042e-12 1.68960084486)
(-0.259131469819 9.66055192111e-12 1.69838629238)
(-0.254809419956 2.09638228873e-11 1.70136107989)
(-0.303702511911 2.60100527942e-13 1.7018749634)
(-0.28698891593 6.30397359921e-12 1.69526725841)
(-0.362112995089 6.51802595661e-12 1.67530583893)
(-0.320338160046 6.94170753723e-13 1.59452949209)
(-0.393460563484 5.06350819046e-12 1.30910912088)
(-0.355826257368 -6.02664346572e-12 0.234353864433)
(-0.234171518673 2.09911035961e-13 -2.61569828248)
(-0.0200289284034 2.47674220959e-12 -6.5174511978)
(-0.0553338902186 -1.09817350628e-10 1.59272587419)
(-0.0774332107136 -1.28891056797e-10 1.63745789118)
(-0.0986897854774 -7.17594696692e-11 1.68812681993)
(-0.118265561994 -5.14956416506e-11 1.73905598375)
(-0.137956224875 -1.22425058992e-11 1.78551415891)
(-0.154164193029 6.09055601587e-12 1.8242783917)
(-0.17457827339 -1.77197229041e-11 1.85437122083)
(-0.186887069528 -1.03469331003e-11 1.87556818626)
(-0.212907019151 -6.45886119206e-12 1.88961337707)
(-0.21983549173 -8.02485089874e-12 1.89721936848)
(-0.256543868215 9.79942549716e-12 1.90124925177)
(-0.25589306643 2.80723000219e-11 1.90132172621)
(-0.308726169791 9.66677742643e-12 1.8994695151)
(-0.29561377686 5.28976442641e-12 1.89017296048)
(-0.374800081378 3.77707007033e-12 1.86503351778)
(-0.334713351425 -8.16040556446e-12 1.77089819023)
(-0.407834538713 3.09148744164e-12 1.44152607468)
(-0.368041130648 -5.73628855668e-12 0.236831087388)
(-0.234536578332 -4.49426521962e-13 -2.81424705288)
(-0.0261812863924 1.88955452933e-12 -6.80535448329)
(-0.0464495097729 -9.1172048968e-11 1.94374173379)
(-0.0656704793063 -1.02327081123e-10 1.96853912088)
(-0.0849230165787 -7.17215937234e-11 1.99674646406)
(-0.103327543922 -7.17997324112e-11 2.0250936033)
(-0.122969717831 -1.72179300038e-11 2.05077419954)
(-0.139818376853 -8.51222675014e-13 2.07181258451)
(-0.162069539559 -1.57762059207e-11 2.087806654)
(-0.176363525245 -1.08759400177e-11 2.09871335383)
(-0.205382123303 -7.2452217058e-12 2.10573939701)
(-0.215325357918 -7.03872578688e-12 2.10924856303)
(-0.255692543704 -4.2674580513e-13 2.11083457158)
(-0.259224857023 2.43275669738e-11 2.10992148882)
(-0.316215194498 1.00826836079e-11 2.10714177453)
(-0.30701826857 3.92471366315e-12 2.09687867494)
(-0.389892496651 -4.69959233336e-12 2.0675673513)
(-0.351333936855 -1.63644491898e-11 1.95952243792)
(-0.423836095533 1.56442156725e-12 1.5797831883)
(-0.381356353348 -4.90314359193e-12 0.230996241052)
(-0.234474051411 -1.71221461747e-12 -3.02892631533)
(-0.0338068049288 1.06390439791e-12 -7.11314013748)
(-0.0414565057346 -6.02995925293e-11 2.25024526631)
(-0.0590927493784 -7.38693393174e-11 2.26297127516)
(-0.0773281654498 -2.61630568942e-11 2.2775666326)
(-0.0953011320289 -2.92725900052e-11 2.29232043303)
(-0.115097417957 -1.69673898973e-11 2.30567668054)
(-0.132509479004 -6.56610729599e-12 2.31647769186)
(-0.155864902746 -1.86839235747e-11 2.32454848633)
(-0.171416678752 -3.2177062904e-11 2.32992043255)
(-0.202075015678 -2.35934549947e-11 2.33316921559)
(-0.214120085152 -6.01233934462e-12 2.33459031474)
(-0.256680121188 1.68883179795e-12 2.33468626275)
(-0.263256376012 2.95868067299e-11 2.33324997562)
(-0.322816089626 1.07582112197e-11 2.32960148383)
(-0.316627500579 9.07372509719e-12 2.31828952055)
(-0.402810059757 3.26810105415e-12 2.28381545411)
(-0.366295121197 -1.50375078325e-11 2.15883924351)
(-0.43894371007 8.77541370953e-13 1.71962536347)
(-0.393795780958 -4.57002866088e-12 0.209931495337)
(-0.233302467419 -8.5792520952e-12 -3.26890785152)
(-0.0417913124569 3.49030900484e-14 -7.4481532198)
(-0.0361013016676 -8.95533465198e-11 2.54041826905)
(-0.0521488748426 -1.92534079494e-11 2.54637292512)
(-0.0691564691708 -5.76573031087e-11 2.55334196704)
(-0.0864608623737 -5.25179524013e-11 2.56053033217)
(-0.106120255828 -1.85935465064e-11 2.56710937529)
(-0.124129481834 -1.01460411902e-11 2.5723790423)
(-0.14865540451 -1.93478339364e-11 2.57623190879)
(-0.166219233135 -2.88554430892e-11 2.57870419062)
(-0.199093539967 -1.97053918149e-11 2.57989677206)
(-0.21433815272 6.25155752065e-12 2.58013437921)
(-0.259487062251 -5.57570896916e-12 2.5791462478)
(-0.269601036772 3.1425731875e-11 2.57707662656)
(-0.331456705765 3.18557806801e-12 2.57199538315)
(-0.328314534658 2.4042006932e-12 2.55836044952)
(-0.417715152195 1.61417674119e-12 2.51619860661)
(-0.383103577382 -1.20351819674e-11 2.36925723215)
(-0.454857958511 7.18805128053e-12 1.85869605734)
(-0.407027866434 -4.100358627e-12 0.168596568772)
(-0.231387641981 -7.2199897411e-12 -3.53779066817)
(-0.0509724384574 -1.1412430217e-12 -7.81325386474)
(-0.0334309180503 -3.35854203045e-11 2.83921302946)
(-0.0487083231958 2.03225157268e-11 2.84128390274)
(-0.0652308515768 -3.50964025495e-11 2.84379773544)
(-0.0824805342648 -3.920723924e-11 2.84643934351)
(-0.102415185381 -1.83514426769e-11 2.84875162388)
(-0.12131492802 -1.1128978382e-11 2.85029542565)
(-0.14687995724 -1.53118455896e-11 2.85098727294)
(-0.166332276632 -7.51505635229e-12 2.85092277957)
(-0.200773522493 -1.50271295322e-11 2.84993690918)
(-0.218846647474 4.97519514952e-12 2.84849180135)
(-0.26600003575 -1.34053557983e-12 2.84581675644)
(-0.280009086581 2.49022384374e-11 2.84237803764)
(-0.344444896105 2.29499310578e-12 2.83509950974)
(-0.345379689599 1.93056580561e-12 2.8180524885)
(-0.438219881163 1.2021661099e-12 2.76620952707)
(-0.405180286004 -8.22768440834e-12 2.5920610282)
(-0.474305851033 6.04513342055e-12 1.99663895866)
(-0.42122723024 -4.15248018103e-12 0.103841013104)
(-0.229131873542 -1.17646651913e-11 -3.83664294723)
(-0.0624407511002 -2.17730108242e-12 -8.21262524642)
(-0.0356845906207 -1.36338654736e-11 3.1480292448)
(-0.052005306156 8.74970203156e-12 3.14821960137)
(-0.0697142720103 -2.50057193512e-11 3.14854596306)
(-0.0883432889088 -3.14334881836e-11 3.14900510907)
(-0.109589330093 -1.69103935505e-11 3.14922722954)
(-0.130126260385 -1.03487988001e-11 3.14897683889)
(-0.156881832438 -1.08599242453e-11 3.14805747508)
(-0.178220462891 -5.62845808526e-12 3.1466852607)
(-0.213644550646 -9.53219060545e-12 3.14440172407)
(-0.23403862342 5.03161905098e-12 3.14189851784)
(-0.282084784396 1.16109467357e-12 3.13791571048)
(-0.299094421601 1.9164973439e-11 3.13334726358)
(-0.364567727676 8.83042085271e-13 3.12388963424)
(-0.368359046362 -4.60741739943e-13 3.10299859491)
(-0.464094958045 -8.19818647853e-12 3.03991917257)
(-0.432621858432 -5.52616788148e-12 2.83264187362)
(-0.49887983743 5.08203897223e-12 2.13637782148)
(-0.439798370309 -3.61152245857e-12 0.017014326379)
(-0.231728338259 -7.23934294931e-12 -4.16038098818)
(-0.0809910333324 -3.00506032628e-12 -8.64306937089)
(-0.0372799308196 -5.35090026506e-12 3.47300607587)
(-0.0543350743865 4.66804285455e-12 3.47253938888)
(-0.0729493257374 -1.85214440895e-11 3.47211345813)
(-0.0928393681963 -2.43444765539e-11 3.47201380489)
(-0.115360209353 -1.4595937017e-11 3.47178107066)
(-0.13782751103 -8.90567786735e-12 3.4714067327)
(-0.166115764403 -7.25007091454e-12 3.47051392944)
(-0.190057246286 -1.98881782145e-12 3.46948322007)
(-0.227002665703 -4.82417824247e-12 3.46757300941)
(-0.250571698369 4.52798074629e-12 3.46567765674)
(-0.299897124997 3.12204026915e-12 3.46205915522)
(-0.320714745345 1.40063409253e-11 3.45787782998)
(-0.387724358474 2.33433355478e-13 3.44744595505)
(-0.394389127169 -2.22383927533e-12 3.42298236479)
(-0.493481794199 -8.81933994816e-12 3.34723356944)
(-0.463669223089 -1.11687726188e-11 3.0996239983)
(-0.52634921832 3.40742933915e-12 2.28335846979)
(-0.460605952102 -2.3257011625e-12 -0.0890609771492)
(-0.242454407444 5.55943072387e-13 -4.50462349509)
(-0.109365524877 -3.41580526941e-12 -9.10967634663)
(-0.03855421758 -2.67626587898e-12 3.83211281185)
(-0.05590026698 1.50951048743e-13 3.83145501711)
(-0.0749038965821 -1.40082666988e-11 3.83083580922)
(-0.0954093920025 -1.7693176062e-11 3.83069117604)
(-0.118358222638 -1.19459446154e-11 3.83053623312)
(-0.141873729208 -7.75341594727e-12 3.83045208467)
(-0.170724359994 -5.36371449286e-12 3.83009187341)
(-0.196501219189 1.1348333718e-12 3.82979601113)
(-0.23437804467 1.07473516309e-11 3.82896293249)
(-0.261143895212 4.65973062215e-12 3.82832201393)
(-0.311992213512 4.61591464201e-12 3.82628459391)
(-0.337645359413 1.06036592361e-11 3.82370092828)
(-0.407553574421 2.63236653661e-13 3.81409091169)
(-0.417498995034 -2.0450073918e-12 3.78736806421)
(-0.522104699655 -1.41323427593e-12 3.69890984185)
(-0.495122755258 -9.51200854894e-12 3.40590060276)
(-0.556105923268 1.47230668329e-12 2.44967805425)
(-0.485284446419 -1.93034135736e-12 -0.199532664807)
(-0.268626237603 -1.82547290074e-12 -4.85751123614)
(-0.153318773804 -5.34473013714e-12 -9.62035931501)
(-0.0376702006063 5.38775231096e-11 4.2253719229)
(-0.0549705563267 6.68101883549e-12 4.22477856962)
(-0.0738687951501 -1.60014743633e-12 4.22434664865)
(-0.0943645722071 2.73977310468e-11 4.22448347122)
(-0.11731719203 -6.09436503353e-12 4.22482567865)
(-0.141035670781 -1.03284985201e-11 4.22542012142)
(-0.169917595704 -2.46806623338e-11 4.22603686915)
(-0.196314683541 -1.79700955118e-12 4.22703717965)
(-0.233987761739 -3.56156774924e-12 4.22787155726)
(-0.262083059072 4.14151749635e-12 4.22946925889)
(-0.312254310093 7.73106578598e-12 4.23010307705)
(-0.340293478108 2.22758103212e-11 4.23075834491)
(-0.410775035955 1.03875427727e-12 4.22420194957)
(-0.421436901578 -1.53230186481e-12 4.19716919148)
(-0.527772806481 -3.02542825159e-12 4.09904281573)
(-0.504927718057 -1.61402337333e-11 3.75932371876)
(-0.568035948543 -6.10231268877e-12 2.65550467321)
(-0.497890304639 -2.67524895601e-12 -0.284233996809)
(-0.307373382123 -4.46907845085e-12 -5.20530657814)
(-0.210308260586 -1.09626100025e-11 -10.2068489638)
(-0.0345300335393 -3.78987208428e-11 4.63294081049)
(-0.0506273082573 -3.93142888141e-11 4.63255312897)
(-0.0681274270437 -1.09942217652e-11 4.63249560484)
(-0.0871561265464 -2.23224598761e-11 4.63319916708)
(-0.108308553116 -8.1688564183e-12 4.63438095312)
(-0.130539012171 -1.22934047244e-11 4.63613797233)
(-0.156911349857 -2.10372898748e-11 4.63829897727)
(-0.181977752082 -5.2505420338e-12 4.64137391276)
(-0.216420586223 -4.35463708634e-12 4.64483623731)
(-0.243215299128 -5.98068283845e-12 4.64980784704)
(-0.290106443398 9.48272784515e-12 4.65472745121)
(-0.31569698988 1.84813715446e-11 4.66016903415)
(-0.386379787769 1.56135808512e-12 4.65951701241)
(-0.389128679755 5.2950081007e-14 4.63495618183)
(-0.496930758448 4.18302768117e-12 4.53333944074)
(-0.471655536226 -1.44287311012e-11 4.15456964906)
(-0.528186343079 -6.31664381159e-12 2.93100737889)
(-0.47033445213 -4.24310128436e-12 -0.294163243041)
(-0.340536930747 -1.08410790397e-11 -5.52048240534)
(-0.262581467828 -9.37377736808e-12 -10.9086214708)
(-0.0281362653948 -7.79985413773e-11 5.01331252912)
(-0.0411327001812 -5.63249248557e-12 5.01317667194)
(-0.0552663134164 -1.42818289937e-11 5.01354693468)
(-0.0706708101601 -1.81766738156e-11 5.01491954366)
(-0.087679509439 -1.06474638398e-11 5.01706545098)
(-0.105722411698 -1.36921485255e-11 5.02004586597)
(-0.126959532825 -2.19115545176e-11 5.02404559313)
(-0.146995244417 -2.2439290476e-11 5.02908339033)
(-0.175408394757 -6.9034325206e-12 5.03584195497)
(-0.195560456978 -1.94155800696e-12 5.04386995367)
(-0.236122787006 2.60740771182e-11 5.05434907918)
(-0.251225831023 1.53945832106e-11 5.06469810706)
(-0.318787155599 -8.78095983439e-12 5.07232633216)
(-0.303142801585 7.65547106812e-13 5.05552740702)
(-0.417933538635 2.48845742841e-12 4.9595129027)
(-0.373343014363 -1.27567997838e-11 4.57786866913)
(-0.445185233918 -6.37503283302e-12 3.28784900487)
(-0.394918053834 -4.51906974345e-12 -0.156665060218)
(-0.326707650754 -7.90142111974e-12 -5.7659998865)
(-0.297252762872 -8.76085779167e-12 -11.7156043863)
(-0.0181784748852 -5.10495380012e-11 5.30348354673)
(-0.0264364727119 -2.15347127654e-11 5.30336988316)
(-0.035503856165 -2.5163041509e-11 5.30388568523)
(-0.0450498143398 -5.88108496028e-11 5.30547114601)
(-0.056290496502 -1.67783349811e-11 5.30801741391)
(-0.0666537051257 -1.32339620582e-11 5.31135207707)
(-0.0814333517936 -1.79524456173e-11 5.31616486869)
(-0.0912766650567 -5.2978269554e-12 5.3216503595)
(-0.112067043923 -6.18925052885e-12 5.32995633811)
(-0.118895657541 2.39261929568e-12 5.338553404)
(-0.14978515208 3.97901293697e-11 5.35178188785)
(-0.147371387955 1.31432987282e-11 5.36323911447)
(-0.201470612455 -6.69716781704e-12 5.37582260259)
(-0.167727148379 9.18160694598e-12 5.36430843186)
(-0.269422664191 -5.93873573288e-12 5.2804178131)
(-0.211995910227 -1.07788633914e-11 4.93514769635)
(-0.289084359549 -5.5912078784e-12 3.68197375564)
(-0.270543082261 -4.03957617167e-12 0.134866195278)
(-0.25841882439 -6.2590219778e-12 -5.87856829132)
(-0.247909419416 -8.13391302567e-12 -12.5888450168)
(-0.00842946348841 -2.11865631622e-11 5.46961637845)
(-0.012114746937 4.91875686754e-11 5.46902604687)
(-0.0165292826166 -1.89229469927e-11 5.46911386325)
(-0.0202668360246 -4.69033704269e-11 5.47002513721)
(-0.0264082648034 -1.53207421685e-11 5.47190037911)
(-0.0290395080529 1.28762222742e-11 5.47396500448)
(-0.0384457445064 -1.10742964433e-11 5.47764040007)
(-0.037797940179 -5.15661128334e-12 5.48085704808)
(-0.0528391720547 -4.09595342998e-12 5.48734288193)
(-0.0452663202497 6.09722652771e-12 5.49203318264)
(-0.0702414679926 3.58519728763e-11 5.50257601354)
(-0.0470271017912 1.11601822759e-11 5.50778628037)
(-0.093907577996 -6.25771271011e-12 5.51712215635)
(-0.0360299713687 6.96634982077e-12 5.5003822228)
(-0.122591754121 -1.48867646591e-11 5.4205621587)
(-0.0360334949657 -9.49471351478e-12 5.11834456096)
(-0.129455536845 -4.95513474848e-12 3.99000336569)
(-0.10629853158 -3.32114830819e-12 0.576763308681)
(-0.1276014311 -4.69376237752e-12 -5.72260807452)
(-0.135489200387 -7.61987372195e-12 -13.3077688339)
(-0.00312394963593 5.76576820869e-11 5.52619938638)
(-0.00407030406521 2.9878615972e-11 5.52444587404)
(-0.00682720684296 -7.39758606722e-11 5.52319002261)
(-0.00638994176623 -8.63246098965e-11 5.52247636729)
(-0.011563703917 -1.43030178561e-11 5.52178536534)
(-0.00796237120664 3.63283841983e-11 5.52110209182)
(-0.0176054469499 -3.52463658804e-12 5.51996134086)
(-0.00771013884675 -2.16040135317e-12 5.51893766685)
(-0.0250343746283 -3.21755145821e-13 5.51681341232)
(-0.00366701960258 2.90223987702e-11 5.5153028201)
(-0.0335483458295 3.25159277403e-11 5.51091724885)
(0.00693336034724 8.84389416769e-12 5.50764870793)
(-0.0405501051546 -1.69877458882e-11 5.4926233992)
(0.0245895604752 4.73883531426e-12 5.46680912951)
(-0.0349956979103 -2.37692710527e-11 5.35953225278)
(0.0549103130892 -1.59883148623e-11 5.07339456442)
(-0.0026036577704 -1.0746198785e-11 4.058150048)
(0.102420768495 -3.00460385993e-12 0.939487658738)
(0.0196109745719 -3.66736867311e-12 -5.49922009282)
(0.0915229587467 -7.45595399266e-12 -13.8171328586)
(0.0536706548961 1.01712290797e-12 -5.11821863559)
(-0.0837376958236 2.59143161069e-12 -6.47095953964)
(0.0852847789176 8.36839482596e-13 -5.1978069947)
(-0.0619610892346 2.56938731528e-12 -6.70159989863)
(0.095734711741 7.27673820147e-13 -5.29385761488)
(-0.022642013995 2.83285516647e-12 -6.814648892)
(0.0877520898066 4.24633784827e-12 -5.42879992744)
(-0.00291107025398 7.76807946008e-12 -6.89085646294)
(0.0745756960265 1.05752204328e-12 -5.59907658523)
(0.00421136226795 3.52957478123e-12 -6.96426894382)
(0.0626861122669 -1.99683924635e-13 -5.79136393441)
(0.00586621633069 1.65760332118e-12 -7.04845582512)
(0.0507413982458 -3.04566862605e-13 -5.99649714805)
(0.0040051762244 1.08761742302e-12 -7.14630543035)
(0.0433755566788 2.39145593227e-13 -6.20114768175)
(0.00364780387589 1.2813186585e-12 -7.2510456117)
(0.0335981443212 1.00597179671e-12 -6.39982191173)
(0.00210061415133 1.80743965963e-12 -7.36089576065)
(0.0254299269917 1.79846318208e-12 -6.59683131548)
(0.00184220996975 2.44858709178e-12 -7.47825031054)
(0.0196967941833 2.72652215187e-12 -6.78648700157)
(0.00334392630348 3.396147409e-12 -7.59848613383)
(0.012147449478 6.55843761921e-12 -6.97034377801)
(0.0040564162711 7.51471535734e-12 -7.71976263308)
(0.00745318887799 4.76887242076e-12 -7.15016193672)
(0.00441797006012 5.42248510104e-12 -7.84460094924)
(0.00213017191123 4.15682783484e-12 -7.32814874634)
(0.00466417709772 4.62080218954e-12 -7.97317418445)
(-0.000860479783309 4.0860337793e-12 -7.50691413267)
(0.00399704399888 4.51034156013e-12 -8.10666826803)
(-0.00392943858604 4.86826784062e-12 -7.69486562317)
(0.0036498466635 5.43841914756e-12 -8.25046681105)
(-0.0066038595984 1.07531125292e-11 -7.89649268853)
(0.00314107038895 1.18373571342e-11 -8.40898078983)
(-0.0093866730086 6.61699796106e-12 -8.11765239117)
(0.00220468721205 7.35585593124e-12 -8.5861643497)
(-0.0116607636682 4.79304966104e-12 -8.36167230266)
(0.00144333995382 5.33981042227e-12 -8.7851886371)
(-0.0139851370984 4.16091403829e-12 -8.63026309629)
(0.000710474258747 4.87505199651e-12 -9.00750617242)
(-0.0157798513803 8.38497986884e-12 -8.93150450462)
(-0.000783162702733 9.69048048483e-12 -9.26010668064)
(-0.0175910796761 3.91934663362e-12 -9.26891912477)
(-0.00197813751484 5.19803917421e-12 -9.54760736814)
(-0.0200625912381 6.15751442676e-12 -9.65118792629)
(-0.00403070136059 7.70359283016e-12 -9.87707456656)
(-0.0249255676823 3.27245918838e-13 -10.0801947174)
(-0.00681339420697 1.33092375128e-12 -10.2546793839)
(-0.0332057960627 -2.27659586506e-12 -10.5777817973)
(-0.0109014072674 -1.60955443859e-12 -10.7035981421)
(-0.0461878198438 -3.90226977182e-12 -11.1717880356)
(-0.0164277224531 -3.01731622045e-12 -11.2584803504)
(-0.0614620654069 -3.00713298943e-12 -11.9220678021)
(-0.0220146752707 -1.11361302702e-12 -11.9780297782)
(-0.0725522408204 -8.8970713969e-12 -12.8792760412)
(-0.0256791194935 -8.12060512363e-12 -12.9031911605)
(-0.0766086032355 -1.21492736598e-11 -14.0282218197)
(-0.0234958554312 -1.24303192448e-11 -13.99188734)
(-0.0664601354289 -1.57267137516e-11 -15.3084732052)
(-0.0101282434479 -1.69225513498e-11 -15.1460355779)
(-0.0249706567358 -2.19754548803e-11 -16.4937468295)
(-0.000709243481023 -2.39546914397e-11 -16.1232104314)
(0.0487858356293 -3.4608709271e-11 -17.3736395548)
(0.00403568444808 -3.73159410743e-11 -16.7829849026)
)
;

boundaryField
{
    inletfuel
    {
        type            fixedValue;
        value           nonuniform 0();
    }
    inletair
    {
        type            fixedValue;
        value           nonuniform 0();
    }
    outlet
    {
        type            zeroGradient;
    }
    axis
    {
        type            empty;
    }
    leftside
    {
        type            fixedValue;
        value           uniform (0 0 0);
    }
    burnerwall
    {
        type            fixedValue;
        value           nonuniform 0();
    }
    front
    {
        type            wedge;
    }
    back
    {
        type            wedge;
    }
    procBoundary1to0
    {
        type            processor;
        value           nonuniform List<vector> 
27
(
(-0.0115214761423 5.70859331407e-12 -11.0197819239)
(-0.0305625784538 1.69053114753e-11 -11.0697399309)
(-0.0475117458424 3.25291699916e-11 -10.9997831169)
(-0.0645129706854 5.37275557967e-11 -10.8720522518)
(-1.09223117447 -3.43256349965e-12 1.78080714092)
(-0.847040117249 -4.33722138796e-12 1.98233785181)
(-0.7410150403 -4.00596362046e-12 2.0015550172)
(-0.575666401076 3.44306320856e-13 1.91987221286)
(-0.568833047474 2.73523077036e-13 1.77364229135)
(-0.433232871102 -1.36656706595e-12 1.42625707428)
(-0.30433891937 -5.71623588598e-12 -0.0752534093173)
(-0.0937081389835 1.00097699443e-10 -10.6044563294)
(-0.133298218882 7.9961122821e-12 -10.1394894732)
(-0.17679628783 -3.5397991328e-11 -9.60205697628)
(-0.227187166124 -5.93293723005e-11 -9.00712183951)
(-0.285929039754 -1.92006464595e-11 -8.34893179897)
(-0.34861049518 -1.15283820718e-11 -7.60715160499)
(-0.441742747418 -1.12593450435e-11 -6.81931559589)
(-0.538127726798 -1.26674121712e-11 -6.02404120822)
(-0.760053689605 -1.450964538e-11 -5.35602528295)
(-1.05954622181 -1.47715193507e-11 -4.70309948233)
(-1.68600399911 -1.18459482718e-11 -3.62611785994)
(-1.79885491111 -1.19734349013e-11 -0.921008260159)
(-1.47471106281 1.0929606595e-12 0.821585629615)
(-1.47471106281 1.0929606595e-12 0.821585629615)
(-0.0175973303151 8.77932906499e-13 -4.90813980477)
(-0.0642108146266 2.33689184217e-12 -6.08152062936)
)
;
    }
}


// ************************************************************************* //
