/*--------------------------------*- C++ -*----------------------------------*\
  =========                 |
  \\      /  F ield         | OpenFOAM: The Open Source CFD Toolbox
   \\    /   O peration     | Website:  https://openfoam.org
    \\  /    A nd           | Version:  7
     \\/     M anipulation  |
\*---------------------------------------------------------------------------*/
FoamFile
{
    version     2.0;
    format      ascii;
    class       volScalarField;
    location    "0";
    object      p;
}
// * * * * * * * * * * * * * * * * * * * * * * * * * * * * * * * * * * * * * //

dimensions      [1 -1 -2 0 0 0 0];

internalField   uniform 101325;

boundaryField
{
    inletfuel
    {
        type            zeroGradient;
    }
    inletcoflow
    {
        type            zeroGradient;
    }
    inletair
    {
        type            zeroGradient;
    }
    outlet
    {
        type            waveTransmissive;
        gamma           1.3;
        fieldInf        100000;
        lInf            0.3;
        value           nonuniform List<scalar> 
10368
(
99997.6
99997.1
99996.2
99994.8
99993.3
99991.6
99989.9
99988.3
99987
99986
99985.3
99984.9
99984.7
99984.8
99985.4
99985.8
99998.4
99998.1
99997.4
99996.3
99995.1
99993.7
99992.3
99991
99989.8
99988.9
99988.3
99987.8
99987.4
99987.3
99987.4
99987.6
99999.5
99999.3
99998.8
99997.9
99996.9
99995.8
99994.7
99993.6
99992.7
99991.9
99991.2
99990.8
99990.4
99990.1
99990
99989.9
100001
100001
100000
99999.6
99998.8
99997.9
99997
99996.2
99995.4
99994.7
99994.1
99993.7
99993.3
99993
99992.9
99992.7
100002
100002
100002
100001
100000
99999.8
99999.1
99998.5
99997.8
99997.3
99996.8
99996.4
99996.1
99995.9
99995.7
99995.5
100003
100003
100003
100002
100002
100001
100001
100000
100000
99999.6
99999.2
99998.9
99998.6
99998.4
99998.3
99998.2
100004
100004
100003
100003
100003
100002
100002
100002
100002
100001
100001
100001
100001
100001
100001
100001
100004
100004
100004
100003
100003
100003
100003
100003
100003
100003
100002
100002
100002
100002
100002
100002
100004
100003
100003
100003
100003
100003
100003
100003
100003
100003
100003
100003
100003
100003
100003
100003
100003
100002
100002
100002
100002
100002
100002
100002
100003
100003
100003
100003
100004
100004
100004
100004
100001
100001
100000
100000
100000
100000
100001
100001
100001
100002
100002
100003
100003
100003
100003
100004
99998.8
99998.5
99998.2
99998.1
99998.1
99998.2
99998.5
99999
99999.5
100000
100001
100002
100002
100002
100003
100003
99996.2
99996
99995.6
99995.4
99995.4
99995.5
99995.8
99996.3
99997.1
99997.9
99998.8
99999.7
100000
100001
100001
100001
99993.6
99993.3
99992.7
99992.4
99992.3
99992.4
99992.7
99993.2
99994.1
99995.2
99996.3
99997.4
99998.4
99999.1
99999.6
99999.6
99991.1
99990.6
99989.7
99989.2
99988.9
99988.9
99989.2
99989.7
99990.7
99992
99993.3
99994.7
99996
99997.1
99997.8
99998
99989.2
99988.4
99987
99986
99985.4
99985.2
99985.4
99986
99987
99988.4
99990.1
99991.9
99993.6
99995
99996.2
99996.7
99998.2
99999.1
100000
100001
100003
100004
100005
100005
100005
100004
100002
99999.7
99997.1
99994.4
99991.8
99989.5
99998.7
99999.6
100001
100002
100003
100004
100005
100005
100005
100005
100003
100001
99998.4
99995.5
99992.3
99989.1
99998.9
99999.8
100001
100002
100003
100004
100005
100006
100006
100005
100004
100002
99999.4
99996
99992.4
99988.9
99999.1
99999.6
100000
100001
100002
100003
100004
100005
100006
100006
100005
100003
100000
99997
99993.2
99989.5
99999.2
99999.1
99999
99999.2
99999.8
100001
100002
100004
100005
100005
100005
100003
100001
99998
99994.3
99990.6
99999.2
99998.3
99997.4
99997
99997.2
99998
99999.5
100001
100003
100004
100004
100004
100002
99999
99995.7
99992.2
99999
99997.2
99995.4
99994.1
99993.7
99994.1
99995.6
99997.7
99999.9
100002
100003
100003
100002
99999.9
99997.2
99994.2
99998.5
99995.9
99993.4
99991.2
99990
99990
99991.3
99993.5
99996.3
99999
100001
100002
100002
100000
99998.2
99996.2
99997.8
99994.8
99991.6
99988.7
99986.8
99986.2
99987.2
99989.5
99992.6
99995.9
99998.6
100000
100001
100000
99998.9
99997.7
99996.9
99993.8
99990.4
99987.1
99984.6
99983.5
99984
99986.1
99989.4
99993.1
99996.4
99998.6
99999.6
99999.5
99999
99998.6
99996
99993.3
99990.1
99986.7
99983.8
99982.2
99982.2
99984
99987.1
99991
99994.6
99997.2
99998.5
99998.7
99998.5
99998.8
99995.1
99993.4
99990.8
99987.7
99984.7
99982.6
99982.1
99983.4
99986.2
99989.9
99993.5
99996.2
99997.5
99997.7
99997.6
99998.2
99994.5
99994
99992.2
99989.5
99986.7
99984.5
99983.6
99984.3
99986.7
99990.1
99993.5
99996
99997
99997
99996.6
99997.1
99994.2
99994.6
99993.5
99991.4
99988.7
99986.5
99985.3
99985.6
99987.6
99990.7
99993.9
99996.1
99996.9
99996.5
99995.9
99996.1
99994.1
99995.2
99994.9
99993.2
99990.8
99988.6
99987.2
99987.2
99988.8
99991.6
99994.5
99996.5
99996.9
99996.2
99995.2
99995.2
99994
99995.9
99996.1
99994.9
99992.9
99990.7
99989.1
99988.8
99990.1
99992.6
99995.3
99996.9
99997.1
99995.9
99994.6
99994.3
99994.1
99996.6
99997.3
99996.5
99994.7
99992.6
99990.9
99990.4
99991.4
99993.6
99996
99997.4
99997.3
99995.8
99994.1
99993.6
99994.2
99997.2
99998.3
99997.8
99996.3
99994.4
99992.6
99991.8
99992.6
99994.6
99996.8
99998
99997.5
99995.7
99993.8
99992.9
99984.4
99983.1
99982
99981.3
99981.1
99981.4
99982.2
99983.5
99985.2
99987.1
99989.1
99991.2
99993.2
99995.1
99996.5
99997.5
99983.4
99981.3
99979.5
99978.4
99977.9
99978.2
99979.2
99980.8
99982.9
99985.2
99987.7
99990.2
99992.6
99994.7
99996.3
99997.6
99983.1
99980.3
99978
99976.5
99975.9
99976.2
99977.4
99979.4
99981.9
99984.8
99987.6
99990.4
99993.1
99995.1
99996.7
99997.9
99983.6
99980.3
99977.7
99975.9
99975.1
99975.5
99977
99979.4
99982.3
99985.6
99988.8
99991.8
99994.4
99996.3
99997.6
99998.5
99985
99981.4
99978.3
99976.3
99975.5
99976
99977.7
99980.5
99983.9
99987.5
99991
99994.1
99996.4
99997.9
99998.8
99999.1
99987.4
99983.5
99980.1
99977.8
99976.9
99977.6
99979.6
99982.8
99986.6
99990.5
99994
99997
99999
100000
100000
99999.9
99990.9
99986.6
99982.9
99980.3
99979.4
99980.2
99982.6
99986.1
99990.2
99994.2
99997.7
100000
100002
100002
100002
100001
99994.7
99990.2
99986.1
99983.2
99982.2
99983.2
99985.8
99989.7
99993.9
99997.8
100001
100003
100004
100004
100003
100001
99998.4
99993.6
99989.1
99986
99984.8
99985.9
99988.9
99992.9
99997.1
100001
100003
100005
100005
100004
100002
100000
100001
99996.4
99991.5
99988
99986.8
99988.1
99991.3
99995.4
99999.5
100003
100004
100005
100004
100003
100001
99999.4
100003
99998.2
99992.9
99989.2
99988
99989.4
99992.9
99997.1
100001
100003
100004
100003
100002
100001
99999.2
99997.8
100004
99998.9
99993.3
99989.3
99988.1
99989.9
99993.8
99998.1
100001
100003
100002
100000
99998.3
99996.8
99996
99995.7
100004
99998.5
99992.8
99988.7
99987.6
99989.8
99994
99998.4
100001
100002
100000
99997.2
99994.6
99993.1
99993
99993.8
100003
99997.9
99992.1
99987.9
99987
99989.5
99994
99998.6
100001
100001
99998.6
99994.8
99991.6
99990.3
99990.8
99992.5
100002
99997.2
99991.3
99987.1
99986.4
99989.2
99994.1
99998.7
100001
100001
99997.2
99992.7
99989.1
99987.8
99988.8
99991.4
100002
99996.4
99990.5
99986.4
99985.8
99988.9
99994.1
99998.8
100001
100000
99996
99990.9
99987
99985.8
99987.3
99990.6
100001
99995.7
99989.8
99985.7
99985.3
99988.7
99994.1
99999
100001
99999.6
99995.1
99989.5
99985.3
99984.1
99986
99990
99999.9
99995
99989.1
99985.1
99984.9
99988.5
99994.2
99999.1
100001
99999.3
99994.4
99988.4
99983.9
99982.8
99985
99989.5
99997.1
99998.5
100000
100002
100003
100004
100004
100004
100003
100001
99998.6
99996
99993.2
99990.6
99988
99985.8
99997.2
99998.9
100001
100002
100003
100004
100004
100004
100003
100001
99999.4
99997
99994.2
99991.4
99988.6
99986
99996.8
99998.7
100000
100002
100003
100003
100004
100003
100003
100002
99999.9
99997.8
99995
99992.2
99989.3
99986.2
99996.3
99998.1
99999.5
100001
100002
100002
100002
100003
100002
100001
100000
99998.4
99996.2
99993.6
99990.5
99987.1
99995.8
99997.2
99998.2
99999
99999.5
100000
100000
100001
100001
100001
100000
99999.3
99997.6
99995.3
99992.4
99988.8
99995.5
99996.2
99996.5
99996.6
99996.7
99997
99997.4
99998.1
99998.9
99999.7
100000
100000
99999.3
99997.5
99994.9
99991.4
99995.4
99995.1
99994.4
99993.6
99993.1
99993
99993.5
99994.5
99996
99997.7
99999.4
100001
100001
100000
99998.2
99995
99995.5
99994.1
99992.4
99990.7
99989.4
99988.9
99989.2
99990.5
99992.6
99995.3
99998.1
100001
100002
100003
100002
99998.8
99996
99993.5
99990.7
99988.2
99986.2
99985.2
99985.3
99986.6
99989.2
99992.6
99996.5
100000
100003
100005
100005
100002
99996.5
99993.2
99989.7
99986.4
99983.9
99982.4
99982.3
99983.5
99986.1
99990
99994.6
99999.3
100004
100006
100007
100005
99997.1
99993.4
99989.4
99985.8
99982.9
99981.1
99980.6
99981.6
99983.9
99987.7
99992.4
99997.7
100003
100007
100008
100007
99997.5
99993.8
99989.9
99986.3
99983.4
99981.4
99980.6
99981.1
99982.8
99985.9
99990.3
99995.6
100001
100006
100008
100008
99997.7
99994.4
99990.9
99987.7
99985.1
99983.1
99982.1
99981.9
99982.9
99985.1
99988.7
99993.6
99999
100004
100007
100007
99997.7
99994.8
99991.8
99989.1
99986.8
99984.9
99983.7
99983.2
99983.4
99984.9
99987.7
99992
99997.2
100002
100006
100006
99997.6
99995.2
99992.8
99990.5
99988.6
99986.9
99985.6
99984.6
99984.2
99984.9
99986.9
99990.6
99995.5
100001
100004
100005
99997.4
99995.5
99993.6
99991.9
99990.3
99988.8
99987.4
99986.1
99985.2
99985.1
99986.3
99989.3
99993.9
99998.9
100003
100004
99997.2
99995.7
99994.4
99993.1
99991.9
99990.7
99989.2
99987.6
99986.2
99985.4
99985.9
99988.3
99992.4
99997.4
100001
100003
99996.9
99995.9
99995
99994.2
99993.4
99992.3
99990.8
99989
99987.1
99985.7
99985.6
99987.4
99991.2
99996
100000
100002
99987.7
99985.7
99983.7
99982.2
99981
99980.4
99980.4
99981
99982.2
99983.8
99985.8
99988
99990.3
99992.5
99994.4
99996
99986.3
99983.4
99980.8
99978.7
99977.2
99976.3
99976.1
99976.6
99977.9
99979.7
99982
99984.7
99987.5
99990.2
99992.8
99995.1
99985.5
99982.1
99979.2
99976.7
99974.9
99973.8
99973.5
99974
99975.2
99977.2
99979.7
99982.7
99985.7
99988.8
99991.7
99994.4
99985.7
99982.1
99978.9
99976.3
99974.4
99973.2
99972.8
99973.3
99974.5
99976.4
99979
99982
99985.1
99988.3
99991.3
99994
99986.8
99983.2
99980.1
99977.7
99975.8
99974.7
99974.3
99974.6
99975.7
99977.5
99979.9
99982.7
99985.7
99988.7
99991.5
99993.9
99988.7
99985.6
99983
99980.9
99979.4
99978.4
99978
99978.2
99979
99980.5
99982.5
99985
99987.6
99990.2
99992.5
99994.2
99991.5
99989.2
99987.5
99986.2
99985.4
99984.7
99984.3
99984.3
99984.6
99985.6
99987
99988.9
99990.9
99992.8
99994.2
99995.1
99994.4
99993.4
99992.9
99992.7
99992.7
99992.5
99992.1
99991.7
99991.4
99991.7
99992.4
99993.5
99994.8
99995.9
99996.5
99996.4
99997.2
99997.4
99998.4
99999.5
100000
100001
100000
99999.2
99998.3
99997.8
99997.8
99998.2
99998.8
99999.1
99998.9
99997.8
99999.2
100001
100003
100006
100007
100008
100007
100006
100004
100003
100002
100002
100002
100002
100001
99999.2
100000
100003
100007
100010
100012
100013
100012
100010
100008
100006
100005
100004
100004
100004
100002
100000
100000
100004
100008
100012
100015
100016
100014
100012
100009
100007
100005
100005
100005
100004
100003
100001
99999.2
100003
100008
100012
100015
100015
100014
100010
100007
100005
100004
100004
100004
100004
100003
100001
99998.2
100002
100007
100011
100014
100014
100012
100008
100005
100003
100002
100003
100003
100003
100002
100000
99997
100001
100005
100009
100012
100012
100009
100006
100002
100001
100000
100001
100002
100002
100002
99999.9
99995.9
99999.4
100004
100008
100010
100010
100007
100003
99999.8
99998.4
99998.4
99999.5
100001
100001
100001
99999.3
99994.9
99998.1
100002
100006
100008
100007
100005
100001
99997.3
99996.2
99996.5
99997.9
99999.4
100000
99999.8
99998.7
99994
99997
100001
100004
100006
100005
100002
99998.3
99995.1
99994.2
99994.8
99996.5
99998.2
99999.1
99999
99998.1
99994.4
99997.9
99999.5
99999.4
99998.2
99996.4
99994.5
99993.5
99994
99995.8
99997.7
99998.6
99997.9
99995.7
99993.4
99992.1
99994.8
99998.9
100001
100001
100001
99998.9
99997
99995.7
99995.9
99997.3
99999
99999.5
99998.4
99995.8
99992.9
99991.3
99995.3
99999.9
100002
100003
100003
100001
99999.5
99998
99997.8
99999
100000
100001
99999
99996
99992.6
99990.5
99996.1
100001
100004
100005
100005
100004
100002
100000
99999.8
100001
100002
100002
99999.7
99996.3
99992.4
99989.8
99997.1
100002
100005
100006
100007
100006
100004
100002
100002
100002
100003
100003
100000
99996.7
99992.5
99989.4
99998.3
100003
100005
100007
100008
100008
100006
100004
100003
100004
100004
100004
100001
99997.2
99992.7
99989.3
99999.8
100004
100006
100007
100008
100009
100007
100005
100004
100004
100005
100004
100002
99997.7
99993.2
99989.7
100001
100004
100005
100006
100008
100009
100007
100005
100004
100005
100005
100004
100002
99998.3
99994
99990.6
100003
100004
100003
100004
100006
100007
100006
100005
100004
100004
100004
100004
100002
99998.8
99995.1
99992.1
100004
100003
100001
100000
100002
100004
100004
100002
100002
100002
100002
100002
100001
99999.1
99996.3
99994.1
100005
100002
99997.3
99995.8
99998.1
100001
100001
99999.2
99998.7
99999.2
99999.8
100000
100000
99999.1
99997.6
99996.6
100005
100000
99993.3
99990.8
99993.1
99996.1
99996.4
99995.2
99995.1
99995.8
99996.5
99997.2
99998.4
99998.9
99998.9
99999.2
100005
99997.8
99989.4
99986
99988.4
99991.9
99992.3
99991.2
99991.4
99992.3
99993
99994
99996.3
99998.3
99999.8
100002
100003
99995.4
99986.4
99982.6
99985.4
99989.1
99989.4
99988.2
99988.8
99989.9
99990.2
99991.3
99994.4
99997.7
100000
100003
99999.8
99993.5
99985.2
99981.8
99985.2
99989.1
99988.9
99987.4
99988.4
99989.5
99989.2
99989.9
99993.4
99997.3
100000
100003
99996.1
99992.6
99986.6
99984.6
99988.7
99992.5
99991.5
99989.5
99990.9
99992.1
99990.8
99990.7
99993.9
99997.5
99999.6
100002
99992.6
99993.3
99990.8
99990.9
99995.6
99998.9
99996.9
99994.2
99996.2
99997.6
99995.4
99994
99996.3
99998.5
99998.6
99999.1
99990.5
99995.8
99997.2
99999.2
100004
100006
100003
99999.9
100003
100005
100002
99999
100000
100000
99997.7
99995.8
99991.1
99999.5
100004
100006
100010
100011
100007
100003
100007
100010
100007
100004
100004
100002
99997.3
99993.6
99994.8
100003
100007
100008
100009
100009
100005
100002
100007
100010
100007
100005
100005
100003
99997.6
99993.8
100000
100005
100005
100003
100001
100000
99997.9
99995.8
100000
100003
100002
100001
100002
100002
99998.4
99997.4
100004
100002
99998.3
99994.1
99990.2
99989.7
99990.5
99989.7
99992.7
99993.4
99993.9
99994.5
99997
99999.4
99999.5
100003
100003
99996.1
99991.8
99989.3
99986.2
99987.3
99990.5
99990.8
99990.6
99987.9
99989.4
99990.5
99992.8
99997.1
100000
100007
99997
99992.4
99992
99993.3
99993.1
99995.8
100000
99999.9
99997.3
99992.5
99994.7
99994.9
99994.6
99997.8
100000
100006
99993.8
99996.8
99998.7
100003
100004
100005
100007
100005
100006
100002
100006
100005
100001
100001
99999.6
100000
99997.6
100002
100005
100008
100008
100006
100003
99999.6
100006
100006
100010
100009
100005
100003
99999.2
99995.9
100002
100002
99999.6
99996.4
99996.9
99996.6
99995.8
99996.6
99998.5
99996.1
99996.2
99996.6
99998.5
100000
100002
100003
100000
99998.3
99999.9
100000
99999.4
100001
100000
100000
99998.9
100000
100001
100001
100002
100001
100002
100004
99999.3
100001
100000
100000
100000
99999.8
99998.8
99999
99998.1
99999.7
100000
100002
100002
100004
100003
100004
100001
99999.9
99999.7
100000
100001
100000
100001
100000
99999.4
99999.2
99998.5
100001
100001
100002
100004
100004
100000
100000
100000
100000
100000
100001
99999.6
100000
100000
100000
100001
100000
100002
100003
100004
100005
100001
100000
100001
100002
100001
100002
100001
100001
100001
100001
100000
100001
100001
100002
100002
100004
100001
100001
99999.6
100000
100000
99999.8
100000
100001
100001
100002
100003
100002
100002
100003
100003
100004
100002
100001
100002
100002
100002
100001
100001
100001
100001
100002
100001
100003
100003
100004
100003
100004
100001
99999.9
99999.4
99999.7
99999.4
100000
100000
100001
100002
100002
100003
100004
100004
100004
100003
100004
100001
100001
100001
100002
100001
100001
100000
100001
100002
100003
100004
100004
100004
100003
100003
100003
100001
99999.5
99998.9
99998.4
99999.3
100000
100001
100002
100003
100004
100004
100005
100005
100004
100003
100003
100002
100001
100001
100001
99999.9
100000
100000
100002
100003
100004
100006
100006
100004
100003
100002
100002
100000
99999.1
99997.6
99998.2
99999.1
99999.7
99999.7
100001
100003
100005
100005
100005
100005
100004
100002
100001
100002
100001
100001
99999.2
99998.6
99998.9
99999.3
100001
100003
100004
100006
100006
100004
100003
100001
99999.9
99999.9
99998.1
99997.9
99998.4
99998.3
99998.1
99998.4
100001
100003
100004
100006
100006
100004
100003
100001
100000
100002
100002
100000
99998.3
99997.9
99997.1
99997.5
99999.9
100003
100003
100007
100006
100004
100002
99999.8
99998.6
100000
99998
99999.6
99998.3
99997.3
99995.8
99996.3
99999.1
100003
100002
100007
100005
100002
100001
99998.9
99997
100002
100002
99999.3
99996.9
99996.6
99994.1
99994.8
99997.9
100002
100000
100008
100005
100003
100000
99997.5
99997.2
99999
99998.6
99999.3
99996.4
99995.8
99992.1
99993
99996.2
100001
99998.4
100009
100003
100002
99999
99996.5
99994.6
100002
99999.7
99998.7
99995.8
99995.6
99990
99990.9
99994.1
99999.6
99996.1
100010
100004
100002
99998.5
99995.8
99994.6
99998.3
100000
99999.1
99995.4
99994.9
99987.9
99988.6
99991.4
99998.3
99994
100011
100001
100002
99997.5
99994.1
99993.3
100003
99999
99999.2
99995.8
99995.3
99986.3
99986.2
99988
99996.6
99991.9
100011
100001
100002
99996.9
99994.1
99991.4
99998.7
100001
99999.8
99995.7
99994.3
99984.9
99984
99984.8
99994.9
99989.6
100012
99997.3
100001
99995.1
99991.9
99990.8
100003
100000
100000
99996.5
99994.3
99984.1
99981.9
99981.7
99993.1
99987.4
100012
99997.5
100001
99995.2
99992.2
99989
100001
100003
100001
99997
99994.4
99983.7
99980.1
99979.1
99991.4
99985.6
100012
99994.2
100001
99993.3
99990.9
99987.7
100003
100002
100001
99998.5
99994.9
99983.9
99978.5
99977.1
99989.7
99984.4
100011
99994.1
100000
99993.7
99990.8
99987.1
100002
100004
100002
99999.9
99995.8
99984.5
99977.7
99976
99988.6
99983.7
100009
99990.7
99999.5
99991.9
99990.2
99984.8
100004
100004
100003
100002
99996.9
99985.5
99977.8
99976
99988.1
99983.6
100007
99991.2
99998.5
99992.2
99990.1
99985.5
100004
100006
100003
100003
99997.9
99986.8
99979
99977.2
99988.9
99984.4
100004
99987.7
99997.1
99990.5
99990
99983.2
100006
100007
100004
100005
99998.5
99988.6
99981.2
99979
99991
99986.3
100001
99988.7
99996
99990.5
99989
99983.4
100006
100009
100004
100006
99999
99990.8
99984.4
99981.7
99994
99989
99997.1
99986.4
99994.6
99989.4
99989.8
99982.5
100007
100010
100003
100007
99999.3
99993.6
99988.4
99986
99998.1
99992.6
99993.3
99986.9
99993.8
99989.7
99988.4
99982
100007
100010
100002
100007
99999.3
99996.7
99993
99990.6
100003
99996.8
99989.3
99986.3
99992.4
99989.1
99989.8
99982.3
100006
100010
100001
100006
99999.4
100000
99998.2
99996.5
100008
100001
99985.1
99985.3
99991.7
99989.6
99988.8
99981.8
100006
100010
99999.9
100003
99999.2
100004
100003
100002
100013
100006
99980.7
99986.9
99990.1
99989.2
99990.2
99982.6
100006
100010
99997.8
100001
99999.3
100008
100009
100008
100018
100011
99976.4
99985.1
99989.3
99989.6
99989.6
99982.3
100006
100009
99995.7
99995
99999.2
100011
100013
100014
100022
100015
99972.5
99986.1
99988.3
99989.4
99990.6
99983.4
100005
100007
99993.5
99994.7
99999.5
100014
100018
100019
100026
100018
99968.8
99984.8
99987
99989.6
99991.5
99983
100005
100004
99990.8
99982.2
99999.2
100016
100019
100023
100029
100019
99965.6
99984.4
99986.2
99989.4
99991.4
99984.6
100004
100002
99989.5
99977.5
99998
100015
100021
100027
100030
100020
99963
99984.1
99985.2
99989.5
99993.7
99985.3
100004
99999.4
99985.8
99975.1
99998.1
100016
100020
100028
100030
100019
99961.3
99983.2
99984.2
99989.2
99992.9
99987.1
100004
99997.6
99985.6
99973.8
99998.3
100013
100019
100028
100029
100018
99960.8
99982.4
99983.8
99989.6
99995.5
99988.6
100003
99995.6
99981
99973.8
99999.4
100012
100016
100027
100026
100015
99961.8
99980.8
99982.8
99989.4
99995.2
99990.5
100004
99995.2
99986.7
99976.9
100002
100010
100014
100024
100022
100011
99963.8
99979.8
99982.3
99989.5
99997
99992.3
100002
99995.5
99986.8
99982.5
100004
100008
100009
100019
100017
100007
99967.2
99977.1
99981.4
99989.2
99997.3
99993.6
100003
99995.8
99991
99990.4
100007
100008
100007
100014
100012
100003
99970.9
99974.7
99980.4
99988.8
99998.4
99995.8
100003
99996.8
99994.9
99998.8
100009
100008
100003
100008
100006
100000
99974.3
99972.1
99979.1
99988.7
99999.3
99997.1
100002
99997.4
99998.7
100007
100012
100008
100001
100002
100001
99997.8
99977.2
99969.4
99977.6
99988.3
100000
99998.7
100002
99997.9
100002
100014
100015
100009
99998.7
99996.3
99996.4
99995.9
99980
99967
99976.3
99987.9
100001
100000
100001
99998.3
100005
100020
100017
100009
99996.3
99990.9
99992.1
99994.3
99982.6
99964.7
99974.3
99988.1
100002
100001
99999.9
99999.1
100008
100024
100020
100011
99993.9
99985.8
99987.9
99993.2
99985.1
99962.4
99972.6
99988.4
100003
100003
99999
99999.9
100009
100027
100021
100011
99993.5
99981.6
99984.7
99992.6
99987.5
99960.5
99971.1
99988.9
100004
100004
99998.1
100001
100010
100028
100023
100012
99991.7
99977.4
99982.1
99992.6
99989.9
99958.4
99969.8
99989.7
100006
100005
99997.2
100001
100009
100029
100023
100012
99990.2
99974.7
99979.2
99993.1
99992.1
99957
99968.6
99990
100007
100007
99996.2
100001
100009
100028
100023
100013
99990
99972.2
99978.4
99993.9
99994.2
99955.4
99967.7
99991.7
100008
100007
99995.3
100000
100008
100026
100023
100013
99990.9
99970.5
99976.2
99995.1
99996.3
99954
99966.8
99991.8
100010
100009
99994.6
100000
100007
100024
100021
100012
99988.9
99969.4
99976
99996.6
99998.2
99953.6
99966.2
99993.3
100011
100009
99994.2
100000
100005
100020
100020
100013
99990.9
99969.5
99975.6
99998.3
100000
99952.6
99965.4
99994.3
100014
100013
99993.8
99999.7
100004
100017
100018
100012
99990.3
99969.3
99975.3
100000
100002
99951.7
99964.8
99994.9
100014
100012
99998.9
99994.1
99988.4
99984.5
99984.5
99988.4
99994.3
99999.4
100001
99999.1
99993.6
99987.2
99982.5
99981.4
99984
99989.1
99997.6
99993.1
99987.5
99983.8
99984.1
99988.4
99994.6
99999.8
100002
99999
99993
99986
99981.1
99980
99983.1
99988.8
99996.2
99992.1
99986.7
99983.2
99983.8
99988.5
99995
100000
100002
99999
99992.6
99985.2
99980
99979
99982.5
99988.8
99994.9
99991.1
99986
99982.9
99983.8
99988.8
99995.6
100001
100002
99999.3
99992.5
99984.8
99979.4
99978.4
99982.3
99989.2
99993.6
99990.3
99985.6
99982.8
99984
99989.3
99996.3
100002
100003
99999.7
99992.8
99985
99979.4
99978.6
99982.7
99990
99992.5
99989.9
99985.6
99983.1
99984.6
99990.2
99997.2
100003
100004
100000
99993.4
99985.8
99980.3
99979.5
99983.9
99991.3
99991.9
99989.9
99986.1
99983.8
99985.6
99991.3
99998.2
100003
100004
100001
99994.5
99987.2
99982.1
99981.5
99985.8
99993.2
99991.7
99990.5
99987.1
99985.1
99987
99992.6
99999.1
100004
100005
100002
99995.7
99989.3
99984.9
99984.5
99988.7
99995.6
99992.1
99991.6
99988.7
99986.9
99988.8
99993.9
99999.8
100004
100004
100002
99997
99992
99988.5
99988.4
99992.3
99998.5
99993.2
99993.3
99990.8
99989.1
99990.7
99995.2
100000
100003
100003
100001
99997.9
99994.8
99992.7
99993.1
99996.4
100002
99994.7
99995.4
99993.2
99991.4
99992.6
99996.1
99999.6
100001
100001
99999.3
99998.2
99997.5
99997.2
99998
100001
100005
99996.4
99997.5
99995.5
99993.5
99994.1
99996.5
99998.3
99998
99996.7
99996.2
99997.4
99999.6
100001
100003
100004
100007
99998
99999.2
99997.1
99994.9
99994.8
99996
99996
99993.9
99991.6
99991.9
99995.4
100000
100004
100006
100007
100007
99998.9
99999.9
99997.7
99995.2
99994.6
99994.8
99993.2
99989.4
99986.1
99986.8
99992.4
100000
100006
100007
100007
100006
99998.6
99999.2
99996.6
99994.1
99993.5
99993.2
99990.7
99985.6
99981.4
99982.3
99989.1
99998.5
100005
100006
100004
100002
99996.9
99996.9
99994.1
99991.8
99991.8
99992
99989.5
99984
99979.5
99980.1
99986.9
99996.5
100003
100002
99998.7
99996.8
99994
99993.5
99990.6
99989.1
99990.4
99992
99990.6
99986.1
99982
99982.1
99987.5
99995.1
99999.3
99997.1
99992.1
99990.4
99991.1
99990.2
99987.6
99987.2
99990.2
99993.7
99994.4
99992.1
99989.4
99989
99991.6
99995.4
99996.5
99992.3
99986.4
99985.3
99989.5
99988.5
99986.4
99987.2
99991.7
99996.7
99999.5
100000
99999.6
99999.2
99998.5
99997.4
99995
99989.8
99984.4
99984.2
99990.1
99989.3
99987.9
99989.4
99994.1
99999.1
100003
100005
100008
100008
100005
99999.6
99994.9
99990.9
99987.9
99988.6
99992.8
99992.2
99991.4
99992.7
99995.8
99998.4
100000
100004
100009
100010
100006
99999.2
99995
99994.9
99996.1
99997.5
99995.1
99994.6
99994.2
99994.4
99994.7
99993.7
99992.5
99994.6
99999.9
100002
99999.4
99994.7
99993.9
99999
100005
100006
99994.3
99993.7
99993.9
99993.2
99991.3
99988.2
99984.7
99984.7
99988.4
99990.6
99989.9
99989.4
99992.5
100000
100008
100009
99990.3
99989.9
99991
99990.5
99989.2
99987.9
99986.1
99985.2
99986.2
99986.1
99986.9
99990.1
99994.1
99998.7
100002
100002
99987.4
99987.7
99989.7
99990.1
99992
99995.5
99998.3
99998.4
99997.3
99994.7
99995.7
99999.7
100000
99996.8
99992.9
99992.2
99989.4
99990.1
99991.7
99992.6
99996.3
100002
100007
100008
100007
100005
100006
100008
100004
99996.6
99990
99991
99991.5
99992
99992.3
99992.1
99992.2
99990.9
99992.3
99993.4
99996.2
99997.5
99997.5
99995.6
99995.1
99998
100002
100001
99990.6
99990.8
99990.2
99991.5
99992.7
99995.5
99997.6
99997.7
99997.7
99998.2
99999.1
99999.6
99999.6
100001
99999.5
100001
99991.9
99990.7
99991.6
99993
99993.3
99994.5
99995.3
99997.3
99999
99999
99999
99998.9
99999.7
99999.4
99999.6
100000
99989.8
99991.4
99992.1
99991.7
99994.6
99994.9
99996.4
99997.5
99998.3
99999.6
100001
100001
100000
100001
100001
100001
99990.7
99990.9
99991.8
99993.8
99994.3
99995.6
99996.2
99997.2
99998.5
99999
99999.7
100001
100002
100000
100001
100000
99989.2
99990.4
99992.2
99993.1
99995.2
99995.9
99996.9
99997
99999
100001
100003
100002
100002
100002
100001
100002
99989.8
99990.4
99991.6
99993.7
99995.2
99995.9
99996.9
99998.2
100001
100001
100002
100003
100002
100002
100001
100001
99988.9
99990.4
99992.6
99993.6
99995.1
99996.4
99997.3
99998.2
100000
100002
100003
100003
100004
100003
100003
100002
99990.2
99990.9
99992.7
99994
99995.3
99996.3
99997.8
99999
100001
100002
100002
100003
100004
100004
100002
100002
99990.8
99992
99993.7
99994.9
99996.1
99996.9
99998.5
99999.2
100001
100002
100003
100005
100005
100004
100003
100003
99990.6
99991.7
99994.3
99995
99996
99997.4
99998.7
99999.1
100001
100002
100002
100003
100005
100005
100004
100002
99991.4
99991.8
99994.6
99995.8
99997.1
99997.6
99998.9
99999.6
100001
100002
100004
100005
100005
100005
100003
100003
99990.9
99991.6
99994.9
99996.3
99997.8
99998.5
99999.7
100000
100002
100003
100003
100004
100004
100005
100004
100003
99990.8
99991.9
99995.5
99996.7
99998.9
99999.2
100000
100001
100002
100003
100004
100004
100005
100005
100004
100002
99991.4
99992.3
99996.5
99997.3
99999.9
100000
100001
100002
100003
100004
100003
100004
100004
100005
100003
100002
99992.4
99993.7
99997.2
99997.9
100001
100001
100002
100002
100003
100003
100004
100004
100005
100004
100004
100003
99993.3
99994.2
99998.4
99999.2
100003
100002
100002
100002
100002
100003
100003
100003
100004
100003
100003
100001
99994.4
99994.7
99998.3
100001
100004
100003
100002
100002
100001
100001
100002
100003
100004
100004
100003
100003
99993.7
99994
99998.7
100002
100006
100004
100002
100002
100001
100001
100002
100001
100003
100002
100002
100001
99993.6
99994
99998.3
100004
100008
100005
100003
100002
100000
99999.8
100001
100001
100003
100004
100004
100004
99993.4
99992.6
99998.2
100007
100010
100007
100003
100001
99999.5
99998.9
100001
99998.7
100001
100001
100001
100001
99994.1
99987.7
99997.6
100009
100012
100008
100003
99999.7
99998.7
99997.9
100000
99998.4
100002
100003
100003
100003
99994.4
99993.9
99997.2
100011
100015
100009
100002
99998.1
99997.4
99996.8
99999.6
99996.4
99999.5
100000
100000
100000
99995.2
99995.4
99996.2
100013
100017
100009
100002
99996
99995.1
99994.6
99998.3
99995.2
99998.8
100001
100002
100004
99996
99994.4
99995.1
100015
100019
100010
100001
99993
99991.8
99991.6
99996.3
99992.7
99996.4
99999.2
99999.3
100000
99994.2
99994.8
99993.2
100016
100020
100010
99998.9
99989.2
99987.9
99988.2
99994.2
99990.8
99994.7
99999.2
100001
100004
99995.5
99993.4
99991.2
100017
100022
100011
99996.9
99984.8
99983.1
99984.5
99991.8
99988.5
99992.6
99997.7
99999.2
100000
99994.2
99992.6
99988.5
100017
100023
100011
99994.3
99979.9
99977.7
99980.3
99989.1
99986
99990.5
99997
100000
100004
99994
99990
99985.9
100016
100023
100010
99991
99974.3
99971.8
99975.6
99985.6
99983.2
99988.4
99995.7
99999.8
100001
99993.5
99988
99982.5
100015
100024
100010
99987.7
99968.3
99965.7
99970.1
99981.6
99979.8
99985.9
99994.2
99999.5
100003
99993.2
99986.5
99979.5
100013
100024
100009
99984.1
99962.3
99959.4
99964.7
99977.2
99976.2
99983.6
99992.7
99999.9
100003
99993.3
99986.7
99976.2
100011
100025
100008
99980.5
99956.2
99953.2
99959.1
99972.9
99972.6
99981.5
99991.5
99999.7
100003
99992.1
99984.7
99973.6
100007
100025
100008
99977.1
99950.3
99947.1
99953.9
99968.9
99969.2
99979.9
99990.7
100000
100005
99991
99983.6
99971.2
100005
100025
100007
99974.2
99945
99941.5
99949.2
99965.1
99965.9
99978.6
99990.1
100001
100005
99991
99981.4
99969.9
100002
100025
100007
99971.6
99940.3
99936.7
99945.1
99961.6
99962.8
99977.2
99989.7
100001
100006
99990.7
99980.2
99969
99999.5
100025
100007
99969.6
99936.6
99933.1
99941.8
99959.7
99960.3
99975.9
99989.4
100003
100007
99990.4
99979
99969.4
99997.4
100025
100007
99968.3
99934.1
99930.9
99939.8
99958.4
99957.4
99974.4
99989.4
100004
100008
99990
99978.5
99970.2
99996.4
100026
100008
99967.9
99932.8
99930.3
99939.3
99957.9
99955.8
99974.2
99989.8
100007
100010
99989.1
99976.1
99971.8
99996
100027
100009
99968.5
99933
99931.6
99940.6
99958.5
99954.2
99973.1
99990.9
100009
100011
99988.6
99975.7
99973.5
99996.6
100028
100011
99970
99934.9
99934.8
99943.9
99960
99953.1
99972.8
99992.1
100011
100013
99987.7
99977.8
99976.6
99997.8
100029
100013
99972.6
99938.5
99940.1
99949.2
99962.8
99952.7
99972.5
99993.8
100015
100014
99987.4
99981.1
99979.9
99999.7
100031
100016
99977.1
99943.8
99947.2
99956.7
99966.8
99952.8
99973.7
99995.4
100018
100016
99987.8
99983.2
99984
100002
100032
100019
99982.4
99952
99955.9
99966.4
99972.1
99953.7
99975.5
99997.3
100020
100017
99988.8
99987.1
99988.5
100004
100033
100022
99989.2
99961.7
99967.3
99978.8
99978.8
99955.4
99978
99999.4
100022
100018
99990.5
99991
99993.4
100007
100033
100026
99996.5
99973.2
99979.7
99993.3
99986.9
99958.4
99981.2
100002
100023
100018
99992.5
99996
99997.8
100009
100032
100029
100004
99985.2
99992.5
100008
99996.4
99962.6
99985.3
100004
100023
100017
99995.1
100000
100002
100010
100031
100031
100011
99996.5
100005
100022
100006
99968
99989.9
100006
100022
100014
99998.1
100004
100005
100011
100029
100032
100017
100007
100017
100035
100016
99974.4
99995.1
100007
100020
100011
100001
100007
100008
100011
100027
100033
100023
100015
100027
100046
100025
99981.4
100001
100008
100017
100008
100004
100010
100009
100011
100023
100032
100026
100022
100035
100055
100035
99988.8
100007
100010
100014
100003
100007
100012
100010
100009
100020
100031
100028
100026
100040
100063
100044
99996.5
100012
100011
100009
99998.7
100010
100014
100011
100008
100016
100028
100029
100028
100043
100068
100052
100004
100018
100012
100004
99993.7
100013
100015
100011
100006
100012
100026
100028
100028
100044
100072
100059
100012
100023
100012
100000
99989.6
100014
100015
100010
100003
100008
100023
100027
100028
100043
100073
100064
100019
100028
100013
99994.1
99985.4
100016
100015
100008
100001
100005
100019
100025
100026
100041
100074
100068
100027
100032
100013
99991.1
99981.2
100017
100014
100007
99998.4
100002
100016
100023
100024
100038
100072
100071
100034
100037
100012
99985.4
99977.9
100018
100013
100005
99996.6
99998.7
100013
100019
100021
100034
100070
100073
100040
100039
100011
99982.5
99974.2
100018
100011
100003
99993.9
99995.5
100009
100017
100019
100030
100066
100073
100046
100043
100012
99977.1
99972
100017
100009
100001
99992.2
99993.1
100007
100014
100016
100025
100062
100073
100050
100044
100008
99975.7
99969
99996.6
99996.1
99995.8
99995.5
99995.1
99994.2
99992.7
99990.7
99988.3
99986.2
99985.4
99986.5
99989.7
99994.3
99998.6
100001
99996
99996.2
99996.6
99997.1
99997.2
99996.6
99995.1
99992.8
99989.8
99987
99985.2
99985.4
99987.9
99992.2
99996.6
99998.9
99995.4
99996.2
99997.5
99998.6
99999.3
99999
99997.6
99995
99991.6
99988
99985.2
99984.4
99986.1
99990
99994.4
99997.1
99994.5
99996.2
99998.2
100000
100001
100001
100000
99997.4
99993.5
99989.1
99985.5
99983.6
99984.4
99987.8
99992.1
99995.2
99993.6
99996
99998.7
100001
100003
100003
100002
99999.6
99995.4
99990.5
99986
99983.1
99982.9
99985.6
99989.9
99993.3
99992.6
99995.6
99999
100002
100004
100005
100004
100002
99997.2
99992
99986.8
99983
99981.8
99983.7
99987.8
99991.6
99991.5
99995
99998.9
100002
100005
100006
100005
100003
99998.8
99993.6
99988
99983.4
99981.1
99982.2
99986.1
99990.2
99990.6
99994.4
99998.4
100002
100005
100006
100006
100004
100000
99995.2
99989.6
99984.4
99981.2
99981.4
99984.8
99989.3
99990
99993.7
99997.5
100001
100003
100005
100005
100003
100001
99996.6
99991.6
99986.3
99982.2
99981.4
99984.3
99989.1
99989.9
99993.1
99996.1
99998.5
100000
100002
100002
100002
100000
99997.7
99993.9
99988.9
99984.2
99982.4
99984.6
99989.4
99990.4
99992.7
99994.3
99995.5
99996.5
99997.7
99998.7
99999.1
99998.9
99998.3
99996.3
99992.2
99987.2
99984.4
99985.8
99990.5
99991.9
99992.8
99992.6
99991.9
99991.8
99992.7
99994
99995.2
99996.6
99998.2
99998.5
99995.9
99991
99987.2
99987.7
99992
99994.4
99993.6
99991.1
99988.4
99987.1
99987.6
99989.1
99990.8
99993.5
99997.3
100000
99999.6
99995.1
99990.6
99989.9
99993.6
99997.7
99995.2
99990.4
99985.6
99983.2
99983.4
99984.9
99986.7
99990.1
99995.6
100001
100002
99998.8
99993.8
99992
99994.9
100001
99997.4
99990.7
99984.6
99981.6
99981.7
99982.9
99983.9
99986.8
99993.1
100000
100004
100001
99996
99993.3
99995.2
100004
99999.7
99992.4
99985.9
99983.1
99983.4
99984
99983.5
99984.7
99990.1
99998.1
100003
100002
99996.6
99993.2
99994.2
100006
100001
99995
99989.8
99988.1
99988.9
99988.7
99986
99984.2
99987.2
99994.1
99999.5
99999.2
99995.1
99991.7
99992.1
100004
100001
99997.8
99995.3
99995.4
99996.8
99995.7
99990.8
99985.8
99985.3
99989.4
99994.1
99994.9
99992.1
99989.3
99989.6
99999.7
99999
99999.5
100000
100002
100004
100002
99996.1
99989.1
99985.2
99985.7
99988.8
99990
99988.9
99987.4
99988
99993.2
99994.7
99999.3
100003
100005
100006
100004
99999.1
99992.8
99987.4
99984.8
99985.8
99987.1
99987.5
99987.3
99988.5
99988.3
99990.8
99997
99999.8
100000
99999.9
99999.3
99997.8
99995.7
99991.6
99987.5
99986.9
99987.9
99989.1
99989.6
99991.1
99988.9
99990.7
99994
99993.4
99990.7
99989
99989.9
99992.9
99996.7
99996.1
99992.5
99992.3
99992.2
99993.1
99993.1
99994
99996.5
99994.9
99993.3
99988.2
99983.4
99981.5
99982.6
99987.9
99995.4
99997.9
99995.7
99997.7
99996.3
99996.3
99994.8
99994.4
100004
100001
99995.9
99989.6
99985.9
99985.5
99985.2
99987.1
99992.5
99994.9
99993.4
99995.8
99995.5
99995.1
99992.6
99991.4
100002
100000
99998.9
99997.2
99997.9
99999.2
99995.9
99990.7
99989.2
99988.6
99987.1
99989.3
99989.8
99989.9
99988.3
99988.2
99995.2
99993.8
99997.9
100002
100005
100006
100002
99993.6
99987.5
99985.5
99984.7
99986.4
99985.5
99985.9
99986.6
99989.1
99995.7
99996.2
99993.7
99993.4
99990.8
99989
99989.5
99992.2
99992.2
99992.8
99993.9
99992.2
99989.7
99989.1
99990.4
99991.7
99997.2
99997.5
99996.6
99995.6
99994.7
99994.6
99993.5
99990.5
99989.3
99989.7
99988.2
99987.7
99989.6
99989.8
99989.9
99988.7
99998.3
99996.3
99996.1
99995.1
99993.8
99992.7
99992.8
99992.6
99991
99989.3
99990.1
99988.9
99987.7
99989
99990.4
99990.9
99998.2
99998.3
99996.1
99995.7
99995.9
99994.4
99992.9
99990.8
99990.6
99990.3
99987.4
99986.7
99987.4
99989
99989.6
99991.1
99998.9
99996.7
99996.6
99994.5
99992.6
99991.8
99991.6
99991.4
99990.5
99989.4
99989.2
99988.5
99989.3
99990.5
99990.8
99989.7
99998.7
99998.3
99996.2
99995.8
99995.1
99994.1
99993.4
99991.3
99990.5
99989
99987.9
99987
99987.7
99988.6
99988.2
99989.1
99999.6
99997.8
99997.1
99994.9
99993.8
99991.9
99991.2
99990.5
99990.8
99990.3
99988.6
99988.3
99989.6
99989
99988.9
99988.3
99999
99997.7
99996.9
99994.9
99995.2
99995.9
99995.6
99992.9
99991
99988.6
99987.4
99987.8
99987.9
99988.1
99987.1
99987.9
99998.9
99997.4
99995.2
99995.2
99995.2
99993.5
99992.4
99991.4
99991.9
99990.1
99989
99987.6
99988.4
99987.9
99988.2
99989
99998.9
99996.5
99996.9
99996.2
99996
99994.9
99995
99993.1
99992.4
99989.8
99987.4
99987.2
99989.1
99988.3
99988.3
99988.7
99998.1
99996.3
99997
99996.6
99996.5
99993.9
99992.7
99990.6
99991.1
99989.6
99988.5
99987.4
99987.2
99987.4
99988.4
99989.1
99998.2
99996.8
99997.4
99996.5
99996.4
99994.9
99994.5
99992.4
99991.7
99989.3
99987.9
99986.3
99988.4
99988.6
99989.7
99990.3
99996.8
99996.8
99997.7
99996.5
99995.9
99994.5
99994.3
99991.4
99990.5
99988.7
99987.8
99986.6
99987.1
99987.4
99988.7
99989.2
99997
99995.9
99996
99996
99996.4
99995
99994.4
99991.8
99990.9
99988.7
99987.6
99985.6
99986.9
99987.7
99989.6
99989.1
99995.7
99995.2
99996.2
99996.1
99995.8
99995.1
99993.9
99991.8
99990.7
99988.4
99987.9
99986
99987.3
99987.7
99989.2
99989
99995.1
99995
99996.6
99996.6
99997.7
99996
99995.3
99992
99990.5
99988.2
99987.7
99985.9
99987.3
99988.1
99990.1
99989.6
99994.5
99993.9
99995
99994
99996
99996.3
99997
99992.7
99990.9
99988.4
99988.6
99986.9
99988.5
99988.1
99990.2
99989.7
99993.7
99993.9
99995.5
99995.8
99997.6
99997.6
99998.4
99994.5
99991.4
99988.6
99987.8
99985.5
99988
99988.9
99990.9
99991.3
99992.6
99991.3
99993.8
99995.2
99996.9
99997.6
99997.9
99995
99992.4
99988.7
99988.2
99986.8
99989.7
99989.1
99989.8
99990.4
99991.4
99990.6
99994.6
99995.1
99998.4
99999
100000
99996.7
99993.2
99990
99988.5
99985.9
99988.8
99988.6
99990
99990.6
99989.8
99989.6
99992.7
99994.5
99998.3
99999.5
100000
99996.9
99994.5
99990
99988.7
99986.2
99990.3
99989.7
99993.8
99990.5
99988.7
99989.2
99992.2
99994.7
99999.4
100001
100007
100001
99997
99991.6
99989.5
99986.5
99989.9
99990.1
99995
99992.2
99987.1
99987.4
99992.4
99995.3
100001
100003
100006
100004
100000
99992.8
99990.1
99985.8
99990.1
99991.4
99995.2
99993.8
99986
99986.3
99990.8
99994.7
100002
100005
100009
100009
100004
99995.8
99991
99985.8
99989.6
99990.6
99991.3
99992.2
99984.4
99985.6
99991.4
99996.4
100004
100007
100012
100013
100008
99996.8
99991.8
99985.3
99988.9
99991
99993.5
99994.7
99983.2
99983.5
99990
99995.9
100005
100010
100013
100019
100012
100001
99993.1
99985.2
99988.4
99990.2
99992.2
99992.7
99981.2
99984
99989.9
99997.7
100006
100012
100019
100024
100015
100004
99994
99984.8
99987.7
99989.6
99992
99994.2
99980.1
99981.2
99989.9
99998.8
100009
100015
100024
100029
100019
100007
99994.7
99984.6
99986.8
99989.3
99995.8
99994
99978.2
99981.5
99988.7
99999.3
100009
100017
100028
100032
100022
100009
99995.8
99984.3
99985.5
99988.3
99990.7
99992.6
99976.7
99979.5
99988.4
100000
100012
100019
100033
100035
100024
100011
99997
99984.6
99984.5
99987.7
99990.6
99995
99974.9
99978.3
99987
100000
100012
100022
100035
100037
100025
100013
99998.1
99984.8
99983.7
99986.8
99991.6
99992.5
99973.5
99977.1
99986.5
100001
100013
100024
100037
100038
100026
100014
99999.2
99985.2
99983.1
99986.4
99989.6
99994.2
99971.7
99975.6
99985.1
100000
100012
100024
100037
100037
100025
100014
100000
99985.4
99982.5
99985.9
99994.8
99991.8
99970.8
99974.6
99984.3
100000
100012
100024
100037
100036
100024
100014
100001
99985.7
99982.4
99985.2
99992.8
99992.8
99969.1
99973
99983
99998.9
100012
100022
100034
100032
100022
100013
100002
99985.9
99982.2
99985
99990.4
99989.2
99968.5
99972.2
99982.5
99998
100012
100020
100032
100028
100020
100012
100003
99986.2
99981.7
99985.3
99989.3
99990.4
99967.2
99971.2
99981.6
99997.1
100010
100018
100027
100022
100016
100011
100003
99986.4
99981.4
99985.6
99990.6
99987.4
99967.4
99971.5
99981.9
99996.2
100010
100015
100023
100017
100012
100009
100004
99986.8
99981.4
99985.8
99992.2
99988.4
99967.2
99971.2
99982
99995.5
100008
100011
100017
100010
100007
100007
100004
99987.3
99981.7
99985.7
99990.6
99986.5
99968.3
99972.3
99983.7
99995.1
100008
100007
100010
100003
100002
100006
100004
99987.9
99982.3
99985.9
99990
99985.7
99969.1
99973.5
99985.4
99995.1
100006
100002
100002
99994.7
99997.3
100004
100004
99988.5
99982.9
99985.7
99988.7
99984.6
99971.1
99975.9
99988.4
99995.4
100005
99997.3
99994.5
99987.7
99992.5
100002
100003
99989.5
99983.8
99985.8
99988.1
99983.1
99972.6
99978.4
99991
99996.5
100004
99993.1
99986.8
99980.2
99988.2
100000
100003
99990.7
99984.6
99985.7
99987.4
99982.3
99975.7
99981.7
99994.7
99997.8
100004
99989.5
99980
99974.3
99984.3
99998.8
100003
99991.8
99985.8
99985.8
99987
99981.8
99978.5
99984.5
99997.9
99999.6
100003
99986.4
99973.7
99968.1
99981.1
99997.8
100002
99993.1
99986.9
99986
99986.5
99981.5
99982.2
99987.7
100001
100001
100003
99983.8
99968.4
99964.2
99979
99997.3
100002
99994.3
99988.4
99986.1
99986.7
99981.6
99985.3
99989.9
100003
100003
100003
99981.3
99964.4
99961.2
99978.1
99997.3
100002
99995.5
99989.8
99987
99987
99982.4
99989
99992.3
100005
100004
100002
99979.3
99961.7
99960.3
99978
99997.3
100002
99996.7
99991.5
99987.9
99988.2
99984
99992.1
99994
100007
100005
100001
99977.6
99960.5
99960.8
99979.1
99998.3
100001
99997.9
99993.1
99988.8
99989.2
99986.2
99995.5
99995.6
100008
100006
99999.9
99976.5
99960
99961.7
99980.6
99998.1
100002
99999.2
99994.9
99989.9
99991
99988.9
99998
99996.6
100009
100006
99999.6
99976
99960.6
99963.9
99982.5
99999.4
100001
100000
99996.8
99991.1
99992.8
99992.1
100001
99997.4
100009
100007
99998.6
99976.2
99961.9
99967
99985.1
99999
100002
100002
99998.8
99992.4
99995
99995.1
100002
99997.7
100009
100007
99997.6
99976.6
99964
99970.1
99987
100000
100002
100002
100001
99993.7
99997
99998.4
100004
99997.9
100008
100007
99996.1
99977.5
99966.5
99973.7
99990.1
99999.5
100002
100004
100002
99995.2
99999.4
100002
100005
99997.9
100008
100007
99995.9
99978.6
99969.5
99977.2
99991.8
100001
100002
100005
100004
99996.6
100001
100005
100007
99997.2
100007
100006
99994.9
99979.7
99972.7
99981.1
99993.8
100000
100002
100005
100006
99997.9
100003
100007
100007
99996.8
100006
100005
99994.1
99981.1
99976.3
99985.3
99996.5
99999
100001
100006
100007
99999.1
100004
100011
100008
99996.1
100005
100005
99992.5
99981.9
99979.9
99988.7
99997.3
99999.7
100002
100007
100009
100000
100007
100012
100008
99995.3
100004
100003
99992.4
99983.6
99983.5
99992.2
99999.4
99999.4
100001
100007
100010
100001
100007
100015
99992.9
99995.6
99999.1
100002
100004
100003
99999.6
99995.5
99992.4
99991.8
99992.9
99994.9
99996.8
99997.9
99997.9
99997.4
99991.6
99993.8
99996.9
99999.6
100001
99999.4
99996.1
99992
99989.2
99989
99990.6
99993
99995.1
99996.3
99996.5
99996.3
99990.3
99991.9
99994.5
99996.7
99997.3
99995.8
99992.4
99988.4
99985.9
99986.2
99988.3
99991
99993.4
99994.6
99994.9
99995
99989.1
99990.2
99992.1
99993.7
99993.9
99992.2
99988.8
99984.9
99982.8
99983.6
99986.2
99989.3
99991.7
99992.8
99993.2
99993.6
99988.2
99988.7
99989.9
99990.9
99990.6
99988.7
99985.4
99981.7
99980.1
99981.4
99984.6
99987.9
99990.2
99991.1
99991.5
99992.1
99987.7
99987.6
99988.2
99988.4
99987.7
99985.8
99982.6
99979.2
99978.2
99980.1
99983.7
99987.1
99989.1
99989.7
99989.8
99990.6
99987.8
99987.2
99987.1
99986.7
99985.6
99983.7
99980.9
99977.9
99977.5
99979.9
99983.8
99987.1
99988.7
99988.6
99988.4
99989.2
99988.6
99987.7
99987
99986
99984.7
99983
99980.6
99978.1
99978.3
99981.2
99985.3
99988.2
99989
99988.1
99987.3
99988.1
99990.4
99989.3
99988.1
99986.7
99985.2
99983.9
99982.2
99980.2
99980.9
99984.2
99988.2
99990.6
99990.3
99988.3
99986.9
99987.4
99993
99992.1
99990.6
99988.9
99987.5
99986.6
99985.8
99984.4
99985.5
99988.9
99992.6
99994.2
99992.7
99989.4
99987.2
99987.5
99996.4
99995.9
99994.4
99992.6
99991.4
99991.3
99991.3
99990.4
99991.8
99995.1
99998.3
99998.8
99995.9
99991.3
99988.4
99988.4
100000
100000
99999.1
99997.3
99996.5
99997.2
99998.1
99997.7
99999.1
100002
100004
100004
99999.6
99993.9
99990.5
99990.4
100004
100005
100004
100002
100002
100003
100005
100005
100006
100008
100010
100008
100003
99996.8
99993.3
99993.5
100007
100008
100008
100006
100007
100009
100011
100011
100011
100012
100013
100011
100006
99999.4
99996.5
99997.2
100007
100010
100009
100008
100009
100011
100013
100013
100012
100013
100013
100011
100006
100001
99999.3
100001
100005
100008
100007
100006
100007
100009
100011
100010
100008
100008
100008
100007
100004
100000
100001
100004
100001
100003
100002
100001
100001
100003
100004
100002
100000
99998.6
99998.4
99999.1
99998.8
99998.3
100001
100005
99995.8
99995.5
99994.6
99994.1
99994.3
99994.6
99993.9
99992
99989.9
99987.9
99987.9
99990.7
99993.4
99994.9
99998.3
100003
99991.7
99990.1
99989.2
99988.9
99988.9
99988
99986.3
99984.8
99983.1
99980.7
99980.8
99985.2
99989.9
99992.2
99994.7
99998.6
99991.4
99989.5
99989
99989.1
99989.3
99987.7
99985.8
99985.4
99984.9
99982.3
99981.6
99986.4
99991.4
99992.2
99991.7
99993
99996.5
99995.6
99995.7
99996.2
99997
99995.5
99994.3
99995.7
99996.8
99994
99992.1
99995.4
99998.3
99996
99991.5
99989.6
100004
100005
100006
100006
100008
100007
100007
100010
100013
100010
100007
100007
100007
100002
99995.1
99991.5
100009
100009
100011
100011
100013
100013
100014
100017
100020
100018
100015
100013
100010
100006
100001
99998.6
100007
100005
100006
100005
100006
100007
100006
100007
100008
100008
100007
100005
100002
100003
100003
100005
99997.4
99995.8
99996.9
99994.5
99993.6
99993.4
99991.6
99989.2
99988.3
99989.7
99992.3
99992.2
99990.8
99995.6
99998.5
100001
99993.1
99993.2
99998.3
99993.4
99991
99990.6
99989.2
99985.6
99982.7
99984.3
99988.5
99990.3
99991.1
99995.6
99995.2
99995
100006
100007
100004
100007
100009
100009
100010
100011
100009
100008
100007
100005
100003
100002
99998.9
99996.7
100003
100002
100003
100003
100001
100002
100000
99999.5
99999.8
99998.8
99999.2
100001
100002
99999.8
99998.7
99998.5
100004
100004
100004
100004
100004
100004
100004
100004
100002
100003
100002
100001
100001
100001
99999.2
99998
100004
100005
100004
100005
100005
100005
100004
100004
100003
100001
100002
100003
100002
100001
99999.7
99999.2
100005
100005
100005
100005
100004
100005
100004
100004
100004
100003
100003
100003
100003
100001
100000
99999.1
100005
100006
100005
100005
100006
100005
100005
100004
100004
100004
100004
100003
100003
100002
100001
99999.3
100005
100006
100005
100004
100004
100005
100004
100004
100005
100004
100004
100004
100003
100002
100001
99999.6
100004
100005
100005
100005
100005
100004
100005
100005
100004
100004
100004
100004
100003
100002
100001
100000
100003
100004
100004
100004
100003
100004
100004
100004
100005
100005
100004
100004
100003
100002
100001
99999.9
100003
100003
100002
100004
100003
100003
100003
100005
100005
100005
100005
100004
100003
100002
100001
100000
100002
100002
100001
100002
100002
100003
100004
100004
100005
100005
100005
100005
100003
100002
100001
99999.7
100001
100001
100000
100001
100002
100004
100004
100005
100005
100006
100005
100005
100004
100002
100001
99999.1
100001
99999.8
99999
99999.8
100001
100004
100005
100005
100005
100006
100005
100005
100003
100001
99999.8
99998.1
99998.8
99999.3
99998.6
99999.6
100001
100004
100006
100005
100005
100006
100006
100004
100002
100001
99999.1
99997.4
99997.8
99997.2
99997.3
99999.1
100001
100004
100005
100006
100005
100006
100005
100004
100003
100000
99998.4
99996.5
99997.4
99996.3
99996.2
99998.6
100001
100003
100006
100006
100006
100006
100005
100004
100001
99999.2
99997.3
99995.5
99995
99995
99994.9
99997.8
99999.7
100003
100005
100007
100006
100006
100004
100003
100002
99999.3
99997.2
99994.9
99994.3
99993.9
99993.6
99997
99999.9
100003
100006
100006
100006
100006
100005
100003
100001
99998.2
99995.6
99993.7
99993.2
99992.8
99992.2
99996.2
99999.1
100005
100006
100006
100006
100006
100004
100003
100001
99998.7
99995.9
99993.3
99991.1
99991.8
99990.7
99995.3
99999.8
100004
100008
100006
100006
100005
100005
100002
99999.7
99996.3
99994.1
99991.7
99990
99990.2
99989.3
99994.4
99996.8
100005
100006
100006
100005
100005
100005
100003
99999.7
99996.2
99993.4
99991
99989
99989.1
99987.7
99993.4
99996.6
100002
100010
100005
100005
100005
100004
100002
99998.8
99995.1
99991.6
99989.2
99986.1
99987.8
99985.9
99992.4
99994.2
100005
100006
100005
100004
100005
100004
100002
99998.6
99994.6
99990.6
99988.1
99986
99986
99984.4
99991.5
99993.4
99998.6
100007
100005
100003
100004
100004
100002
99997.7
99993.8
99989.5
99986.5
99983.9
99984.9
99982.9
99990.6
99991.7
99999.5
100004
100003
100003
100004
100004
100001
99997.5
99992.5
99988
99985.3
99981.7
99983.1
99981.6
99990.3
99991.2
99994.8
100002
100001
100001
100002
100003
100001
99996.2
99991.7
99986.8
99983.8
99982.2
99982
99980.4
99989.9
99990.6
99994.7
99999.1
99999.5
99999.8
100001
100002
100000
99995.6
99990
99985.1
99981.9
99978.5
99980.6
99979.9
99990.2
99990.8
99993.5
99996.9
99997.2
99998.3
99999.9
100001
99999.4
99994.3
99989.3
99983.7
99980.7
99980.4
99979.9
99979.4
99990.2
99991
99993.3
99993.7
99995.7
99996.5
99998.7
100000
99999
99993.6
99988
99982.3
99978.9
99976.8
99979.2
99979.5
99991.1
99991.6
99992.6
99992.5
99994
99994.8
99997.1
99999.2
99997.8
99992
99987.2
99981
99977.5
99978.6
99979
99979.8
99991.7
99992.3
99991.2
99989.7
99991
99992.4
99995.9
99998.4
99997.2
99991.2
99986.2
99979.8
99976
99976.4
99979.2
99980.5
99993.2
99993.3
99990.7
99988.2
99988.2
99991.4
99993.1
99996.7
99995.7
99989.7
99985.5
99978.9
99975
99977.9
99979.7
99981.4
99994.5
99994.2
99988.8
99985.2
99985.5
99987.4
99991.3
99995.9
99995
99989.3
99985
99977.5
99973.4
99977.1
99980.8
99982.7
99996.7
99995.2
99987.6
99982.7
99983.1
99986.2
99989.1
99994.5
99993.7
99988.8
99983.8
99977
99973.2
99978.8
99981.7
99984.7
99998.6
99996.4
99985
99979.7
99980.5
99983.9
99987.5
99994.1
99993.4
99989.4
99982.8
99976
99971.3
99978.7
99983
99987.1
100002
99998.1
99983.9
99977.1
99977.9
99982.6
99986
99993.2
99992.7
99990.3
99982.5
99975.5
99971.3
99980.6
99984
99989.9
100005
100000
99982.1
99974.8
99975.6
99982.2
99985.5
99993.2
99993
99992.1
99982
99975.1
99970.3
99980.9
99985.3
99992.8
100009
100002
99982.4
99973.4
99973.8
99981.5
99985.2
99992.7
99993.1
99994.1
99981.3
99975.5
99971.1
99983.2
99986.4
99995.8
100013
100005
99981.7
99972.2
99972.8
99980.4
99985.4
99993
99993.9
99996.5
99981.7
99976.1
99971.2
99983.6
99987.4
99998.8
100018
100008
99982.6
99971.4
99972.5
99980
99985.3
99993
99994.4
99998.9
99984.1
99978.4
99973.7
99985.9
99988.3
100002
100023
100010
99982.7
99971.3
99973.2
99979.8
99985.5
99993.4
99995.3
100001
99986.6
99980.6
99975
99986.3
99989
100005
100027
100013
99984.7
99972.5
99975
99980.4
99985.7
99993.8
99995.8
100004
99990.1
99983.8
99978.5
99987.9
99989.7
100009
100030
100016
99986.3
99974.8
99977.7
99981.7
99986.1
99994.5
99996.6
100005
99993.7
99987.4
99981.5
99988.5
99990.2
100012
100033
100018
99989.6
99978.2
99981.4
99984.1
99986.8
99995.4
99997.2
100006
99997.6
99992
99986.5
99988.7
99990.8
100015
100034
100020
99992.4
99982.6
99986.4
99987.4
99988.1
99996.1
99997.9
100007
100001
99996.3
99990.6
99988.6
99990.9
100018
100034
100020
99996
99987.4
99992.2
99991.8
99990
99997.4
99998.4
100007
100005
100001
99995.9
99987.5
99990.9
100020
100032
100019
99998.9
99992.3
99998.6
99996.5
99992.5
99997.9
99998.7
100006
100008
100005
100000
99985.8
99990.6
100020
100029
100017
100002
99997.7
100005
100002
99994.9
99999
99998.7
100005
100010
100009
100005
99983.8
99990.1
100021
100025
100014
100003
100002
100012
100007
99997.7
99999.5
99998.7
100003
100011
100011
100009
99981.3
99989.6
100020
100020
100010
100004
100007
100018
100012
100000
100001
99997.8
100001
100012
100014
100014
99978.8
99988.9
100018
100014
100005
100004
100010
100024
100017
100003
100001
99997.6
99998.6
100011
100015
100016
99976.2
99988.1
100016
100009
100001
100004
100013
100029
100022
100004
100002
99996.4
99995.7
100011
100016
100019
99973.8
99987.4
100014
100003
99995.3
100003
100015
100033
100026
100007
100002
99995.2
99993
100010
100016
100020
99971.7
99986.8
100011
99996.7
99990
100001
100017
100037
100030
100007
100002
99994.3
99989.3
100008
100016
100022
99969.9
99986.4
100008
99991
99984.7
99998.5
100018
100040
100032
100009
100001
99992.6
99986.8
100006
100015
100023
99968.4
99986.2
100005
99985.5
99979.5
99996.1
100019
100042
100035
100009
100001
99991.2
99983.2
100003
100014
100023
99967.1
99986.1
100002
99980.4
99974.4
99992.7
100018
100043
100036
100009
100000
99989.6
99979.7
100000
100012
100022
99966.1
99986.1
99999.3
99975.7
99969.5
99989.5
100018
100044
100037
100009
99999.4
99988.4
99976.5
99997.7
100010
100022
99965.5
99986.1
99996.7
99971.5
99964.9
99985.8
100017
100044
100037
100009
99999
99987
99974.9
99995
100008
100020
99993.7
100000
100002
100012
100015
100009
99991.1
99970.6
99976.2
100003
100004
99951.7
99964
99996
100017
100014
99993.8
100002
100001
100006
100011
100008
99991.8
99972.9
99977.8
100007
100006
99951.3
99963
99996.9
100018
100015
99994.5
100003
100000
100000
100004
100003
99992.1
99976.1
99980.7
100011
100008
99951.6
99962.2
99997.5
100020
100016
99995.4
100006
99999.9
99994
99999.3
99999.5
99992.4
99980.3
99984.4
100015
100010
99952.3
99961.4
99997.8
100021
100017
99996.6
100009
99999.9
99988.8
99992.8
99994.8
99992.4
99985.2
99989.1
100020
100011
99953.7
99960.6
99997.7
100021
100018
99998
100011
100000
99983.9
99986.9
99989.9
99991.9
99990.3
99994.4
100024
100011
99955.7
99959.9
99997.3
100021
100019
99999.7
100013
100001
99980.4
99981
99983.3
99991
99995.7
100000
100027
100010
99958.1
99959.4
99996.5
100021
100019
100002
100015
100003
99978
99974.8
99979.6
99990.4
100001
100006
100029
100008
99961
99959.3
99995.5
100020
100019
100003
100016
100005
99977.1
99970.4
99973.1
99989
100006
100011
100030
100006
99964.4
99959.7
99994.2
100018
100019
100004
100017
100006
99977.7
99965.9
99969.8
99988.7
100010
100015
100029
100003
99968.2
99960.8
99992.8
100015
100018
100005
100016
100008
99979.9
99964.4
99968.4
99988.1
100013
100019
100027
99998.9
99972.4
99962.4
99991.2
100012
100017
100006
100015
100010
99983.6
99964.5
99966.5
99988.1
100014
100020
100023
99995
99976.8
99964.8
99989.8
100008
100016
100005
100012
100011
99988.5
99967.6
99968.7
99988.1
100014
100021
100017
99990.8
99981.4
99968.2
99988.1
100005
100014
100003
100008
100010
99993.7
99972.7
99971.7
99988.8
100014
100019
100011
99986.3
99986.3
99972.7
99986.6
100002
100012
100001
100003
100009
99999.4
99980.1
99977.2
99989.3
100012
100017
100004
99981.2
99992.2
99978.7
99985.3
99999
100011
99998.4
99996.3
100007
100004
99988.9
99983.9
99990.8
100008
100013
99996.4
99975.6
99999.3
99986.1
99984.5
99995.7
100009
99995
99989.8
100004
100008
99998.5
99992
99992.2
100004
100008
99988.8
99970.2
100008
99994.7
99984.4
99992
100007
99991
99983.2
99999.1
100010
100008
100000
99994.6
99999.8
100002
99981.6
99965.6
100017
100004
99985.4
99988
100002
99986.8
99976.8
99992.6
100010
100015
100009
99996.5
99994.7
99995.5
99976
99963
100025
100014
99987.8
99984.4
99996.8
99983.2
99971.1
99984.8
100008
100020
100016
99998.6
99989.9
99989.1
99972.8
99963.4
100032
100023
99991.1
99982.2
99991
99980.7
99966.4
99977
100003
100021
100020
99999.4
99985.3
99983.5
99972.6
99967
100038
100031
99995.3
99982.3
99986
99979.7
99963.9
99970.5
99997.4
100020
100022
99999.6
99981.3
99979.3
99976
99973.6
100041
100037
100001
99984.7
99983.2
99980.5
99964.1
99966.6
99991
100016
100020
99998.6
99977.9
99976.9
99982.4
99982.3
100042
100040
100007
99989.5
99983
99982.8
99967.5
99965.8
99985.2
100009
100016
99996.4
99975.6
99976.7
99991
99991.7
100038
100041
100014
99996.4
99985.1
99986.7
99973.6
99968.5
99980.8
100001
100008
99993.1
99974.9
99978.7
100000
100001
100031
100038
100021
100005
99989.2
99991.6
99981.9
99974.4
99978.5
99991.9
99999.5
99989.8
99976.2
99982.3
100008
100008
100020
100031
100025
100013
99994.4
99997.1
99991.7
99983.1
99978.9
99983
99990.3
99987.2
99979
99986.9
100014
100014
100005
100019
100027
100019
100000
100002
100002
99993.5
99982.3
99976.5
99982.3
99985.9
99983.1
99991.5
100016
100016
99988.3
100005
100024
100023
100005
100006
100011
100004
99987.7
99973.8
99977.3
99986.1
99988.1
99995.6
100015
100017
99972
99988.2
100017
100023
100011
100009
100018
100012
99993.8
99974.8
99976.2
99987.8
99994.1
99998.6
100011
100015
99957.4
99970.7
100007
100019
100015
100009
100021
100018
99999.6
99978.9
99978.1
99990.9
100000
100000
100003
100009
99945.7
99955
99994.7
100011
100016
100007
100020
100020
100005
99985.5
99982.6
99995.3
100006
99999.7
99993.1
100001
99938.8
99943.9
99982.5
100001
100014
100002
100015
100017
100007
99993
99989
100000
100010
99997.2
99980.3
99991.2
99938.9
99940.1
99972.6
99989
100007
99996.4
100006
100009
100006
99998.9
99995.8
100004
100012
99993
99967.7
99982.3
99948
99945.2
99966.4
99977.9
99997
99990.4
99995
99998.1
100002
100002
100001
100007
100012
99987.6
99958.6
99976.8
99966.2
99959.8
99965.1
99969.8
99985.8
99985.8
99984.4
99986.1
99995.6
100002
100003
100007
100009
99981.9
99955.4
99976
99991.4
99981.4
99969.1
99966.6
99976.1
99983.1
99976
99976.5
99988.9
100000
100002
100004
100003
99977.7
99959.2
99980.1
100018
100005
99977.6
99968.7
99970.5
99982.5
99971.4
99971.2
99983.5
99996.5
99998.3
99997.1
99995.4
99976.4
99969.2
99987.5
100040
100027
99989.5
99975.4
99969.9
99983.6
99971.3
99971.1
99981.2
99992
99992.6
99988.7
99987.3
99978.3
99983.4
99995.9
100053
100043
100002
99985.1
99974
99986.3
99975.8
99976.3
99982.9
99988.6
99987.3
99981.5
99980.5
99983.1
99999.1
100003
100054
100048
100012
99996.1
99981.6
99990.2
99984
99985.6
99988
99987.6
99984.4
99977.4
99976.5
99990.4
100014
100008
100040
100041
100017
100005
99991.3
99994.9
99994.3
99996.8
99995.1
99989.8
99984.9
99976.8
99976
99998.6
100025
100008
100013
100020
100015
100010
100003
99998.9
100004
100007
100002
99994.4
99988.1
99979.5
99978.9
100006
100029
100003
99978.8
99990.5
100008
100011
100014
100001
100011
100013
100007
99998.9
99993.2
99985
99984.6
100011
100025
99993.6
99946.9
99960.7
99998.6
100008
100020
100002
100013
100014
100008
100001
99998.4
99992.5
99991.9
100012
100013
99982.3
99928.3
99940.5
99989.2
100002
100020
100002
100011
100010
100004
100001
100002
100000
99998.9
100007
99997.7
99973.6
99929
99936.8
99981.1
99995.2
100012
100000
100005
100002
99997.4
99998.5
100002
100005
100004
99998
99981.7
99971.1
99949.6
99950.8
99978.4
99988.5
100000
99997
99995.9
99991.2
99989.8
99993.9
100000
100007
100005
99986.3
99969.2
99976.5
99985.3
99978.8
99980.5
99982.2
99984.4
99993.4
99986.9
99982.1
99984.2
99989.2
99996.6
100005
100002
99975.5
99962.7
99987.8
100025
100012
99984.5
99978.4
99970
99990.4
99980.6
99977.7
99982.2
99986.7
99992.8
100001
99997.8
99968.9
99963.6
99999.7
100055
100038
99989.2
99977.4
99960.6
99988.8
99979
99978.5
99983.8
99987.2
99990.6
99996.7
99993.5
99969.1
99971.8
100008
100064
100047
99994.5
99980.9
99960.6
99988.8
99982.7
99984.1
99988.3
99989.9
99990.2
99992.4
99990.6
99977.4
99984.5
100010
100046
100035
99996.7
99986.5
99971.4
99990.6
99990.8
99993.1
99994.4
99993.5
99991.2
99989.4
99989.5
99992.7
99999
100003
100002
100002
99995.3
99993.4
99991.6
99993.7
99999.5
100002
99999.9
99997
99992.8
99987.9
99990.8
100009
100011
99990.4
99953
99964.5
99992.7
100000
100013
99996
100005
100008
100003
99999
99994
99987.5
99992.6
100019
100018
99981.7
99923.6
99942.1
99991.9
100005
100027
100017
100008
99998.8
99989.7
99990.5
100002
100011
100012
100019
100055
100071
100055
100047
100008
99970.7
99966.9
100016
100005
99996
99987.4
99987.8
99998.9
100007
100008
100012
100046
100068
100059
100049
100005
99967
99965.1
100014
100001
99993.2
99985.5
99985
99995.7
100004
100005
100004
100035
100062
100061
100049
100002
99963.3
99964.2
100012
99998.3
99990.5
99984
99983.4
99992
99999.7
100002
99998.1
100023
100054
100062
100049
99998.4
99960.5
99964.4
100009
99995.1
99988.2
99983.3
99982.1
99989.3
99997
99998.3
99992.5
100010
100044
100062
100046
99994.6
99958.9
99965.8
100005
99991.5
99986.3
99983
99981.7
99987
99993.5
99995.3
99987.5
99997.1
100032
100059
100043
99990.4
99958.2
99968.6
100001
99988.3
99985
99983.5
99981.1
99984.7
99991
99992.9
99983.4
99985.7
100019
100054
100037
99986.4
99958.8
99972.6
99996.2
99985.8
99984.5
99984.5
99981.9
99983.3
99988.6
99991.2
99980.7
99976
100004
100046
100030
99982.5
99961.2
99977.8
99991.1
99984
99984.9
99986.5
99983.1
99982
99986
99990.1
99979.6
99967.7
99989.6
100037
100021
99979
99965.3
99983.9
99985.8
99982.9
99986.1
99988.9
99984.5
99981.2
99984.3
99989.6
99980.1
99961.1
99975.2
100026
100012
99976.2
99970.9
99990.7
99980.7
99982.6
99988.2
99992.2
99987.4
99981
99982.5
99989.5
99981.7
99957.1
99962.3
100014
100001
99974.9
99978.4
99997.9
99976.4
99983.2
99991
99995.9
99990.4
99981.3
99981.6
99989.6
99984.2
99956.3
99952.2
100001
99990.7
99975.1
99986.8
100005
99973.2
99984.6
99994.5
99999.9
99993.7
99981.9
99981.1
99990.5
99987.6
99958.8
99945.4
99988.2
99981.2
99977.4
99996
100011
99971.6
99987
99998.4
100004
99997.5
99983.2
99981.2
99991.3
99991.6
99963.8
99942.4
99976.7
99973.6
99982
100005
100015
99971.8
99990.3
100003
100007
100000
99984.6
99981.6
99991.9
99994.8
99970.6
99943.5
99967.6
99969.1
99988.3
100013
100018
99974.1
99994.4
100007
100010
100003
99986.6
99982.2
99991.1
99996.5
99978.5
99948.7
99961.9
99968.2
99995.6
100020
100018
99978.5
99999.1
100010
100013
100005
99988.7
99982.8
99989.7
99996.8
99986.7
99957.4
99960.2
99970.8
100003
100025
100016
99984.7
100004
100013
100014
100007
99991.4
99983.6
99988.2
99996.6
99994.7
99968.7
99962.8
99976.3
100011
100026
100012
99992.5
100009
100015
100014
100008
99994.2
99984.7
99986.5
99996.2
100002
99982.6
99969.5
99983.9
100017
100025
100006
100001
100012
100015
100012
100008
99997.5
99986.2
99984.4
99995.1
100010
99998.2
99979.2
99992.5
100020
100020
99999.2
100010
100015
100013
100010
100008
100001
99989.1
99982.8
99993.4
100016
100014
99990.7
100001
100021
100012
99992.4
100019
100015
100010
100006
100007
100005
99992.8
99982.8
99992
100021
100029
100002
100007
100018
100002
99986.7
100025
100014
100006
100001
100006
100008
99997.4
99984.4
99991.3
100023
100041
100013
100012
100013
99992.3
99982.7
100028
100011
100001
99996.3
100004
100011
100003
99988.1
99991.9
100022
100047
100021
100014
100004
99982.3
99980.9
100029
100007
99994.8
99991.2
100001
100012
100008
99993
99993.3
100019
100047
100025
100012
99993
99973.6
99981.2
100025
100001
99989.3
99986.6
99996.9
100012
100012
99998.4
99994.4
100011
100039
100024
100006
99981.3
99967.2
99983.6
100019
99994.1
99984.3
99982.7
99993.1
100011
100015
100002
99994.5
100001
100024
100017
99997.2
99970
99964.1
99987.5
100010
99987.2
99980.5
99979.9
99989.6
100009
100016
100005
99993.8
99987.7
100003
100005
99985.8
99960.9
99964.6
99992.3
99998.5
99981.2
99978.7
99978.9
99987.2
100005
100015
100008
99992.5
99973.8
99980
99989.5
99974
99956
99969.3
99997.2
99986.9
99977.2
99978.9
99979.8
99985.7
100001
100012
100010
99990.7
99960.8
99958
99972.7
99963.8
99956.5
99977
100001
99976.9
99975.5
99980.8
99982.3
99985.3
99996.5
100008
100009
99988.5
99951.1
99940.8
99957.5
99957.8
99963.2
99986.5
100003
99970.1
99976.3
99984.7
99986.1
99985.9
99991.6
100001
100006
99986.6
99947.3
99931.6
99947.4
99958.5
99975
99996.4
100003
99967.5
99979.9
99990.3
99991.4
99987.7
99987.1
99994
100001
99986.2
99951
99931.9
99945
99966.2
99990
100005
100001
99969.3
99986.2
99997.1
99997.5
99990.5
99983.6
99986.6
99996.8
99988.2
99962.4
99942.5
99951.8
99979.2
100005
100011
99998.3
99975.3
99994.1
100004
100003
99994.1
99981.8
99980.8
99992.3
99992.5
99980.6
99962.5
99966.3
99994.5
100019
100015
99995.6
99984.8
100002
100009
100008
99997.9
99982.2
99977.9
99989.2
99999
100003
99988.9
99985.8
100010
100028
100016
99993.8
99996.3
100009
100011
100010
100002
99984.8
99978.4
99989.2
100007
100027
100016
100007
100023
100032
100015
99992.9
100007
100012
100011
100011
100004
99988.8
99982
99991.8
100015
100045
100040
100026
100031
100030
100010
99992.6
100015
100010
100007
100009
100005
99993.2
99987.5
99994.8
100018
100054
100057
100040
100033
100022
100004
99992.5
100017
100007
100002
100005
100004
99997.2
99993.5
99997.4
100017
100052
100061
100045
100027
100010
99996.2
99992.6
100015
100001
99995.7
99998.8
100001
99999.9
99998.5
99998.7
100011
100037
100051
100040
100016
99994.6
99988.7
99993.1
100008
99994.5
99989.9
99992.3
99996.8
100001
100001
99997.5
100001
100013
100028
100027
99999.1
99979.5
99982.8
99993.8
99998
99988.5
99985.7
99986.7
99991.8
99999.5
100001
99993.4
99987.3
99984.8
99997.8
100006
99981.4
99967.4
99979.3
99994.6
99987.9
99983.7
99983.1
99983.4
99987.7
99996.3
99996.7
99987.5
99974.2
99958.6
99967.6
99983.5
99966.4
99961
99978.8
99995.2
99979.8
99980.9
99982.8
99982.6
99985.2
99992.6
99991.2
99981
99964.6
99941.5
99946.3
99964.9
99958.1
99962
99981.7
99995.6
99975.5
99980.6
99984.1
99983.9
99984.9
99989.7
99986.8
99977
99961.6
99937.7
99938.3
99955.4
99959.4
99970.4
99987.4
99996.2
99975.6
99982.9
99986.8
99986.8
99987.1
99988.7
99985.7
99978.2
99967
99947.8
99944.7
99956.9
99970.7
99985.4
99994.7
99997
99980.3
99987.1
99990.5
99990.7
99989.7
99989.6
99988.6
99985.4
99980.5
99970.8
99964.5
99969.2
99991.2
100005
100002
99997.4
99988.8
99993.2
99995
99994.4
99992.3
99991.4
99993.8
99996.9
99999.6
100000
99991.3
99988.4
100013
100023
100008
99997.1
99998.6
100000
99999.4
99996.9
99993.8
99993.4
99999.3
100008
100018
100027
100017
100007
100029
100034
100011
99996.2
100006
100006
100003
99997.9
99994.1
99994.6
100002
100015
100027
100041
100032
100019
100033
100032
100010
99995.2
100008
100007
100003
99997.8
99994.6
99995.3
100002
100013
100024
100036
100031
100020
100022
100017
100004
99994
100005
100003
99999.5
99997.2
99995.9
99995.8
99997.6
100002
100007
100012
100014
100008
99999.4
99994
99994.1
99992.8
99997.1
99994.4
99993.9
99996.8
99998
99996.3
99992.2
99987.6
99983.3
99980.9
99988.9
99991.7
99974.7
99970.9
99984.4
99991.9
99990.6
99987.7
99989.9
99996.6
99999.9
99996.8
99988.2
99977.4
99966.8
99958
99970.3
99979.9
99959
99956.5
99978
99991.3
100007
99994.3
100002
100002
99990.8
99985.1
99988
99996.6
100001
99997.9
100001
100008
100012
100003
100009
100016
100006
99993.1
99999.9
100000
99990.1
99987.2
99993.4
100001
100003
99997.6
99999.7
100009
100013
100004
100010
100017
100005
99991.6
99997.4
99998
99989.9
99989.4
99998.8
100006
100004
99996.3
99999.4
100009
100014
100006
100011
100017
100003
99990.2
99995.1
99995.6
99988.4
99991.9
100004
100010
100005
99995.4
99998.1
100009
100015
100007
100011
100016
100001
99988.9
99993
99993.3
99987.9
99994.4
100009
100015
100006
99994.3
99997.3
100009
100016
100008
100011
100014
99998.5
99988
99991.3
99991.2
99987.7
99996.9
100014
100018
100006
99992.8
99995.8
100008
100017
100008
100010
100012
99995.8
99987.6
99990.2
99989.3
99987.7
99999.6
100018
100020
100006
99991.5
99994.5
100007
100016
100008
100009
100008
99993.4
99987.7
99989.5
99987.9
99987.5
100002
100021
100021
100005
99990.2
99992.9
100005
100015
100008
100007
100004
99991.1
99988
99989.5
99986.9
99988.2
100004
100023
100022
100004
99988.8
99991.2
100003
100013
100007
100005
100000
99989.3
99989
99990.1
99986.3
99989.4
100005
100024
100021
100002
99987.4
99989.7
99999.8
100010
100005
100002
99995.2
99988.1
99990.6
99991.4
99986.2
99990.3
100006
100023
100019
99999.5
99986.2
99988.4
99996.5
100006
100003
99999.1
99990.2
99987.7
99993
99993.1
99986.4
99991.2
100007
100021
100016
99997.2
99985.3
99987
99993
100002
100001
99996.3
99985.4
99988.4
99995.9
99995.2
99986.9
99993.1
100008
100018
100011
99994.6
99984.8
99985.9
99989.5
99996.7
99998.9
99993.3
99980.9
99990
99999.1
99997.5
99987.6
99994.1
100009
100014
100006
99991.8
99984.7
99985.2
99986.1
99991.5
99996.3
99990.9
99977.2
99992.4
100002
99999.7
99988.4
99995.7
100009
100009
100001
99989.2
99985
99984.8
99982.8
99986.8
99993.5
99988.5
99974.5
99995.1
100005
100001
99989.3
99997.4
100009
100004
99994.5
99987.3
99985.9
99984.7
99979.7
99982.9
99991
99986.3
99973.7
99998.1
100007
100002
99990
99998.4
100008
99998.3
99989.3
99986.6
99987.8
99985.3
99977.2
99979.9
99988.7
99984.8
99974.9
100001
100009
100003
99990.6
100000
100007
99992.7
99984.5
99986.8
99990.8
99986.7
99975.8
99977.8
99986.8
99983.7
99978
100003
100009
100002
99991.3
100001
100005
99987.2
99980.5
99987.8
99994.6
99989.2
99975.6
99977
99985.3
99983.4
99983.1
100004
100008
100001
99992.3
100002
100002
99982.5
99977.4
99989.6
99998.7
99992.4
99976.9
99977.6
99983.8
99984.2
99989.9
100004
100007
99999.1
99993.5
100003
99998.4
99979.1
99976.4
99992.4
100003
99995.7
99979.8
99979.5
99982.3
99985.9
99998.1
100003
100004
99996.9
99994.9
100003
99994.8
99976.8
99976.9
99995.9
100006
99999.1
99984.4
99982.6
99981
99988.6
100007
100000
100000
99994.7
99996.4
100004
99991.9
99976
99979
99999.8
100010
100002
99990.2
99986.5
99980.8
99992
100016
99996.7
99996.4
99992.9
99998
100003
99988.7
99976.6
99982.4
100003
100011
100005
99996.4
99991.1
99982
99995.9
100023
99992.2
99992.3
99991.7
99999.8
100003
99986.5
99978.8
99986.7
100006
100012
100006
100002
99995.8
99984.4
100000
100028
99987.5
99988.5
99991
100002
100002
99984.7
99982.3
99991.7
100007
100011
100006
100006
99999.9
99987.8
100004
100029
99983.3
99985.5
99990.9
100003
100001
99983.3
99986.7
99996.6
100007
100007
100005
100008
100003
99991.8
100008
100027
99980.7
99983.6
99991.6
100004
99998.7
99982.7
99991.4
100001
100006
100002
100001
100009
100004
99995.9
100010
100022
99980.4
99983.1
99992.8
100003
99995.3
99982.8
99995.8
100004
100002
99994.9
99996.3
100007
100004
99999.4
100010
100013
99982.6
99984.1
99994.5
100001
99990.6
99983.9
99999.5
100004
99996.3
99987.3
99990.6
100004
100003
100002
100008
100002
99987
99986.3
99996.1
99998
99985.1
99985.9
100002
100003
99989.8
99980
99985.1
100000
100001
100004
100004
99989.9
99992.4
99989.4
99996.8
99992.9
99979.6
99989.5
100004
100000
99984.1
99975
99980.6
99994.9
99998.1
100004
99998.5
99978.1
99997.9
99993
99996.2
99986.7
99975.2
99993.3
100004
99996.5
99980.7
99974
99978.7
99989.9
99995.6
100004
99992.4
99968.9
100002
99996.5
99994.6
99980.1
99973.1
99997
100003
99992.9
99980.1
99976.7
99979.8
99986
99993.5
100004
99986.6
99964.1
100005
99999.3
99992.6
99975.7
99974.4
99999.6
100000
99990.6
99983
99982.4
99983.9
99984.5
99992.3
100001
99982.7
99964.5
100006
100001
99990.8
99974.4
99979.5
100001
99996.6
99989.8
99989.2
99990.6
99989.3
99985.4
99992.1
99997.1
99981.2
99969.8
100004
100001
99989.7
99977.1
99988.6
100001
99992.7
99990.4
99997.2
99999.4
99995.4
99988.3
99992.5
99992.5
99982.3
99979.7
99998.6
99998.6
99989.7
99983.7
99999.5
100000
99989.5
99992.1
100005
100007
100000
99991.5
99992.7
99988.6
99985.8
99992.9
99992.3
99995.5
99990.4
99993.2
100009
99998
99987.1
99994.8
100011
100011
100002
99994.1
99992.5
99985.9
99991.3
100006
99986.9
99992
99991.6
100002
100015
99994.2
99985.8
99997.2
100012
100010
100001
99994.7
99991.4
99984.4
99997.7
100017
99983.8
99989
99992.9
100009
100015
99989.5
99985.7
99998
100008
100005
99997.3
99993.7
99989.4
99983.8
100003
100020
99983.4
99986.9
99994
100010
100009
99985.2
99987
99996.2
99998.4
99995.8
99992.2
99991.8
99986.4
99983.7
100004
100017
99985.8
99986.3
99994.2
100006
99998.1
99982.5
99989.4
99992
99986.3
99986.3
99987.7
99990.2
99984.2
99984.3
100001
100007
99990.5
99987.1
99993.5
99998.1
99984.4
99981.9
99992.3
99986.5
99975.1
99978.8
99985.1
99989.7
99984.1
99986.2
99995.1
99994.7
99996
99989.6
99992.3
99989.5
99972.7
99983.7
99995
99982.3
99968.4
99975.3
99985.2
99990.8
99987.1
99990.3
99989.4
99984
100000
99993
99991.7
99982.7
99968.1
99987.8
99997.1
99981.3
99968.7
99976.9
99987.7
99993
99992.7
99995.8
99986.5
99977.5
100001
99996.3
99992.3
99980.2
99972.7
99993.5
99998.1
99984.5
99976.9
99983
99991.4
99995.8
99999.5
100002
99987.7
99976.4
99998.4
99998.4
99994.8
99983.7
99985.5
99998.9
99998
99991.5
99991.5
99991.8
99994.9
99997.8
100005
100006
99991.4
99980.2
99993.3
99998.9
99998.3
99991.8
100001
100002
99996.7
100000
100008
100001
99996.8
99998.2
100007
100008
99996
99987.6
99987.9
99997.7
100001
100000
100014
100003
99993.9
100006
100020
100007
99997.4
99997.1
100006
100007
99999.9
99996.2
99984.2
99995.1
100000
100005
100019
100002
99991.9
100007
100022
100008
99997.3
99995.8
100003
100003
100002
100003
99984.2
99991.9
99997.6
100004
100014
99997.7
99990.7
100003
100015
100005
99997.1
99995.4
99997.8
99998.1
100002
100004
99987.8
99989.1
99992.2
99997.2
99998.6
99991.9
99990.9
99994.7
99998.5
99997.7
99996.8
99995.9
99993.1
99993.2
99998
100002
99993.4
99987.3
99986
99987.6
99979.5
99985.7
99991.4
99985.9
99980.9
99989.6
99996.7
99997.6
99989.9
99989.4
99994.5
99999
99997.7
99986.4
99982.4
99981.6
99966.6
99981.7
99992.3
99980.2
99969.3
99984.3
99996.7
99999
99988.4
99987.6
99992.9
99996.5
99965
99986.2
99993.4
99966.9
99959.7
99981
100015
100043
100037
100008
99997.6
99985.2
99971.5
99991.6
100006
100019
99965.1
99986.5
99990.1
99962.2
99953.9
99974.5
100011
100040
100035
100007
99996.7
99983.7
99967.9
99987.5
100002
100016
99965.6
99986.9
99987.2
99958.7
99948.8
99967.5
100006
100036
100033
100005
99995.1
99981.6
99965.2
99983.3
99998
100012
99966.8
99987.6
99985
99956.7
99944.7
99960.2
99998.8
100030
100029
100003
99994.2
99980.9
99963.5
99979.5
99994
100008
99968.4
99988.3
99983.7
99956.3
99941.9
99953.1
99991
100022
100025
100001
99992.9
99979.7
99961.7
99976
99990.1
100004
99970.6
99989.1
99983.4
99958
99940.6
99946.4
99982.3
100013
100019
99999.2
99992.2
99980
99961.1
99973.1
99986.4
99998.8
99973.2
99989.9
99984.4
99961.9
99941
99940.6
99973.1
100003
100013
99997
99991.4
99980.7
99962.1
99971.1
99983.1
99993.9
99976.4
99990.9
99986.5
99967.9
99943.5
99936
99963.5
99992.6
100006
99995
99991.3
99982.3
99964.1
99970
99980.3
99989.4
99980.8
99992.3
99989.9
99976
99948.3
99933
99953.8
99981.9
99999
99993.1
99991.4
99985
99967.7
99970
99978.4
99985.3
99986.5
99994.4
99994.1
99985.9
99955.8
99932.3
99944.3
99971.1
99991.5
99991.4
99992.1
99988.2
99973
99971.4
99977.6
99982.2
99992.8
99997
99998.9
99997.5
99965.8
99934.1
99937.3
99960.7
99983.9
99989.9
99993.1
99992.1
99978.9
99974
99978
99979.7
99999.8
99999.8
100004
100010
99978.2
99939
99932.7
99951.7
99976.9
99988.7
99994.5
99996.2
99986.1
99978
99979.6
99978.8
100007
100003
100010
100023
99992.3
99947.2
99931.1
99944.9
99970.8
99988
99996
100001
99993.9
99983.1
99982.4
99979
100014
100005
100015
100035
100008
99958.8
99933.2
99941.2
99966.2
99988.2
99997.4
100004
100002
99989.1
99986
99980.4
100021
100008
100020
100045
100023
99973.5
99939.2
99941
99963.5
99989.1
99998.8
100008
100010
99995.6
99990.4
99983.2
100024
100009
100024
100054
100038
99990.4
99949.5
99944.8
99963.2
99990.5
99999.9
100011
100016
100002
99995
99986.6
100026
100009
100027
100059
100052
100008
99963.7
99952.4
99965.4
99992.4
100001
100012
100022
100009
99999.7
99989.9
100024
100008
100028
100062
100063
100026
99981.1
99963.4
99970.3
99994.7
100001
100012
100025
100014
100004
99993.8
100019
100006
100026
100059
100071
100043
99999.8
99977.1
99977.2
99997.1
100000
100011
100027
100018
100008
99997.1
100012
100003
100021
100053
100074
100059
100018
99992.4
99985.3
99999.1
99999.1
100009
100027
100021
100010
99999.5
100004
99998.5
100013
100041
100072
100071
100037
100009
99993.7
100000
99997
100006
100024
100021
100010
100001
99993.8
99993.8
100004
100026
100064
100079
100053
100025
100001
100000
99994.3
100002
100019
100019
100008
100001
99984.2
99988.9
99992.6
100008
100051
100081
100066
100038
100008
99999.5
99991.1
99996.9
100013
100016
100005
99999.2
99976.4
99984.3
99981.2
99987.8
100032
100076
100074
100048
100012
99997.6
99987.9
99991.4
100004
100010
100001
99996.4
99971.5
99980.8
99970.8
99967.2
100009
100062
100076
100053
100013
99995
99985.2
99985.9
99994.9
100004
99995.7
99992.8
99970.3
99979.1
99962.5
99948.3
99983.7
100040
100068
100051
100012
99992
99983.3
99981.3
99985.7
99996.5
99990.5
99989.1
99973.5
99980
99957.2
99933.8
99958.6
100012
100051
100044
100009
99989
99982.8
99978.8
99978.1
99988.4
99985.6
99985.6
99981.3
99983.5
99955.5
99925.6
99937.4
99982.2
100027
100031
100004
99986.1
99983.6
99978.8
99973.3
99981.1
99981.7
99983.4
99992.8
99989.3
99957.7
99924.5
99923
99954
99999.6
100014
99998.4
99983.4
99985.5
99981.3
99972
99975.8
99979.5
99983.1
100006
99996.5
99964.2
99930.1
99916.7
99931.6
99971.7
99993.1
99991.6
99981.5
99988.2
99986
99974.5
99973.5
99979.3
99984.9
100017
100004
99973.9
99942.1
99918.7
99916.9
99947.4
99972.9
99984.6
99981.1
99991.6
99992
99979.6
99974.6
99981.1
99988.3
100026
100009
99985.7
99959.8
99928.9
99911.1
99930.3
99956.9
99978.9
99982.9
99995.3
99998
99985.8
99978.4
99984.7
99992.7
100029
100012
99998.1
99981.2
99946.7
99914.8
99922.2
99947
99976.5
99986.6
99998.7
100003
99991.9
99984
99989.5
99997.3
100025
100010
100010
100004
99970.8
99928.7
99923.5
99944.4
99977.8
99991.2
100001
100006
99997.5
99989.8
99994.7
100001
100014
100006
100018
100026
99999.4
99952.9
99933.9
99949.2
99983.4
99996.2
100002
100006
100002
99995.3
99999.1
100003
99998.1
99997.9
100022
100044
100029
99984.4
99952.7
99960.4
99992.5
100001
100002
100004
100004
100001
100002
100003
99979.9
99987.9
100021
100053
100054
100017
99977.7
99976.4
100003
100005
99999.7
99999.8
100004
100005
100004
100001
99963.4
99977.9
100017
100053
100065
100044
100004
99993.9
100011
100007
99997.4
99994.9
100001
100007
100004
99996.9
99952.7
99971.1
100010
100042
100062
100058
100026
100009
100013
100007
99995.4
99990.5
99996.9
100006
100003
99991.8
99951
99970.2
100001
100024
100046
100056
100038
100019
100009
100005
99994
99987.7
99992.5
100001
99999.5
99987.9
99959.5
99976
99993.6
100003
100022
100041
100037
100021
100002
100000
99992.8
99987
99989.6
99996.7
99995.6
99986.2
99976.7
99987.2
99987.3
99981.7
99993.9
100019
100027
100015
99991.5
99991.3
99991.2
99988
99989.1
99992.9
99992.3
99987
99999.1
100001
99982.7
99963.2
99966.3
99992
100010
100002
99980
99981.7
99989.3
99989.9
99990
99990.6
99990.5
99989.9
100021
100013
99980.6
99950.6
99943.8
99966.3
99991.8
99989.4
99970.1
99974
99987.4
99991.7
99990.9
99988.9
99990.1
99993.6
100035
100020
99981.7
99947.9
99933
99947.8
99976.9
99979.8
99964.1
99970.2
99985.9
99992.5
99991.1
99987.3
99990.2
99997.1
100038
100021
99984.1
99956
99939
99943.6
99968.3
99975.8
99965
99971.8
99985.6
99992.4
99990.9
99986.5
99989.9
99998.9
100025
100013
99986.7
99973
99960.5
99956.2
99969.3
99978.5
99975.5
99978.9
99986.7
99991.9
99990.7
99986.9
99989.1
99997.6
99999.8
99996.9
99988.9
99993.6
99991.1
99981.6
99979.6
99987
99992.9
99989.5
99989.7
99991.6
99990.6
99988
99988
99993
99972.4
99978.1
99990.8
100012
100021
100010
99994.6
99997.9
100010
100002
99994.2
99991.8
99990.3
99988.6
99986.8
99986.3
99952.2
99965
99992.7
100025
100041
100031
100007
100007
100021
100012
99998.2
99993
99991
99989.6
99985.9
99980.7
99946.6
99962.2
99994.8
100027
100045
100038
100013
100010
100022
100015
100000
99994.4
99992.8
99991.5
99986.3
99979
99958.7
99971.6
99996.6
100019
100032
100027
100010
100007
100014
100010
99999.4
99995.1
99994.3
99993.6
99988.9
99982.3
99987.3
99990.9
99998.1
100001
100003
100004
99999.6
99997.6
99998.3
99998.6
99995.9
99994.6
99994.7
99995.1
99993.4
99989.9
100019
100013
99999.9
99981.8
99971.1
99975.8
99987.4
99987.1
99980.3
99985.5
99991.6
99993.2
99994.1
99995.6
99998
99999
100039
100027
100001
99968.9
99949.7
99956.6
99978.9
99980.8
99968
99977.1
99988.6
99992.2
99993.5
99995.6
100001
100006
)
;
    }
    atmosphere
    {
        type            zeroGradient;
    }
}


// ************************************************************************* //
