/*--------------------------------*- C++ -*----------------------------------*\
  =========                 |
  \\      /  F ield         | OpenFOAM: The Open Source CFD Toolbox
   \\    /   O peration     | Website:  https://openfoam.org
    \\  /    A nd           | Version:  7
     \\/     M anipulation  |
\*---------------------------------------------------------------------------*/
FoamFile
{
    version     2.0;
    format      ascii;
    class       labelList;
    note        "nPoints: 3380 nCells: 1629 nFaces: 6545 nInternalFaces: 3166";
    location    "constant/polyMesh";
    object      neighbour;
}
// * * * * * * * * * * * * * * * * * * * * * * * * * * * * * * * * * * * * * //


3166
(
1
3
2
4
5
4
6
5
7
8
7
9
8
10
11
10
12
11
13
14
189
13
15
14
16
17
190
16
18
17
19
20
191
19
21
20
22
23
192
22
24
23
25
26
193
25
27
26
28
29
194
28
30
29
31
32
195
31
33
32
34
35
196
34
36
35
37
38
197
37
39
38
40
41
198
40
42
41
43
44
199
43
45
44
46
47
200
46
48
47
49
50
201
49
51
50
52
53
202
52
54
53
55
56
203
55
57
56
58
59
204
58
60
59
61
62
205
61
63
62
64
65
206
64
66
65
67
68
207
67
69
68
70
71
208
70
72
71
73
74
209
73
75
74
76
77
210
76
78
77
79
80
211
79
81
80
82
83
212
82
84
83
85
86
213
85
87
86
88
89
214
88
90
89
91
92
215
91
93
92
94
95
216
94
96
95
97
98
217
97
99
98
100
101
218
100
102
101
103
104
219
103
105
104
106
107
220
106
108
107
109
110
221
109
111
110
112
113
222
112
114
113
115
116
223
115
117
116
118
119
224
118
120
119
121
122
225
121
123
122
124
125
226
124
126
125
127
128
227
127
129
128
130
131
228
130
132
131
133
134
229
133
135
134
136
137
230
136
138
137
139
140
231
139
141
140
142
143
232
142
144
143
145
146
233
145
147
146
148
149
234
148
150
149
151
152
235
151
153
152
154
155
236
154
156
155
157
158
237
157
159
158
160
161
238
160
162
161
163
164
239
163
165
164
166
167
240
166
168
167
169
170
241
169
171
170
172
173
242
172
174
173
175
176
243
175
177
176
178
179
244
178
180
179
181
182
245
181
183
182
184
185
246
184
186
185
187
188
247
187
188
248
190
309
191
329
192
349
193
369
194
389
195
409
196
429
197
449
198
469
199
489
200
509
201
529
202
549
203
569
204
589
205
609
206
629
207
649
208
669
209
689
210
709
211
729
212
749
213
769
214
789
215
809
216
829
217
849
218
869
219
889
220
909
221
929
222
949
223
969
224
989
225
1009
226
1029
227
1049
228
1069
229
1089
230
1109
231
1129
232
1149
233
1169
234
1189
235
1209
236
1229
237
1249
238
1269
239
1289
240
1309
241
1329
242
1349
243
1369
244
1389
245
1409
246
1429
247
1449
248
1469
1489
250
269
251
270
252
271
253
272
254
273
255
274
256
275
257
276
258
277
259
278
260
279
261
280
262
281
263
282
264
283
265
284
266
285
267
286
268
287
288
270
289
271
290
272
291
273
292
274
293
275
294
276
295
277
296
278
297
279
298
280
299
281
300
282
301
283
302
284
303
285
304
286
305
287
306
288
307
308
290
309
291
310
292
311
293
312
294
313
295
314
296
315
297
316
298
317
299
318
300
319
301
320
302
321
303
322
304
323
305
324
306
325
307
326
308
327
328
310
329
311
330
312
331
313
332
314
333
315
334
316
335
317
336
318
337
319
338
320
339
321
340
322
341
323
342
324
343
325
344
326
345
327
346
328
347
348
1509
330
349
331
350
332
351
333
352
334
353
335
354
336
355
337
356
338
357
339
358
340
359
341
360
342
361
343
362
344
363
345
364
346
365
347
366
348
367
368
1511
350
369
351
370
352
371
353
372
354
373
355
374
356
375
357
376
358
377
359
378
360
379
361
380
362
381
363
382
364
383
365
384
366
385
367
386
368
387
388
1513
370
389
371
390
372
391
373
392
374
393
375
394
376
395
377
396
378
397
379
398
380
399
381
400
382
401
383
402
384
403
385
404
386
405
387
406
388
407
408
1515
390
409
391
410
392
411
393
412
394
413
395
414
396
415
397
416
398
417
399
418
400
419
401
420
402
421
403
422
404
423
405
424
406
425
407
426
408
427
428
1517
410
429
411
430
412
431
413
432
414
433
415
434
416
435
417
436
418
437
419
438
420
439
421
440
422
441
423
442
424
443
425
444
426
445
427
446
428
447
448
1519
430
449
431
450
432
451
433
452
434
453
435
454
436
455
437
456
438
457
439
458
440
459
441
460
442
461
443
462
444
463
445
464
446
465
447
466
448
467
468
1521
450
469
451
470
452
471
453
472
454
473
455
474
456
475
457
476
458
477
459
478
460
479
461
480
462
481
463
482
464
483
465
484
466
485
467
486
468
487
488
1523
470
489
471
490
472
491
473
492
474
493
475
494
476
495
477
496
478
497
479
498
480
499
481
500
482
501
483
502
484
503
485
504
486
505
487
506
488
507
508
1525
490
509
491
510
492
511
493
512
494
513
495
514
496
515
497
516
498
517
499
518
500
519
501
520
502
521
503
522
504
523
505
524
506
525
507
526
508
527
528
1527
510
529
511
530
512
531
513
532
514
533
515
534
516
535
517
536
518
537
519
538
520
539
521
540
522
541
523
542
524
543
525
544
526
545
527
546
528
547
548
1529
530
549
531
550
532
551
533
552
534
553
535
554
536
555
537
556
538
557
539
558
540
559
541
560
542
561
543
562
544
563
545
564
546
565
547
566
548
567
568
1531
550
569
551
570
552
571
553
572
554
573
555
574
556
575
557
576
558
577
559
578
560
579
561
580
562
581
563
582
564
583
565
584
566
585
567
586
568
587
588
1533
570
589
571
590
572
591
573
592
574
593
575
594
576
595
577
596
578
597
579
598
580
599
581
600
582
601
583
602
584
603
585
604
586
605
587
606
588
607
608
1535
590
609
591
610
592
611
593
612
594
613
595
614
596
615
597
616
598
617
599
618
600
619
601
620
602
621
603
622
604
623
605
624
606
625
607
626
608
627
628
1537
610
629
611
630
612
631
613
632
614
633
615
634
616
635
617
636
618
637
619
638
620
639
621
640
622
641
623
642
624
643
625
644
626
645
627
646
628
647
648
1539
630
649
631
650
632
651
633
652
634
653
635
654
636
655
637
656
638
657
639
658
640
659
641
660
642
661
643
662
644
663
645
664
646
665
647
666
648
667
668
1541
650
669
651
670
652
671
653
672
654
673
655
674
656
675
657
676
658
677
659
678
660
679
661
680
662
681
663
682
664
683
665
684
666
685
667
686
668
687
688
1543
670
689
671
690
672
691
673
692
674
693
675
694
676
695
677
696
678
697
679
698
680
699
681
700
682
701
683
702
684
703
685
704
686
705
687
706
688
707
708
1545
690
709
691
710
692
711
693
712
694
713
695
714
696
715
697
716
698
717
699
718
700
719
701
720
702
721
703
722
704
723
705
724
706
725
707
726
708
727
728
1547
710
729
711
730
712
731
713
732
714
733
715
734
716
735
717
736
718
737
719
738
720
739
721
740
722
741
723
742
724
743
725
744
726
745
727
746
728
747
748
1549
730
749
731
750
732
751
733
752
734
753
735
754
736
755
737
756
738
757
739
758
740
759
741
760
742
761
743
762
744
763
745
764
746
765
747
766
748
767
768
1551
750
769
751
770
752
771
753
772
754
773
755
774
756
775
757
776
758
777
759
778
760
779
761
780
762
781
763
782
764
783
765
784
766
785
767
786
768
787
788
1553
770
789
771
790
772
791
773
792
774
793
775
794
776
795
777
796
778
797
779
798
780
799
781
800
782
801
783
802
784
803
785
804
786
805
787
806
788
807
808
1555
790
809
791
810
792
811
793
812
794
813
795
814
796
815
797
816
798
817
799
818
800
819
801
820
802
821
803
822
804
823
805
824
806
825
807
826
808
827
828
1557
810
829
811
830
812
831
813
832
814
833
815
834
816
835
817
836
818
837
819
838
820
839
821
840
822
841
823
842
824
843
825
844
826
845
827
846
828
847
848
1559
830
849
831
850
832
851
833
852
834
853
835
854
836
855
837
856
838
857
839
858
840
859
841
860
842
861
843
862
844
863
845
864
846
865
847
866
848
867
868
1561
850
869
851
870
852
871
853
872
854
873
855
874
856
875
857
876
858
877
859
878
860
879
861
880
862
881
863
882
864
883
865
884
866
885
867
886
868
887
888
1563
870
889
871
890
872
891
873
892
874
893
875
894
876
895
877
896
878
897
879
898
880
899
881
900
882
901
883
902
884
903
885
904
886
905
887
906
888
907
908
1565
890
909
891
910
892
911
893
912
894
913
895
914
896
915
897
916
898
917
899
918
900
919
901
920
902
921
903
922
904
923
905
924
906
925
907
926
908
927
928
1567
910
929
911
930
912
931
913
932
914
933
915
934
916
935
917
936
918
937
919
938
920
939
921
940
922
941
923
942
924
943
925
944
926
945
927
946
928
947
948
1569
930
949
931
950
932
951
933
952
934
953
935
954
936
955
937
956
938
957
939
958
940
959
941
960
942
961
943
962
944
963
945
964
946
965
947
966
948
967
968
1571
950
969
951
970
952
971
953
972
954
973
955
974
956
975
957
976
958
977
959
978
960
979
961
980
962
981
963
982
964
983
965
984
966
985
967
986
968
987
988
1573
970
989
971
990
972
991
973
992
974
993
975
994
976
995
977
996
978
997
979
998
980
999
981
1000
982
1001
983
1002
984
1003
985
1004
986
1005
987
1006
988
1007
1008
1575
990
1009
991
1010
992
1011
993
1012
994
1013
995
1014
996
1015
997
1016
998
1017
999
1018
1000
1019
1001
1020
1002
1021
1003
1022
1004
1023
1005
1024
1006
1025
1007
1026
1008
1027
1028
1577
1010
1029
1011
1030
1012
1031
1013
1032
1014
1033
1015
1034
1016
1035
1017
1036
1018
1037
1019
1038
1020
1039
1021
1040
1022
1041
1023
1042
1024
1043
1025
1044
1026
1045
1027
1046
1028
1047
1048
1579
1030
1049
1031
1050
1032
1051
1033
1052
1034
1053
1035
1054
1036
1055
1037
1056
1038
1057
1039
1058
1040
1059
1041
1060
1042
1061
1043
1062
1044
1063
1045
1064
1046
1065
1047
1066
1048
1067
1068
1581
1050
1069
1051
1070
1052
1071
1053
1072
1054
1073
1055
1074
1056
1075
1057
1076
1058
1077
1059
1078
1060
1079
1061
1080
1062
1081
1063
1082
1064
1083
1065
1084
1066
1085
1067
1086
1068
1087
1088
1583
1070
1089
1071
1090
1072
1091
1073
1092
1074
1093
1075
1094
1076
1095
1077
1096
1078
1097
1079
1098
1080
1099
1081
1100
1082
1101
1083
1102
1084
1103
1085
1104
1086
1105
1087
1106
1088
1107
1108
1585
1090
1109
1091
1110
1092
1111
1093
1112
1094
1113
1095
1114
1096
1115
1097
1116
1098
1117
1099
1118
1100
1119
1101
1120
1102
1121
1103
1122
1104
1123
1105
1124
1106
1125
1107
1126
1108
1127
1128
1587
1110
1129
1111
1130
1112
1131
1113
1132
1114
1133
1115
1134
1116
1135
1117
1136
1118
1137
1119
1138
1120
1139
1121
1140
1122
1141
1123
1142
1124
1143
1125
1144
1126
1145
1127
1146
1128
1147
1148
1589
1130
1149
1131
1150
1132
1151
1133
1152
1134
1153
1135
1154
1136
1155
1137
1156
1138
1157
1139
1158
1140
1159
1141
1160
1142
1161
1143
1162
1144
1163
1145
1164
1146
1165
1147
1166
1148
1167
1168
1591
1150
1169
1151
1170
1152
1171
1153
1172
1154
1173
1155
1174
1156
1175
1157
1176
1158
1177
1159
1178
1160
1179
1161
1180
1162
1181
1163
1182
1164
1183
1165
1184
1166
1185
1167
1186
1168
1187
1188
1593
1170
1189
1171
1190
1172
1191
1173
1192
1174
1193
1175
1194
1176
1195
1177
1196
1178
1197
1179
1198
1180
1199
1181
1200
1182
1201
1183
1202
1184
1203
1185
1204
1186
1205
1187
1206
1188
1207
1208
1595
1190
1209
1191
1210
1192
1211
1193
1212
1194
1213
1195
1214
1196
1215
1197
1216
1198
1217
1199
1218
1200
1219
1201
1220
1202
1221
1203
1222
1204
1223
1205
1224
1206
1225
1207
1226
1208
1227
1228
1597
1210
1229
1211
1230
1212
1231
1213
1232
1214
1233
1215
1234
1216
1235
1217
1236
1218
1237
1219
1238
1220
1239
1221
1240
1222
1241
1223
1242
1224
1243
1225
1244
1226
1245
1227
1246
1228
1247
1248
1599
1230
1249
1231
1250
1232
1251
1233
1252
1234
1253
1235
1254
1236
1255
1237
1256
1238
1257
1239
1258
1240
1259
1241
1260
1242
1261
1243
1262
1244
1263
1245
1264
1246
1265
1247
1266
1248
1267
1268
1601
1250
1269
1251
1270
1252
1271
1253
1272
1254
1273
1255
1274
1256
1275
1257
1276
1258
1277
1259
1278
1260
1279
1261
1280
1262
1281
1263
1282
1264
1283
1265
1284
1266
1285
1267
1286
1268
1287
1288
1603
1270
1289
1271
1290
1272
1291
1273
1292
1274
1293
1275
1294
1276
1295
1277
1296
1278
1297
1279
1298
1280
1299
1281
1300
1282
1301
1283
1302
1284
1303
1285
1304
1286
1305
1287
1306
1288
1307
1308
1605
1290
1309
1291
1310
1292
1311
1293
1312
1294
1313
1295
1314
1296
1315
1297
1316
1298
1317
1299
1318
1300
1319
1301
1320
1302
1321
1303
1322
1304
1323
1305
1324
1306
1325
1307
1326
1308
1327
1328
1607
1310
1329
1311
1330
1312
1331
1313
1332
1314
1333
1315
1334
1316
1335
1317
1336
1318
1337
1319
1338
1320
1339
1321
1340
1322
1341
1323
1342
1324
1343
1325
1344
1326
1345
1327
1346
1328
1347
1348
1609
1330
1349
1331
1350
1332
1351
1333
1352
1334
1353
1335
1354
1336
1355
1337
1356
1338
1357
1339
1358
1340
1359
1341
1360
1342
1361
1343
1362
1344
1363
1345
1364
1346
1365
1347
1366
1348
1367
1368
1611
1350
1369
1351
1370
1352
1371
1353
1372
1354
1373
1355
1374
1356
1375
1357
1376
1358
1377
1359
1378
1360
1379
1361
1380
1362
1381
1363
1382
1364
1383
1365
1384
1366
1385
1367
1386
1368
1387
1388
1613
1370
1389
1371
1390
1372
1391
1373
1392
1374
1393
1375
1394
1376
1395
1377
1396
1378
1397
1379
1398
1380
1399
1381
1400
1382
1401
1383
1402
1384
1403
1385
1404
1386
1405
1387
1406
1388
1407
1408
1615
1390
1409
1391
1410
1392
1411
1393
1412
1394
1413
1395
1414
1396
1415
1397
1416
1398
1417
1399
1418
1400
1419
1401
1420
1402
1421
1403
1422
1404
1423
1405
1424
1406
1425
1407
1426
1408
1427
1428
1617
1410
1429
1411
1430
1412
1431
1413
1432
1414
1433
1415
1434
1416
1435
1417
1436
1418
1437
1419
1438
1420
1439
1421
1440
1422
1441
1423
1442
1424
1443
1425
1444
1426
1445
1427
1446
1428
1447
1448
1619
1430
1449
1431
1450
1432
1451
1433
1452
1434
1453
1435
1454
1436
1455
1437
1456
1438
1457
1439
1458
1440
1459
1441
1460
1442
1461
1443
1462
1444
1463
1445
1464
1446
1465
1447
1466
1448
1467
1468
1621
1450
1469
1451
1470
1452
1471
1453
1472
1454
1473
1455
1474
1456
1475
1457
1476
1458
1477
1459
1478
1460
1479
1461
1480
1462
1481
1463
1482
1464
1483
1465
1484
1466
1485
1467
1486
1468
1487
1488
1623
1470
1489
1471
1490
1472
1491
1473
1492
1474
1493
1475
1494
1476
1495
1477
1496
1478
1497
1479
1498
1480
1499
1481
1500
1482
1501
1483
1502
1484
1503
1485
1504
1486
1505
1487
1506
1488
1507
1508
1625
1490
1491
1492
1493
1494
1495
1496
1497
1498
1499
1500
1501
1502
1503
1504
1505
1506
1507
1508
1627
1510
1511
1512
1512
1513
1514
1514
1515
1516
1516
1517
1518
1518
1519
1520
1520
1521
1522
1522
1523
1524
1524
1525
1526
1526
1527
1528
1528
1529
1530
1530
1531
1532
1532
1533
1534
1534
1535
1536
1536
1537
1538
1538
1539
1540
1540
1541
1542
1542
1543
1544
1544
1545
1546
1546
1547
1548
1548
1549
1550
1550
1551
1552
1552
1553
1554
1554
1555
1556
1556
1557
1558
1558
1559
1560
1560
1561
1562
1562
1563
1564
1564
1565
1566
1566
1567
1568
1568
1569
1570
1570
1571
1572
1572
1573
1574
1574
1575
1576
1576
1577
1578
1578
1579
1580
1580
1581
1582
1582
1583
1584
1584
1585
1586
1586
1587
1588
1588
1589
1590
1590
1591
1592
1592
1593
1594
1594
1595
1596
1596
1597
1598
1598
1599
1600
1600
1601
1602
1602
1603
1604
1604
1605
1606
1606
1607
1608
1608
1609
1610
1610
1611
1612
1612
1613
1614
1614
1615
1616
1616
1617
1618
1618
1619
1620
1620
1621
1622
1622
1623
1624
1624
1625
1626
1626
1627
1628
1628
)


// ************************************************************************* //
