/*--------------------------------*- C++ -*----------------------------------*\
  =========                 |
  \\      /  F ield         | OpenFOAM: The Open Source CFD Toolbox
   \\    /   O peration     | Website:  https://openfoam.org
    \\  /    A nd           | Version:  7
     \\/     M anipulation  |
\*---------------------------------------------------------------------------*/
FoamFile
{
    version     2.0;
    format      ascii;
    class       surfaceScalarField;
    location    "0.1";
    object      phi;
}
// * * * * * * * * * * * * * * * * * * * * * * * * * * * * * * * * * * * * * //

dimensions      [1 0 -1 0 0 0 0];

internalField   nonuniform List<scalar> 
1572
(
1.2612620234e-08
-3.26520753739e-08
4.98112134595e-08
-9.77464045011e-08
-1.64223249496e-07
1.10789392433e-07
6.55177382435e-09
-4.50363793105e-08
2.74737552025e-08
-1.36225643892e-07
-2.28882924664e-07
6.26179350377e-08
-7.07749592659e-10
-5.08689348481e-08
-1.08394663008e-09
-1.55449110889e-07
-2.60604537524e-07
-1.97951194682e-09
-4.57022040652e-09
-5.23456667451e-08
-1.84157022406e-08
-1.59745579595e-07
-2.67327576738e-07
-4.18290917918e-08
-6.821445557e-09
-5.2017266343e-08
-2.69438906366e-08
-1.59126268959e-07
-2.66084743676e-07
-6.06052749069e-08
-6.50674580297e-09
-5.30334078283e-08
-2.58818320543e-08
-1.62376045624e-07
-2.71417431487e-07
-5.81961019232e-08
-4.81410859791e-09
-5.63276512307e-08
-1.94421591468e-08
-1.72164805516e-07
-2.87996939443e-07
-4.35657580781e-08
-3.44681819604e-09
-6.03905532871e-08
-1.45034371932e-08
-1.83691427306e-07
-3.07623015891e-07
-3.25575818504e-08
-2.83800171788e-09
-6.39769967815e-08
-1.18412114143e-08
-1.93951571529e-07
-3.24750237566e-07
-2.68680890594e-08
-2.57436208792e-09
-6.69986544797e-08
-1.11703114119e-08
-2.02193904106e-07
-3.38188154411e-07
-2.58264364644e-08
-4.19580438966e-09
-6.81143436231e-08
-1.61141601999e-08
-2.06221444431e-07
-3.44729948303e-07
-3.61454937427e-08
-4.5061919001e-09
-6.89302577277e-08
-1.84855649328e-08
-2.08204590768e-07
-3.4787938841e-07
-4.19094585949e-08
-6.15409148342e-09
-6.81760171543e-08
-2.40649616344e-08
-2.0653760218e-07
-3.4517791958e-07
-5.38123748929e-08
-6.58613532145e-09
-6.70614024105e-08
-2.6010260862e-08
-2.03532583425e-07
-3.40197091803e-07
-5.83457146518e-08
-6.57312237058e-09
-6.59217372093e-08
-2.63091731884e-08
-2.00142220683e-07
-3.34528732659e-07
-5.92114473467e-08
-6.76094121338e-09
-6.45173700409e-08
-2.62187791677e-08
-1.96763932524e-07
-3.29007738835e-07
-5.85297304433e-08
-5.41773549175e-09
-6.40814717091e-08
-2.25382041316e-08
-1.94625768767e-07
-3.25298862707e-07
-5.12869138572e-08
-5.24659819473e-09
-6.36327921371e-08
-2.13145630893e-08
-1.9295871971e-07
-3.22486348361e-07
-4.81320359507e-08
-4.82513164439e-09
-6.33757369283e-08
-1.95937761282e-08
-1.91894486596e-07
-3.20725670225e-07
-4.41995721649e-08
-4.32490740847e-09
-6.3394546844e-08
-1.78562355425e-08
-1.91398583804e-07
-3.19916317383e-07
-4.04080224181e-08
-4.53459612638e-09
-6.304785473e-08
-1.78016890447e-08
-1.90727859431e-07
-3.18888747865e-07
-3.98346323095e-08
-4.34670491456e-09
-6.27493781448e-08
-1.70861421881e-08
-1.90098901725e-07
-3.17977146686e-07
-3.81894868072e-08
-4.01579709192e-09
-6.25771105326e-08
-1.61082259322e-08
-1.89581847054e-07
-3.17194365731e-07
-3.62112405734e-08
-4.18989741901e-09
-6.20791972189e-08
-1.63061293176e-08
-1.88488968673e-07
-3.15486796091e-07
-3.64001199266e-08
-3.51891431959e-09
-6.20554951857e-08
-1.45559499316e-08
-1.87934357087e-07
-3.14458058549e-07
-3.30835740674e-08
-3.72809079734e-09
-6.17304963654e-08
-1.50144489788e-08
-1.86841103667e-07
-3.12661342022e-07
-3.38142996363e-08
-3.69782115309e-09
-6.13169392366e-08
-1.4831262337e-08
-1.85537767392e-07
-3.10585351142e-07
-3.32916161509e-08
-3.2274638882e-09
-6.10627108255e-08
-1.30900373146e-08
-1.84588551263e-07
-3.09002643813e-07
-2.95363337155e-08
-2.42773800605e-09
-6.10249755834e-08
-9.93837446487e-09
-1.84346471997e-07
-3.08287950746e-07
-2.28191114092e-08
-1.08421513686e-09
-6.1682323733e-08
-4.27502026237e-09
-1.86314006276e-07
-3.10990651779e-07
-1.01895852997e-08
2.59424186074e-10
8.58740471342e-10
1.56966081473e-09
-1.98630938845e-07
1.82276005517e-07
-2.75633245299e-07
1.03963823187e-07
-3.12990807271e-07
-3.58074436066e-09
-3.20176619145e-07
-7.05724055681e-08
-3.19301256698e-07
-1.0016130576e-07
-3.25871666764e-07
-9.66129732285e-08
-3.45664452635e-07
-7.25313916258e-08
-3.68585085053e-07
-5.48285217364e-08
-3.89062228334e-07
-4.49310962112e-08
-4.04294556729e-07
-4.42940558229e-08
-4.13035058158e-07
-5.92009551476e-08
-4.16078817661e-07
-7.06385524575e-08
-4.13583888553e-07
-8.86570419664e-08
-4.07936742027e-07
-9.66971941775e-08
-4.01245891994e-07
-9.84993963711e-08
-3.95186657636e-07
-9.66473545176e-08
-3.90347727609e-07
-8.61342306495e-08
-3.86837432787e-07
-8.03960218671e-08
-3.84576609455e-07
-7.38313500583e-08
-3.83178268289e-07
-6.78712032232e-08
-3.82323854636e-07
-6.58933390208e-08
-3.81578438444e-07
-6.31320343179e-08
-3.80655825854e-07
-6.03398041203e-08
-3.79101282445e-07
-5.99879583139e-08
-3.77282593593e-07
-5.59020784935e-08
-3.74958477885e-07
-5.65333074474e-08
-3.72425895184e-07
-5.54691094889e-08
-3.70356385074e-07
-4.94412418103e-08
-3.69302676844e-07
-3.85399651324e-08
-3.72374738728e-07
-1.74279367389e-08
2.25174931418e-09
6.49480550195e-06
-1.28582412546e-05
7.35757099133e-06
-9.92343387009e-06
1.07498748971e-05
6.5915459364e-07
1.60209122166e-05
2.8321968069e-05
1.7366236645e-05
5.31757768685e-05
1.34570257142e-05
6.61141633453e-05
7.28152299149e-05
3.93278832358e-06
4.32999640105e-07
-7.43907396959e-07
7.96729325318e-07
-1.21103937778e-06
1.26640250731e-06
-1.81473637596e-06
1.83019038549e-06
-2.58640542731e-06
2.49990077294e-06
-3.59015419665e-06
3.43286223501e-06
-5.00292981e-06
4.39579045348e-06
-6.53010420752e-06
4.99832579254e-06
-8.14197003919e-06
5.25309734138e-06
-9.74930733906e-06
5.12163169861e-06
-1.12975039076e-05
4.65765431187e-06
-1.28105786457e-05
3.97544914784e-06
-1.43400989053e-05
3.08412709064e-06
-1.59256144408e-05
2.345812445e-06
-1.7032245923e-05
2.46060756595e-06
-1.47109610278e-05
3.15552957391e-06
2.47007619464e-07
7.1063407335e-06
2.91660888477e-05
9.36638538625e-06
5.17149542827e-05
7.33812396033e-06
6.33981583388e-05
6.96961352326e-05
1.81802612799e-06
2.64830097509e-07
-1.04143108142e-06
4.9835495521e-07
-1.6812009614e-06
7.99282939073e-07
-2.48404017922e-06
1.16148483864e-06
-3.46405068507e-06
1.5494417375e-06
-4.63730571746e-06
1.75648634863e-06
-5.99971179405e-06
1.86664664734e-06
-7.53763856199e-06
1.95109259826e-06
-9.2274363833e-06
2.04840313624e-06
-1.10055769722e-05
2.18796192128e-06
-1.28857614341e-05
2.26760958481e-06
-1.48413007155e-05
2.06956054227e-06
-1.68928735249e-05
1.15321059257e-06
-1.89296000527e-05
-7.91749011926e-07
-2.04963447013e-05
-4.38978825623e-06
-1.81711796644e-05
-8.34181770208e-06
-4.65226539897e-07
-4.92665737342e-06
2.63666826689e-05
-6.48281659848e-07
4.45631181386e-05
1.35187945096e-06
5.4689272159e-05
6.18224842515e-05
1.71273104885e-07
-1.31119058382e-08
-1.17555571101e-06
-5.03088102567e-08
-1.86807928387e-06
-1.34316204699e-07
-2.71497888865e-06
-2.78394508473e-07
-3.7275943665e-06
-4.81206706217e-07
-4.92422414816e-06
-7.16554058538e-07
-6.31063366866e-06
-9.35683003864e-07
-7.88657509142e-06
-1.05342122603e-06
-9.664919083e-06
-9.54656159028e-07
-1.16489358606e-05
-6.2400515078e-07
-1.38314566119e-05
-1.99288965902e-07
-1.61524832034e-05
-1.05848605945e-07
-1.84886043454e-05
-9.57894608432e-07
-2.06674365705e-05
-3.76648321186e-06
-2.19514432204e-05
-9.39249800117e-06
-1.95543511876e-05
-1.37514176496e-05
-2.33307306581e-06
-9.20222415621e-06
1.920269067e-05
-2.9810180858e-06
3.32859995163e-05
-1.45403411714e-07
4.41373955733e-05
5.23789358744e-05
-1.19994085974e-07
-1.79368769918e-07
-1.19824305036e-06
-3.53518636291e-07
-1.89421440809e-06
-6.05089586431e-07
-2.73556173504e-06
-9.43188656645e-07
-3.72821213633e-06
-1.36409349683e-06
-4.89197931454e-06
-1.85604991501e-06
-6.22556153151e-06
-2.34773893214e-06
-7.77250177077e-06
-2.7084644365e-06
-9.59396053949e-06
-2.80642697876e-06
-1.17039683172e-05
-2.61886422843e-06
-1.40315294577e-05
-2.24684042338e-06
-1.64719169869e-05
-1.99480072832e-06
-1.8829173305e-05
-2.64678081242e-06
-2.06657797544e-05
-5.38311420961e-06
-2.11679053492e-05
-1.14489420274e-05
-1.80963740139e-05
-1.36507733427e-05
-5.67135867115e-06
-8.34987835762e-06
9.06061211259e-06
-2.75910006894e-06
2.09906123879e-05
-7.98251461296e-08
3.3041165423e-05
4.21978030953e-05
2.72509345705e-07
-2.45280871758e-07
-1.19488341895e-06
-4.6908826472e-07
-1.88688729861e-06
-7.78664351145e-07
-2.72139802672e-06
-1.17386270335e-06
-3.70321654173e-06
-1.64374015857e-06
-4.85162936454e-06
-2.18318077833e-06
-6.14381547976e-06
-2.76209150888e-06
-7.63333126544e-06
-3.34251534722e-06
-9.37922722519e-06
-3.88155126225e-06
-1.13969401365e-05
-4.27845327502e-06
-1.36730976641e-05
-4.53125739189e-06
-1.60270110878e-05
-4.67592450326e-06
-1.82837671512e-05
-4.8526254774e-06
-2.00445189828e-05
-5.42541128702e-06
-2.05631097078e-05
-6.69560441049e-06
-1.80825507749e-05
-4.00725502818e-06
-1.04028660009e-05
5.97503208869e-08
5.60146369915e-07
3.52256667862e-06
1.05476050569e-05
4.49743908396e-06
2.35563420182e-05
3.4912009078e-05
1.7977758434e-06
-2.38379344755e-07
-1.21870032591e-06
-4.56947461278e-07
-1.92372138793e-06
-7.57694880314e-07
-2.77488575866e-06
-1.14675099251e-06
-3.76953425466e-06
-1.63058164467e-06
-4.917321305e-06
-2.18260635162e-06
-6.21710321527e-06
-2.74433737069e-06
-7.74299359184e-06
-3.31501333166e-06
-9.48190502655e-06
-3.88137268016e-06
-1.14505054937e-05
-4.33088233205e-06
-1.3711883611e-05
-4.59254505108e-06
-1.60250864633e-05
-4.61146177195e-06
-1.82012407262e-05
-4.25932335716e-06
-1.99524165942e-05
-3.42990623287e-06
-2.065394748e-05
-1.21912558015e-06
-1.93723259188e-05
3.33615865105e-06
-1.47649455523e-05
9.3441664648e-06
-7.52561572848e-06
1.1666335605e-05
2.85467825625e-06
1.03124627589e-05
1.76785988623e-05
3.21851321627e-05
3.5216210006e-06
-1.7901923494e-07
-1.29280939296e-06
-3.41081374067e-07
-2.04396137469e-06
-5.5923083767e-07
-2.95628952972e-06
-8.25862645163e-07
-4.03217906369e-06
-1.12407906339e-06
-5.28531745447e-06
-1.4516087851e-06
-6.69083774218e-06
-1.81700046495e-06
-8.30818884415e-06
-2.20816433911e-06
-1.0134445166e-05
-2.63285228124e-06
-1.21521337507e-05
-3.19589346864e-06
-1.4310172974e-05
-3.78954004388e-06
-1.6546978649e-05
-3.96985950854e-06
-1.89442489146e-05
-3.28221497873e-06
-2.11284570856e-05
-1.31467243921e-06
-2.23805858307e-05
2.18308771905e-06
-2.20765755646e-05
7.65041036588e-06
-1.93800970933e-05
1.41885844533e-05
-1.39685301223e-05
1.72414362852e-05
-2.7068634658e-06
1.44302330636e-05
1.63756019145e-05
3.3456670792e-05
4.86038417502e-06
-1.38046911308e-07
-1.37772780518e-06
-2.65323976863e-07
-2.18224764546e-06
-4.38958783052e-07
-3.16442818708e-06
-6.5278979708e-07
-4.33613622527e-06
-8.88538821902e-07
-5.7238798464e-06
-1.10355590453e-06
-7.32571161481e-06
-1.30561850952e-06
-9.14871864904e-06
-1.50625520197e-06
-1.11832801663e-05
-1.67969457696e-06
-1.34431659203e-05
-1.78739452943e-06
-1.58709737421e-05
-1.78297717726e-06
-1.83762943757e-05
-1.79232711217e-06
-2.08196609345e-05
-1.69114618846e-06
-2.30172017636e-05
-6.87637032208e-07
-2.48066686749e-05
2.29214584199e-06
-2.59787130108e-05
7.05614176609e-06
-2.46483303172e-05
1.21135092954e-05
-1.9595096713e-05
1.52109077314e-05
-6.59521272732e-06
1.26853320124e-05
1.57868490249e-05
3.41016900504e-05
3.80415355254e-06
-1.13632160024e-07
-1.45268565796e-06
-2.19262115707e-07
-2.30457215596e-06
-3.67157460712e-07
-3.34703373884e-06
-5.56794620043e-07
-4.60019057437e-06
-7.87523652531e-07
-6.09478117741e-06
-1.04314843441e-06
-7.8475642332e-06
-1.29673951752e-06
-9.88099191651e-06
-1.51648783002e-06
-1.21935030038e-05
-1.70497791492e-06
-1.47674777324e-05
-1.85363301523e-06
-1.75552384273e-05
-1.88378608189e-06
-2.05285664033e-05
-1.65847819502e-06
-2.35745237048e-05
-1.03271222867e-06
-2.64478940472e-05
4.19831283127e-08
-2.87981006516e-05
1.18607369143e-06
-3.00395728405e-05
3.00720187977e-06
-2.93011345544e-05
5.06346874343e-06
-2.46278361552e-05
6.2429713324e-06
-1.11028201577e-05
4.48771066188e-06
1.23008485864e-05
2.91521624078e-05
1.82938123362e-07
-1.15407239379e-07
-1.5069751029e-06
-2.26285756825e-07
-2.39250787207e-06
-3.83851313141e-07
-3.47790103304e-06
-5.918810463e-07
-4.78890254597e-06
-8.56084965572e-07
-6.35833370498e-06
-1.17679886084e-06
-8.21245758946e-06
-1.5535190473e-06
-1.0381082887e-05
-1.97143518237e-06
-1.28841062974e-05
-2.39522398222e-06
-1.57343632907e-05
-2.7627744713e-06
-1.89229816976e-05
-3.05079569495e-06
-2.23976680964e-05
-3.29982592828e-06
-2.59881542059e-05
-3.45429264595e-06
-2.954540086e-05
-3.39290808164e-06
-3.27529777661e-05
-3.0185254629e-06
-3.4920982803e-05
-2.62032097979e-06
-3.47843615188e-05
-2.85836226581e-06
-3.00763130102e-05
-3.95294582237e-06
-1.62649708237e-05
-4.78302239747e-06
5.45980110137e-06
1.71925650088e-05
-3.0940803677e-06
-1.44946651577e-07
-1.53919986521e-06
-2.78669925072e-07
-2.44529474525e-06
-4.69756468202e-07
-3.55642005074e-06
-7.25633575277e-07
-4.90218089713e-06
-1.05527723937e-06
-6.51652261041e-06
-1.46553767006e-06
-8.43066480058e-06
-1.96336544252e-06
-1.06786168046e-05
-2.55316629576e-06
-1.32883557566e-05
-3.23688236969e-06
-1.62846238693e-05
-4.01264805445e-06
-1.96777846887e-05
-4.86475405279e-06
-2.34539710191e-05
-5.70431848191e-06
-2.7547744559e-05
-6.51167427442e-06
-3.17803463419e-05
-7.35945149045e-06
-3.57801929479e-05
-8.51470370795e-06
-3.8691246923e-05
-1.02830451842e-05
-3.92753319593e-05
-1.31758153198e-05
-3.50372426433e-05
-1.51334897737e-05
-2.29173651929e-05
-1.22493933725e-05
-6.13925274167e-06
1.43875334109e-06
-6.16148241635e-06
-1.7807538813e-07
-1.5494581633e-06
-3.46943807734e-07
-2.46215737187e-06
-5.88826943983e-07
-3.58223056978e-06
-9.15340019849e-07
-4.94076399311e-06
-1.33877395144e-06
-6.57265501409e-06
-1.87021305654e-06
-8.51197787265e-06
-2.5200628228e-06
-1.07953350942e-05
-3.29622029484e-06
-1.34557960134e-05
-4.20568085337e-06
-1.65238695143e-05
-5.25751066628e-06
-2.00179299322e-05
-6.47079256463e-06
-2.39334962264e-05
-7.88428901815e-06
-2.82189150852e-05
-9.55746569739e-06
-3.2726633759e-05
-1.16003308701e-05
-3.7109182285e-05
-1.4074931987e-05
-4.06460122855e-05
-1.72473399301e-05
-4.20030419889e-05
-2.06834514896e-05
-3.92204193535e-05
-2.08932435061e-05
-3.0732552921e-05
-1.52454618982e-05
-1.88163518119e-05
-1.68470179089e-05
-5.34144641202e-06
-2.17157789833e-07
-1.54073062672e-06
-4.19186524699e-07
-2.44900131253e-06
-7.09227693594e-07
-3.56423598469e-06
-1.10268572211e-06
-4.9179694155e-06
-1.61623840631e-06
-6.54524370489e-06
-2.26667940905e-06
-8.48113376051e-06
-3.07102563038e-06
-1.07629660906e-05
-4.04552403566e-06
-1.34253500521e-05
-5.20648553966e-06
-1.65003411079e-05
-6.57271183823e-06
-2.00081930633e-05
-8.17065049444e-06
-2.39468822904e-05
-1.00429124964e-05
-2.8268955787e-05
-1.22582401039e-05
-3.28377847025e-05
-1.48922556182e-05
-3.73615208273e-05
-1.79161890855e-05
-4.13048328811e-05
-2.09687166894e-05
-4.37011655149e-05
-2.29683317246e-05
-4.30614501415e-05
-2.15097695086e-05
-3.79969098289e-05
-1.41810757851e-05
-3.100024967e-05
-3.22637069323e-05
-3.81785332795e-06
-2.3885406766e-07
-1.51981089143e-06
-4.62555142728e-07
-2.41669207522e-06
-7.84091562028e-07
-3.51885780239e-06
-1.22083520153e-06
-4.85830340008e-06
-1.79180635954e-06
-6.47027451699e-06
-2.51668055161e-06
-8.39048449338e-06
-3.41571326379e-06
-1.06570001381e-05
-4.50849066163e-06
-1.33054078843e-05
-5.81497746828e-06
-1.63677580693e-05
-7.3567435505e-06
-1.98632745059e-05
-9.16154170163e-06
-2.37864818446e-05
-1.12668076878e-05
-2.80870420068e-05
-1.37067464302e-05
-3.2646932791e-05
-1.63412749917e-05
-3.73719529124e-05
-1.88700044028e-05
-4.19033308747e-05
-2.07944735234e-05
-4.5464099144e-05
-2.10369431141e-05
-4.69274230299e-05
-1.74542634138e-05
-4.54125235309e-05
-9.77834030824e-06
-4.23720903377e-05
-4.47227432967e-05
-2.10031244035e-06
-2.44392704041e-07
-1.49483555134e-06
-4.74111677359e-07
-2.37820160152e-06
-8.04328863597e-07
-3.4651817585e-06
-1.25291904251e-06
-4.78854915233e-06
-1.83920822654e-06
-6.38437034968e-06
-2.58283700844e-06
-8.2901110297e-06
-3.50403560219e-06
-1.05453796727e-05
-4.62071390475e-06
-1.31892716586e-05
-5.94829018764e-06
-1.62570914231e-05
-7.49844190437e-06
-1.97713354715e-05
-9.28448171697e-06
-2.37237735883e-05
-1.13468764406e-05
-2.80348703173e-05
-1.35781489354e-05
-3.27334016239e-05
-1.58626488558e-05
-3.77277993886e-05
-1.78490264738e-05
-4.28774895543e-05
-1.88790867112e-05
-4.76363621023e-05
-1.79444878327e-05
-5.10504986486e-05
-1.36222509207e-05
-5.24399561118e-05
-6.374840174e-06
-5.23050911729e-05
-5.50184439194e-05
-4.13707029911e-07
-2.37925861743e-07
-1.47253032218e-06
-4.60524013552e-07
-2.34416810913e-06
-7.80864317453e-07
-3.41832796013e-06
-1.21651385087e-06
-4.72910477267e-06
-1.78638614968e-06
-6.31386027408e-06
-2.50949565393e-06
-8.2130101563e-06
-3.40452449663e-06
-1.04694208337e-05
-4.4875625407e-06
-1.31274666994e-05
-5.76911330509e-06
-1.62299030349e-05
-7.25036948063e-06
-1.98092913919e-05
-8.92699134717e-06
-2.38614036601e-05
-1.0771410121e-05
-2.83251628425e-05
-1.2676768118e-05
-3.33046042259e-05
-1.45183953012e-05
-3.87097187245e-05
-1.61902349788e-05
-4.43606613527e-05
-1.69524234143e-05
-5.02670732403e-05
-1.5855338167e-05
-5.5528879186e-05
-1.2014665129e-05
-5.93121112128e-05
-5.78025493027e-06
-6.14890154044e-05
-6.49359606641e-05
4.5476209278e-08
-2.16266256651e-07
-1.45416379759e-06
-4.21736942661e-07
-2.31644528969e-06
-7.18323059221e-07
-3.38101043476e-06
-1.12276666124e-06
-4.68365232964e-06
-1.65373130783e-06
-6.26349323044e-06
-2.32985645139e-06
-8.16474549505e-06
-3.16977035866e-06
-1.04348886038e-05
-4.18880400273e-06
-1.31258818043e-05
-5.39677585275e-06
-1.62901031612e-05
-6.78946879409e-06
-1.99771667079e-05
-8.3389936293e-06
-2.42073841559e-05
-9.99031052734e-06
-2.89430154422e-05
-1.16885472874e-05
-3.42852734212e-05
-1.32843205883e-05
-4.02246987254e-05
-1.45701148689e-05
-4.66141608703e-05
-1.55386938361e-05
-5.32300806753e-05
-1.53055769555e-05
-5.99582634899e-05
-1.25810813694e-05
-6.62413300372e-05
-7.34888258287e-06
-7.09342823344e-05
-7.65075193763e-05
-4.8476286324e-07
-2.00513148961e-07
-1.44096602585e-06
-3.9060852934e-07
-2.2966865399e-06
-6.6557675607e-07
-3.35490679662e-06
-1.04180887984e-06
-4.65296368969e-06
-1.53737127637e-06
-6.23190354391e-06
-2.17114989887e-06
-8.13956009393e-06
-2.96239932587e-06
-1.04281838277e-05
-3.92815901196e-06
-1.31577701193e-05
-5.08108060996e-06
-1.63914576173e-05
-6.42268721577e-06
-2.01966515958e-05
-7.92572090248e-06
-2.46286513984e-05
-9.52444636346e-06
-2.96915799479e-05
-1.12079043753e-05
-3.54338488402e-05
-1.28475508934e-05
-4.19618117596e-05
-1.423607744e-05
-4.91893088515e-05
-1.50776783968e-05
-5.69441476189e-05
-1.52260400561e-05
-6.49025916866e-05
-1.41786486762e-05
-7.27994044746e-05
-9.93899190152e-06
-8.08985023001e-05
-9.04378019958e-05
-1.72609115712e-06
-1.84118672726e-07
-1.43253232471e-06
-3.59299449501e-07
-2.28414060044e-06
-6.13752946038e-07
-3.33879079483e-06
-9.63942043083e-07
-4.6349294107e-06
-1.42813753178e-06
-6.21562344418e-06
-2.02641679482e-06
-8.13168921301e-06
-2.77992405244e-06
-1.0440032403e-05
-3.70959604691e-06
-1.32076835111e-05
-4.83352643605e-06
-1.65084653622e-05
-6.16258208709e-06
-2.04258729063e-05
-7.6911874525e-06
-2.50411668733e-05
-9.36021316814e-06
-3.04208515222e-05
-1.11561483988e-05
-3.65739136165e-05
-1.30043197096e-05
-4.36763510628e-05
-1.47240362122e-05
-5.17457712414e-05
-1.60259558432e-05
-6.06976738104e-05
-1.64106002068e-05
-7.03608545178e-05
-1.52367670626e-05
-8.04982333852e-05
-1.18329729843e-05
-9.12586319768e-05
-0.000106124631604
-3.01203670264e-06
-1.70459090724e-07
-1.42705927826e-06
-3.34153839181e-07
-2.27587140914e-06
-5.73275736083e-07
-3.32815370509e-06
-9.0476921399e-07
-4.62301170656e-06
-1.34787703436e-06
-6.20522601134e-06
-1.92454174146e-06
-8.12786026153e-06
-2.65858681987e-06
-1.04519137126e-05
-3.57512675351e-06
-1.32503465842e-05
-4.69797056443e-06
-1.66067247166e-05
-6.04729206603e-06
-2.06180646732e-05
-7.63065852808e-06
-2.53893554467e-05
-9.42943225085e-06
-3.10253185133e-05
-1.13851942277e-05
-3.75855674618e-05
-1.34726185544e-05
-4.52258390612e-05
-1.55259141394e-05
-5.41135600298e-05
-1.72396023828e-05
-6.42938014153e-05
-1.80807924455e-05
-7.57745833979e-05
-1.70994106078e-05
-8.86136572005e-05
-1.28183291942e-05
-0.000103250811744
-0.000122760218271
-3.93058134579e-06
-1.6292922586e-07
-1.42394791384e-06
-3.18231551114e-07
-2.27108584215e-06
-5.46413111238e-07
-3.32159620229e-06
-8.64979505623e-07
-4.61503959611e-06
-1.29440725816e-06
-6.19721242686e-06
-1.85862020534e-06
-8.12273073364e-06
-2.58423150054e-06
-1.04558626875e-05
-3.50015548745e-06
-1.32745728961e-05
-4.63581457397e-06
-1.66705778588e-05
-6.01804040663e-06
-2.07536387594e-05
-7.66527909246e-06
-2.56488113619e-05
-9.57857156558e-06
-3.14911099627e-05
-1.17072036577e-05
-3.84042604794e-05
-1.40078982711e-05
-4.65494087658e-05
-1.63081776987e-05
-5.62344229988e-05
-1.82841223272e-05
-6.76490486748e-05
-1.93453236948e-05
-8.10262387329e-05
-1.84737753558e-05
-9.67420892326e-05
-1.40548007733e-05
-0.00011561356597
-0.000140752988839
-4.20280772683e-06
-1.56047695571e-07
-1.42124446511e-06
-3.05290566732e-07
-2.26657750711e-06
-5.25790834875e-07
-3.31457553099e-06
-8.35812751114e-07
-4.60482560469e-06
-1.25742367645e-06
-6.18338295222e-06
-1.81643204741e-06
-8.106084075e-06
-2.5422005146e-06
-1.04395925183e-05
-3.46737851453e-06
-1.32657327058e-05
-4.62375978502e-06
-1.66853254158e-05
-6.04220184552e-06
-2.08186234045e-05
-7.74401944722e-06
-2.5810800819e-05
-9.73287335548e-06
-3.18259258629e-05
-1.19866939231e-05
-3.90242687841e-05
-1.43865341736e-05
-4.76749046498e-05
-1.67642962874e-05
-5.81428879672e-05
-1.87707802364e-05
-7.07915221934e-05
-1.97774975195e-05
-8.60936710863e-05
-1.87516527823e-05
-0.000104735869708
-1.4124965138e-05
-0.000127902056408
-0.000158636149771
-4.25434058724e-06
-1.50461182587e-07
-1.41770365506e-06
-2.95839966338e-07
-2.26019348133e-06
-5.1130548969e-07
-3.30430702383e-06
-8.1634786193e-07
-4.58831132321e-06
-1.23376873771e-06
-6.15895968293e-06
-1.79227296014e-06
-8.07109405098e-06
-2.52337123559e-06
-1.03943342962e-05
-3.46224096267e-06
-1.32135666533e-05
-4.64276452473e-06
-1.66383886993e-05
-6.09421440412e-06
-2.08019552864e-05
-7.83583493228e-06
-2.58683748403e-05
-9.87097027579e-06
-3.20266728504e-05
-1.21501270472e-05
-3.9497946362e-05
-1.45627373779e-05
-4.86196193249e-05
-1.69028495928e-05
-5.98543317415e-05
-1.87872878103e-05
-7.37294666423e-05
-1.95874700664e-05
-9.09241683413e-05
-1.8321878791e-05
-0.000112403111582
-1.36075505673e-05
-0.00013964190691
-0.000175619300977
-4.09065111509e-06
-1.47678977969e-07
-1.41222324323e-06
-2.8928221426e-07
-2.25061940232e-06
-5.00511248646e-07
-3.28817758506e-06
-8.00502926584e-07
-4.56296320102e-06
-1.21454365878e-06
-6.11963396116e-06
-1.77205134508e-06
-8.01363878489e-06
-2.50719198303e-06
-1.03155026351e-05
-3.45662993826e-06
-1.31137760657e-05
-4.65471480157e-06
-1.65268142089e-05
-6.12788996784e-06
-2.07021386556e-05
-7.88609581198e-06
-2.5826802787e-05
-9.91571927777e-06
-3.21190666981e-05
-1.21622926516e-05
-3.98446070814e-05
-1.44865323522e-05
-4.94276578299e-05
-1.66567802785e-05
-6.14188945771e-05
-1.82905215571e-05
-7.64792945807e-05
-1.87845208155e-05
-9.54740021756e-05
-1.72644050938e-05
-0.000119586118236
-1.25785254922e-05
-0.000150512164636
-0.000191278541785
-3.55879889677e-06
-1.41874814613e-07
-1.40464625796e-06
-2.81386228045e-07
-2.23703688907e-06
-4.89519014856e-07
-3.26618737932e-06
-7.86924795094e-07
-4.52772838935e-06
-1.19807564715e-06
-6.06644247112e-06
-1.75507875137e-06
-7.93473510995e-06
-2.49432040495e-06
-1.02041995259e-05
-3.45070556117e-06
-1.29701926673e-05
-4.65648408921e-06
-1.63586826096e-05
-6.13156412609e-06
-2.0533618384e-05
-7.87685821493e-06
-2.57044387873e-05
-9.86924283517e-06
-3.21155230616e-05
-1.20239724655e-05
-4.00936933956e-05
-1.41917091224e-05
-5.01252145476e-05
-1.61258346014e-05
-6.28489719751e-05
-1.74562273542e-05
-7.90304458581e-05
-1.76278943175e-05
-9.96896885125e-05
-1.58914244337e-05
-0.000126169563065
-1.12746726658e-05
-0.00016036913087
-0.000205248793456
-2.95777931606e-06
-1.41471786016e-07
-1.39580109474e-06
-2.79004393288e-07
-2.22169214544e-06
-4.84786118851e-07
-3.24089142205e-06
-7.79254139269e-07
-4.4872742746e-06
-1.18891802589e-06
-6.00325327244e-06
-1.74485248395e-06
-7.84098656232e-06
-2.48368162921e-06
-1.00712289889e-05
-3.44196635837e-06
-1.27936214675e-05
-4.64505342595e-06
-1.61482026092e-05
-6.10089766052e-06
-2.03177109612e-05
-7.79916106403e-06
-2.55300857147e-05
-9.67920556552e-06
-3.20787476114e-05
-1.16684473232e-05
-4.02983235684e-05
-1.36005323862e-05
-5.07632592889e-05
-1.52407320647e-05
-6.41699488508e-05
-1.62316812628e-05
-8.13889240373e-05
-1.61107867683e-05
-0.000103523372227
-1.42236911368e-05
-0.000132087707816
-9.67921080696e-06
-0.000169218954218
-0.000217082381483
-2.50333969862e-06
-1.38477669307e-07
-1.38602963274e-06
-2.72809864225e-07
-2.20490226822e-06
-4.74126363634e-07
-3.21303839202e-06
-7.62437286923e-07
-4.44282208685e-06
-1.16355491702e-06
-5.93418298155e-06
-1.70989126215e-06
-7.73653956318e-06
-2.43620546892e-06
-9.92201096816e-06
-3.37376350971e-06
-1.25964471056e-05
-4.54159497776e-06
-1.59127120886e-05
-5.93766773765e-06
-2.00735299171e-05
-7.53593198717e-06
-2.53286679591e-05
-9.27349144414e-06
-3.20050860959e-05
-1.10192867671e-05
-4.05004883953e-05
-1.26643615453e-05
-5.13608034587e-05
-1.39812053916e-05
-6.53930023624e-05
-1.46809087246e-05
-8.35168352569e-05
-1.43200139227e-05
-0.000106973323088
-1.23384537011e-05
-0.00013737524703
-8.26581390598e-06
-0.00017677367194
-0.000227196438732
-1.94074897848e-06
-1.24552414033e-07
-1.37743786523e-06
-2.46691671167e-07
-2.18957177214e-06
-4.30352744955e-07
-3.1870994507e-06
-6.94536390405e-07
-4.40048120773e-06
-1.0642753683e-06
-5.86659169575e-06
-1.57015130288e-06
-7.63251652933e-06
-2.24573236671e-06
-9.77007679156e-06
-3.11794931265e-06
-1.23927993088e-05
-4.1956643896e-06
-1.56703665339e-05
-5.46632455233e-06
-1.98244610145e-05
-6.88910929588e-06
-2.51303348122e-05
-8.4023352359e-06
-3.19326664298e-05
-9.8849656495e-06
-4.06847086252e-05
-1.11975607103e-05
-5.19460843405e-05
-1.22213916147e-05
-6.64960928497e-05
-1.26385015281e-05
-8.54426957428e-05
-1.21625981536e-05
-0.000109975276448
-1.0304009172e-05
-0.000141885655467
-6.89604184124e-06
-0.000182903941086
-0.000235598413155
-1.4851015562e-06
-9.97021285144e-08
-1.37111694225e-06
-1.99053629264e-07
-2.17846835716e-06
-3.49661443789e-07
-3.16721583773e-06
-5.67843139841e-07
-4.36681350903e-06
-8.74572462713e-07
-5.81219187404e-06
-1.29921536961e-06
-7.54464181474e-06
-1.87186924852e-06
-9.63726089742e-06
-2.61585598251e-06
-1.22100785137e-05
-3.53591343373e-06
-1.54488851822e-05
-4.61439622544e-06
-1.9594564198e-05
-5.81511891855e-06
-2.49385665197e-05
-7.07983698202e-06
-3.18452983851e-05
-8.33615911131e-06
-4.07794353724e-05
-9.4187482357e-06
-5.23896332317e-05
-1.02030413735e-05
-6.74066846504e-05
-1.05176771105e-05
-8.69714091501e-05
-1.00853324954e-05
-0.000112354263216
-8.58297638871e-06
-0.000145360521912
-5.6017746994e-06
-0.000187813639175
-0.000242460081956
-9.6513213111e-07
-4.54391262532e-08
-1.38168508039e-06
-9.31317639702e-08
-2.19301604139e-06
-1.68101267263e-07
-3.18486328386e-06
-2.81319452675e-07
-4.38506024552e-06
-4.49291960541e-07
-5.82528240654e-06
-6.92895154092e-07
-7.54453550297e-06
-1.03627030542e-06
-9.61430704981e-06
-1.50479721223e-06
-1.21525251194e-05
-2.09892104745e-06
-1.53668836884e-05
-2.78689171133e-06
-1.95268826885e-05
-3.52289703908e-06
-2.49358240753e-05
-4.25873410028e-06
-3.19588447563e-05
-4.93184961527e-06
-4.10727839728e-05
-5.47999812099e-06
-5.29220108662e-05
-5.7844561778e-06
-6.82853897551e-05
-5.79499341292e-06
-8.82204286811e-05
-5.44473931953e-06
-0.00011398991515
-4.54330532127e-06
-0.000147501570421
-2.63054923807e-06
-0.000190876517891
-0.000246482403222
-1.46353194652e-07
4.23571065559e-09
6.44340361552e-09
7.82862748638e-09
5.21790856041e-09
-6.58366542162e-09
-3.37048021823e-08
-9.00246484323e-08
-1.85729048076e-07
-3.21125730205e-07
-4.82478149388e-07
-6.35366442995e-07
-7.4985845475e-07
-7.79288441917e-07
-7.4638828117e-07
-6.00949516714e-07
-4.20566152883e-07
-8.36724950338e-08
1.24107787033e-07
4.33986385762e-07
1.96827257457e-07
1.87160087333e-06
1.29786204494e-05
8.34559500507e-06
8.04084112595e-07
1.19538992741e-05
7.05750212833e-06
3.9898327559e-08
1.00169515466e-05
4.97080969632e-06
-7.95844739189e-08
7.87458487503e-06
2.73810440906e-06
1.71610984766e-07
5.81893770963e-06
7.14697102555e-07
9.0000854377e-07
4.47676537436e-06
-6.57030621231e-07
1.65487234802e-06
4.06704724223e-06
-1.27524362567e-06
2.36891139071e-06
4.28560868274e-06
-1.25338292111e-06
1.81169903917e-06
3.96179404773e-06
-1.81153882467e-06
9.82956950191e-09
1.97851911472e-06
-3.89258895139e-06
-1.86337268239e-06
-1.39468306798e-06
-7.79866092545e-06
-2.9524039887e-06
-6.20359190149e-06
-1.23389613435e-05
-2.400584367e-06
-1.05105237137e-05
-1.61675933867e-05
-1.59444269008e-06
-1.35606663515e-05
-1.87307047498e-05
-9.24845735181e-07
-1.57656705047e-05
-2.08585539372e-05
-8.84580854069e-10
-1.7424109278e-05
-2.24631674054e-05
3.38684439372e-07
-1.90993436495e-05
-2.39379282255e-05
1.320127586e-07
-2.13025905748e-05
-2.58124512044e-05
-6.54629475282e-07
-2.41448931058e-05
-2.85834890133e-05
-1.35821271321e-06
-2.76975379246e-05
-3.20915539481e-05
-1.83338437066e-06
-3.17339425424e-05
-3.6044678232e-05
-1.97853655797e-06
-3.58718708115e-05
-4.00716519165e-05
-2.02284267561e-06
-3.9938898926e-05
-4.40443865771e-05
-1.94682284094e-06
-4.38082997829e-05
-4.78236282749e-05
-1.67705809051e-06
-4.72657832621e-05
-5.11991139732e-05
-1.40503045048e-06
-5.02346160098e-05
-5.41543922662e-05
-1.13777881938e-06
-5.28627645637e-05
-5.67079129746e-05
-9.00864182349e-07
-5.50716433793e-05
-5.89317683741e-05
-6.8284338318e-07
-5.69699578465e-05
-6.08383246283e-05
-4.77468102223e-07
-5.84617442634e-05
-6.23528987944e-05
-1.68761109801e-07
-5.92177437908e-05
-6.32448413193e-05
1.74919341609e-07
)
;

boundaryField
{
    inletfuel
    {
        type            calculated;
        value           nonuniform 0();
    }
    inletair
    {
        type            calculated;
        value           nonuniform 0();
    }
    outlet
    {
        type            calculated;
        value           nonuniform List<scalar> 
26
(
-6.22517413551e-08
-1.87908967846e-07
-3.13382937453e-07
-3.75109003408e-07
-1.39131953486e-06
-2.20735388613e-06
-3.20388803337e-06
-4.40676889704e-06
-5.84588085251e-06
-7.55960577502e-06
-9.61168123456e-06
-1.21235246569e-05
-1.53125269866e-05
-1.94624255799e-05
-2.48987938936e-05
-3.19846385387e-05
-4.12172676907e-05
-5.31747148963e-05
-6.87133939171e-05
-8.87655524458e-05
-0.000114801161849
-0.000148318288221
-0.000191988809087
-0.000247605020372
-5.9739214291e-05
-6.34975617408e-05
)
;
    }
    axis
    {
        type            empty;
        value           nonuniform 0();
    }
    leftside
    {
        type            calculated;
        value           uniform 0;
    }
    burnerwall
    {
        type            calculated;
        value           nonuniform 0();
    }
    front
    {
        type            wedge;
        value           nonuniform List<scalar> 
815
(
-4.06920706862e-18
-2.42263043379e-17
-5.37939451467e-17
-4.2609831564e-17
-6.29899702398e-17
-1.31561583349e-17
-9.74922620698e-18
1.6603461431e-18
4.66221000838e-17
-1.44944829523e-17
7.38651561443e-17
-4.46028155084e-17
-7.69551436429e-17
-2.09180436675e-16
-8.43356203852e-17
4.30918325675e-18
-9.1726928979e-17
-8.63161425626e-17
-3.71718015087e-17
3.36982362739e-16
2.39439522293e-16
1.25700832556e-17
-1.3120713387e-18
-6.58878335191e-18
-1.87618543813e-17
-3.44419933563e-16
-4.53850489165e-17
1.42330698049e-16
-5.36222715176e-16
2.70875384258e-16
-5.86004011025e-16
-1.10864117153e-17
-6.10715910174e-17
-7.10161769475e-17
-7.17286032194e-17
-9.48647087219e-17
-3.66417157792e-17
-2.8066888841e-17
5.62862260106e-19
1.13832375189e-16
-6.52908359886e-17
-1.04842795633e-16
-1.24778133122e-16
-2.09126222398e-16
-5.63301426367e-16
-2.37269591674e-16
-1.14391902921e-17
-2.60981916823e-16
-2.4519807011e-16
-1.1177401687e-16
8.99796889243e-16
6.08975421534e-16
2.7658750309e-17
-6.01678476587e-18
-1.90154799123e-17
-3.2290755742e-17
-2.18190236325e-16
-1.49977180414e-16
-5.83892414027e-16
-2.01648364686e-16
8.63272739303e-16
1.72038768255e-15
-1.53625672304e-17
-8.63262144265e-17
-8.01680865061e-17
-1.19749399443e-16
-1.10726152192e-16
-5.87796625935e-17
-4.86401537983e-17
-2.98725763694e-17
2.18002936763e-17
-1.23986463938e-16
-2.74993445879e-16
-1.95705043063e-16
-2.95190162853e-16
-6.70127868672e-16
-4.06393751183e-16
-3.86243364299e-16
-4.32819737384e-16
-4.08260229702e-16
-2.50688561832e-16
6.66704596461e-16
2.06159196971e-16
2.27261180328e-18
-2.27981699768e-17
-3.46456640166e-17
-3.60844147534e-17
-2.64129808649e-17
-2.47172645087e-16
-5.59316129907e-16
1.48097649551e-16
-3.79786281388e-16
1.73636701101e-15
-1.07563986218e-17
-7.12081830749e-17
-7.82314151602e-17
-1.19586502316e-16
-1.20674072556e-16
-6.65402371084e-17
-5.91445681353e-17
-4.93601969055e-17
-3.05909307194e-17
-1.32361833952e-16
-2.46931942071e-16
-2.16807736366e-16
-2.96498716084e-16
-5.68961114987e-16
-4.5976994868e-16
-5.97696464254e-16
-5.08280578054e-16
-4.88225417602e-16
-3.53984737339e-16
1.36878891783e-16
-1.07475279961e-16
-4.235665735e-17
-4.19440609235e-17
-4.59061519209e-17
-3.55209725292e-17
1.08481397707e-16
-3.35856117662e-16
-5.70862928885e-16
-1.6440443044e-16
-1.89113795311e-16
9.26841252885e-16
-7.71138689113e-18
-1.65230249838e-16
-2.46835986658e-16
-3.54432325156e-16
-4.05822201028e-16
-2.26459092624e-16
-2.14032766766e-16
-2.11464972365e-16
-2.08847531831e-16
-4.5389962995e-16
-7.16038618185e-16
-7.27151737849e-16
-9.1882041107e-16
-1.56009566952e-15
-1.51930999137e-15
-2.49365551169e-15
-1.75485554993e-15
-1.7933724781e-15
-1.39777185466e-15
-8.071352866e-16
-1.36114688539e-15
-2.65433801569e-16
-2.05572528926e-16
-1.89765672139e-16
-1.14460081836e-16
8.66644960195e-16
-1.62287754497e-15
-2.03780625406e-15
-1.11347236879e-15
-6.66457140666e-17
2.69046299022e-15
2.8356944507e-17
-2.36870400986e-16
-3.59839848343e-16
-4.14320821081e-16
-3.37820199553e-16
-2.86260971301e-16
-2.88939976054e-16
-2.93059077916e-16
-2.55521662137e-16
-7.11867406973e-16
-1.0860504375e-15
-9.26573902634e-16
-1.00614492552e-15
-1.28300022556e-15
-1.59120842662e-15
-1.8719531873e-15
-1.94529019765e-15
-2.63435604133e-15
-1.83603307214e-15
-1.08602132779e-15
-3.29695339252e-16
2.66067559952e-16
-2.470016366e-16
-3.07262941057e-16
-3.02946982896e-16
-6.82303771003e-17
-1.5023825421e-15
-5.43558067748e-16
-8.22684174254e-16
2.02251373933e-15
9.74320533336e-16
2.76187354302e-17
-1.06967289233e-16
-2.35944095607e-16
-3.34315797029e-16
-3.09090870768e-16
-3.18300085572e-16
-3.64740261428e-16
-5.08017473701e-16
-8.05953510219e-16
-9.48047861464e-16
-1.03428348805e-15
-9.98507826972e-16
-1.01136485833e-15
-1.20046836496e-15
-1.84642271172e-15
-1.63508372473e-15
-1.80033784628e-15
-1.89587552887e-15
-1.72536793349e-15
-6.49071756974e-16
-1.5426860661e-15
-8.65032104609e-16
-7.46361100566e-16
-6.47043272767e-16
-5.3502301966e-16
-1.91084146192e-16
-9.39860306498e-16
-1.03416807275e-15
-1.5262168583e-15
-1.53816127835e-15
-4.26290310519e-15
-1.87709838914e-17
-1.37288513858e-16
-1.55692033386e-16
-3.42473004706e-16
-2.93952117096e-16
-3.24511893152e-16
-3.92963433289e-16
-5.54483579873e-16
-8.74795508771e-16
-1.30094238357e-15
-1.06303402789e-15
-9.8240781147e-16
-9.06549378215e-16
-8.94107028459e-16
-1.05044775036e-15
-1.16117662726e-15
-1.72060063528e-15
-1.52503535759e-15
-1.85452964106e-15
-7.6976648534e-16
-1.59769525309e-15
-1.15009735995e-15
-9.88709406189e-16
-8.43312127443e-16
-6.36343351127e-16
4.7931410801e-16
-1.51170301842e-15
-1.36680335616e-15
-3.00979130748e-15
-2.97286916395e-15
-5.21311591598e-15
-4.76698766643e-17
-1.49333779677e-16
-1.88754374278e-16
-2.57000513748e-16
-2.75216533134e-16
-3.17411882942e-16
-3.99518947652e-16
-5.6051139297e-16
-8.04353810173e-16
-9.6871490886e-16
-1.00007118347e-15
-8.77324450712e-16
-7.37139787394e-16
-5.63907160625e-16
-5.54274937313e-16
-5.11245308492e-16
-6.9807534209e-16
-8.11112938571e-16
-9.51447695328e-16
-8.52991659438e-16
-9.59177646027e-16
-9.12991869375e-16
-8.49395018135e-16
-7.77784690606e-16
-7.02011517516e-16
-5.17586761141e-16
-8.82337300231e-16
-1.10343198214e-15
-1.5021295965e-15
-1.52442979832e-15
-1.73668639091e-15
-8.19688913831e-17
-1.68880830559e-16
-2.03188930363e-16
-1.91631991448e-16
-2.43220119634e-16
-2.89121096983e-16
-3.83737672268e-16
-5.85600858782e-16
-9.57178959085e-16
-8.96284147121e-16
-1.10278312835e-15
-7.63242531874e-16
-5.4221846295e-16
-1.06000798318e-16
-1.87858899828e-16
1.45532925795e-16
-1.86579705511e-16
-4.27808575829e-16
-5.7021450319e-16
-6.69111937464e-16
-7.04279431648e-16
-6.49122557013e-16
-5.87478082213e-16
-5.48833756453e-16
-5.62318324706e-16
-7.4983082331e-16
-8.79552878971e-16
-1.00683516127e-15
-9.50418226857e-16
4.87839158147e-16
1.60098345236e-15
-9.79143636766e-17
-1.92827976759e-16
-2.25720409745e-16
-8.72803616189e-17
-2.29634624145e-16
-2.63894867536e-16
-3.29844651588e-16
-4.32166848261e-16
-5.46283927656e-16
-5.47994735023e-16
-5.78291866631e-16
-4.80009683902e-16
-4.01134107762e-16
-3.5320567467e-16
-2.846665347e-16
-2.06468400599e-16
-2.68223576001e-16
-6.42228996054e-16
-5.45851064203e-16
-7.05082201981e-16
-6.31502066348e-16
-3.74871013075e-16
-2.62739593836e-16
-2.11469700855e-16
-2.81025494736e-16
-1.09252718017e-15
-9.00935216098e-16
-1.03565706101e-15
-8.48202760954e-16
-6.0804560176e-16
-3.27850559469e-16
-1.47078704891e-16
-2.86532898881e-16
-4.7156073484e-16
-2.73877663268e-16
-2.68399571244e-16
-2.59966707783e-16
-2.82379705645e-16
-3.15422364627e-16
-3.21177838123e-16
-3.11702488848e-16
-4.20078089599e-16
-2.10427781765e-16
-1.79689262499e-16
-4.64158701771e-16
-2.92743112112e-16
-2.42632954364e-16
-1.95175588082e-16
-2.18950590794e-16
-3.18922917856e-16
-9.93209470095e-16
-5.19632502837e-16
2.86435063581e-16
1.59138677944e-16
2.12262412519e-16
2.67251340338e-16
-7.78506883023e-17
-3.02372557473e-16
-9.92910934027e-16
5.08649523816e-17
-8.21146725802e-17
-1.67409715596e-17
-2.6772594926e-16
-2.68423700683e-16
-2.72438060065e-16
-1.31541835027e-16
-2.2652967431e-16
-2.25168430713e-16
-2.27889617275e-16
-2.13794748804e-16
-1.43285875898e-16
8.15285560918e-18
2.85580769602e-16
2.51990320524e-16
3.84826645629e-16
-5.1428068139e-17
-1.19691998233e-17
-9.60873439021e-17
-3.53361433039e-17
2.35543626434e-17
-1.39086331897e-17
-5.20630675953e-16
-7.57580032643e-17
1.8099289245e-16
3.31722902976e-16
4.56167731917e-16
9.24175341356e-16
6.141569122e-17
6.59406827316e-17
-2.80191737936e-17
1.86970207534e-16
3.45316695875e-16
5.69699562195e-16
-1.88524081384e-16
-1.70303006655e-16
-3.36932370447e-16
-3.59122649195e-16
-2.66912111242e-16
-2.4280324902e-16
-2.09327307538e-16
-1.57358950717e-16
-5.78930608592e-17
9.29035132671e-17
2.33536164377e-16
3.1355961214e-16
3.59214927237e-16
3.2786993545e-16
2.3913383483e-16
-1.79499921358e-16
1.25991984896e-16
2.66376113177e-16
2.96428389461e-16
3.60647445959e-16
7.75984915567e-16
6.28825036159e-16
6.25879244575e-16
6.25150895831e-16
6.91759072507e-16
5.87152480357e-16
1.0556311239e-16
5.70210944873e-16
9.31574046751e-16
1.24903803663e-15
2.86118041953e-15
-7.31700403182e-17
1.00970466937e-16
-7.53225815225e-18
5.77883174321e-17
-5.25651372799e-17
-1.07693515245e-16
-1.31860869547e-16
-9.73991455618e-17
2.84134923348e-17
3.4290584024e-16
4.06696617519e-16
4.73106585293e-16
5.17660148925e-16
5.8800661203e-16
5.9860448464e-16
6.44068350312e-16
6.92881859536e-16
7.70733046599e-16
4.30722234761e-16
6.68169339362e-16
4.31327441381e-16
6.20695564883e-16
6.25196498446e-16
6.21833141891e-16
6.63786677854e-16
8.48596505992e-16
8.63676872281e-16
1.74511171533e-15
2.2949695594e-15
2.01251139621e-15
2.15072880768e-15
5.85821538996e-17
-3.36229534605e-17
-1.23595134013e-16
-3.01569016587e-16
-1.06526182571e-16
-1.4782031244e-16
-1.32959942108e-16
-9.95624869941e-17
-3.74288758278e-17
1.58368598588e-16
6.14088862273e-16
5.38150785985e-16
6.03042682844e-16
8.87282045612e-16
8.0974377087e-16
1.15652597878e-15
1.05720691374e-15
1.40714731714e-15
1.16549947941e-15
1.38282312131e-15
1.24486072822e-15
8.55686925975e-16
6.49562564469e-16
5.33807308097e-16
5.72702288374e-16
1.28720876827e-15
9.67840739112e-16
9.14301587271e-16
1.06595840662e-15
1.07344292669e-15
1.00122679749e-15
-1.53317458765e-16
-1.30666213724e-16
-1.67304739294e-16
-3.44655494471e-16
-4.41355121352e-16
-3.48088128839e-16
-2.67011208264e-16
-2.30799316634e-16
-4.02997506082e-16
1.5602216929e-16
2.16071763145e-16
3.32786436338e-16
3.5539816525e-16
1.11234493514e-16
3.2480311508e-16
4.72682418829e-16
6.13786184715e-16
9.89000904847e-16
8.00082800027e-16
7.28665987022e-16
2.5694192989e-16
2.55660842004e-16
1.59420911629e-16
1.24493552028e-16
1.8016876469e-16
3.62878650617e-16
3.84378938078e-16
-2.12505635714e-16
2.26910335955e-16
1.31919562121e-16
-8.96834972737e-16
-3.69304530374e-17
-7.83114451766e-17
-8.11240318571e-17
-9.37041372853e-17
-9.66824300208e-17
-1.5846674349e-16
-2.22326554279e-16
-2.32098194628e-16
-2.06596310809e-16
-1.80850092766e-16
-1.45373184695e-17
3.99984556258e-16
3.62678577509e-16
3.93491887426e-16
4.22214832781e-16
4.30799378052e-16
4.65548240094e-16
4.01732903185e-16
3.28617689124e-16
2.04848531483e-16
4.51491092361e-16
-9.80544126523e-17
-1.0625096598e-16
-3.04034790117e-16
-3.42903191445e-16
-2.03089075198e-16
-1.15324358517e-16
3.67139936584e-17
-4.95559363773e-17
3.56185932448e-16
-2.18816446051e-16
-6.17024418234e-16
-6.26242110463e-18
4.11452469692e-17
-1.92715443614e-17
-4.92366585915e-17
1.74199877251e-16
9.17541439859e-17
2.68210239303e-17
-6.08074675858e-17
-1.01452051775e-16
-8.52672661823e-17
-1.5882185464e-17
7.50506748003e-17
1.49590368877e-16
2.09524099276e-16
5.3578930864e-16
5.07587082131e-16
7.02241779871e-16
1.6341376995e-16
-5.27888243447e-17
-5.34004319651e-16
5.9287987003e-17
-2.00678310756e-16
-3.24011895778e-16
-9.51558264148e-16
-8.11605459712e-16
-2.45078344951e-16
-4.76559722673e-16
3.95675098277e-17
-3.78248604783e-16
-1.13195509054e-15
-1.92123562653e-15
-2.8198721924e-15
-1.42181562146e-16
-1.68908848289e-16
-2.16891317087e-16
-2.42068804943e-16
-2.36504257004e-16
-2.06818362179e-16
-1.53676376286e-16
-1.18247805878e-16
-9.18127214802e-17
-3.65394088354e-17
5.31325941711e-17
1.58101580503e-16
2.10735079085e-16
-1.94262360726e-17
1.2737849627e-16
1.85953689475e-16
2.14345416664e-16
6.28225742686e-17
-6.84652481001e-16
-1.14009971419e-15
-8.38043233503e-16
-5.9068828574e-16
-4.78492722896e-16
-5.97557781444e-16
-1.15833094631e-15
-1.02707947095e-15
-1.54449420122e-15
-1.21015728272e-15
-1.15791814458e-15
-1.34395075381e-15
-1.81879154684e-15
-2.98059394186e-15
-1.87178170144e-16
-2.15053017356e-16
-2.44125827142e-16
-3.59811111724e-17
-2.07462203774e-17
8.99916371082e-18
4.71124591244e-18
-1.14916522308e-18
2.18076863722e-16
4.15356969465e-16
4.29575947761e-16
4.44244512563e-16
4.15902472699e-16
3.96524157649e-16
6.10502995535e-16
5.20619887247e-16
3.9654669596e-16
2.29082263852e-16
1.21926384836e-17
-1.77967904812e-16
-2.43197035033e-16
1.59018347093e-16
-1.28149275363e-16
-3.21855480477e-16
-5.86781166958e-16
-8.70348437453e-16
-1.57435963597e-15
-1.50195901272e-15
-1.53025867818e-15
-1.64370197445e-15
-1.98888317648e-15
-2.97170829732e-15
-1.56594459917e-16
-1.65495254659e-16
-1.70587702604e-16
-1.64613349233e-16
-1.56373309126e-16
-1.31753685084e-16
-9.12145640146e-17
-5.26166215166e-17
6.77945916352e-18
6.23120599845e-17
7.75902294076e-17
8.04746090086e-17
9.51189190974e-17
1.29875783869e-16
1.79050452897e-16
1.6479415399e-16
-3.65069200604e-16
-2.99203855442e-16
-3.20598532465e-16
-3.31263651563e-16
-4.04173625122e-16
-4.56299081353e-16
-5.66647309305e-16
-6.25244283836e-16
-6.53263413856e-16
-7.95091205832e-16
-1.08537428042e-15
-1.38606542472e-15
-1.58649895997e-15
-1.75481227847e-15
-1.93560156728e-15
-2.14339804233e-15
-1.22919227815e-16
-3.13398696738e-16
-3.21019065065e-16
-3.44323743003e-16
-3.5393167531e-16
-1.27702796432e-16
1.0060332848e-16
1.13460059899e-16
1.30180359472e-16
3.36032894079e-16
1.11281074832e-16
1.06187107174e-16
7.99547625339e-17
8.4215852522e-17
1.0834035215e-16
1.26641150732e-16
1.06784273332e-16
7.74037053032e-17
3.36450121018e-17
-8.50802218518e-17
-6.39533977571e-16
-6.83352116969e-16
-1.12581802104e-15
-9.01142968072e-16
-4.05668612658e-16
-6.84864413943e-16
-1.09409704954e-15
-1.83785339384e-15
-1.94212590513e-15
-2.06479629596e-15
-2.16972313146e-15
-2.27261077838e-15
-3.01646523076e-16
-3.28508456264e-16
-3.57153343104e-16
-5.77554533752e-16
-6.11165037347e-16
-6.16092562379e-16
-5.76476819672e-16
-5.17394686563e-16
-4.78869853674e-16
-4.62045825216e-16
-4.82217724392e-16
-4.81730976554e-16
-4.60290437071e-16
-4.06752497584e-16
-3.33238369728e-16
-2.43895128215e-16
-1.47042718188e-16
-5.25617660869e-17
3.07143274809e-17
9.13080651056e-17
1.11840414766e-16
7.05409541349e-17
-3.68779270782e-17
-1.9952328244e-16
-4.18272349686e-16
-8.02399911092e-16
-1.56703945962e-15
-1.79467044427e-15
-2.02911252029e-15
-2.23923911587e-15
-2.45622278196e-15
-2.6698274681e-15
-4.88401056013e-17
-5.10079538809e-17
-5.22009695216e-17
-8.47662665736e-18
-1.06895185021e-17
-1.69182484248e-17
-2.81936010984e-17
-3.73644759389e-17
-4.35857250697e-17
-4.35235451226e-17
-3.96297613821e-17
1.93899568929e-17
2.655313145e-17
3.43011721165e-17
4.31033377164e-17
6.29110865638e-17
2.00171932563e-16
2.01719550831e-16
2.13577580999e-16
2.23615875128e-16
3.41407074217e-16
3.08205508595e-16
3.63818639879e-16
2.44127318104e-16
1.4266163579e-16
5.52695339928e-17
4.34341676689e-17
-1.22361956947e-16
-2.71880422514e-16
-4.38771279601e-16
-6.57357373824e-16
-1.02620176179e-15
-3.03892382141e-17
-3.23220793491e-17
-3.30037512177e-17
1.94580143434e-17
2.1300536467e-17
1.87463253258e-17
1.06069131999e-17
2.01573196526e-18
-4.30665889507e-18
-7.58478615026e-18
-4.93344719549e-18
5.52748359956e-17
5.66115758365e-17
5.80011528825e-17
6.0778902673e-17
8.3794291869e-17
2.21256652835e-16
2.19023052258e-16
2.20957618693e-16
2.3883483249e-16
3.62986216039e-16
3.39198605202e-16
4.00092487061e-16
2.83386359466e-16
1.83297750018e-16
1.13510356136e-16
1.27125941678e-16
-3.6056553682e-17
-1.9392881733e-16
-3.72252236145e-16
-6.0838034574e-16
-1.00137639754e-15
)
;
    }
    back
    {
        type            wedge;
        value           nonuniform List<scalar> 
815
(
4.08653640298e-18
2.42357678369e-17
5.37929107929e-17
4.26032206543e-17
6.29801375019e-17
1.31472700265e-17
9.74297544409e-18
-1.66477430366e-18
-4.66258329516e-17
1.44906732905e-17
-7.38711692477e-17
4.45965056174e-17
7.69467843334e-17
2.09171494296e-16
8.43266711797e-17
-4.31758825212e-18
9.17193439416e-17
8.63089691963e-17
3.71651231629e-17
-3.36988662537e-16
-2.39446008129e-16
-1.25760816076e-17
1.30633739987e-18
6.58308331583e-18
1.87566651844e-17
3.44414663946e-16
4.53799958432e-17
-1.42335214182e-16
5.36219223654e-16
-2.70876647421e-16
5.86004419539e-16
1.11230201209e-17
6.10913994197e-17
7.10146834783e-17
7.17134145234e-17
9.48446717109e-17
3.66236781965e-17
2.80543398115e-17
-5.70689827056e-19
-1.13841210409e-16
6.52830867149e-17
1.048316481e-16
1.24764988308e-16
2.09109443641e-16
5.63281171769e-16
2.37251785517e-16
1.14169585867e-17
2.60966491793e-16
2.45183748172e-16
1.11760529137e-16
-8.99810698556e-16
-6.08989302629e-16
-2.76714893772e-17
6.00475362634e-18
1.90036429063e-17
3.22798152005e-17
2.18179241891e-16
1.49966800957e-16
5.83882401494e-16
2.016419363e-16
-8.63276064648e-16
-1.72038690616e-15
1.54785671297e-17
8.63947543473e-17
8.01636735151e-17
1.19702261368e-16
1.10661505049e-16
5.8721591114e-17
4.85990603663e-17
2.98481564494e-17
-2.18233599989e-17
1.23960415126e-16
2.74953506691e-16
1.95662126601e-16
2.95136396879e-16
6.7006364944e-16
4.06336874301e-16
3.86185149701e-16
4.32769501496e-16
4.08213917824e-16
2.50645317676e-16
-6.66749480372e-16
-2.06202138646e-16
-2.31307608415e-18
2.27595390337e-17
3.46076634033e-17
3.60491246354e-17
2.63784622736e-17
2.47139268894e-16
5.59286808072e-16
-1.4812249934e-16
3.79775146276e-16
-1.7363650202e-15
1.08020119057e-17
7.12331894896e-17
7.82297227188e-17
1.19567932219e-16
1.206489177e-16
6.65174748968e-17
5.91289507232e-17
4.93499791441e-17
3.05827870677e-17
1.32352490943e-16
2.46918373733e-16
2.16791768366e-16
2.96480087069e-16
5.68940198374e-16
4.59750171514e-16
5.9767571242e-16
5.08262065186e-16
4.88208051832e-16
3.53968002308e-16
-1.36894835099e-16
1.07459626771e-16
4.23412856618e-17
4.19293080112e-17
4.58917017431e-17
3.55074315097e-17
-1.08494567241e-16
3.35843510938e-16
5.70851696241e-16
1.64395748111e-16
1.8911008242e-16
-9.26840788445e-16
6.32652787268e-18
1.64526274566e-16
2.46914017788e-16
3.55019593605e-16
4.06681516761e-16
2.2715033175e-16
2.14501941001e-16
2.11746529985e-16
2.0908724052e-16
4.54148077608e-16
7.16432146968e-16
7.27546023872e-16
9.19305379949e-16
1.56089196742e-15
1.51983549093e-15
2.49445266899e-15
1.75540487626e-15
1.79390890113e-15
1.3983032933e-15
8.07650968385e-16
1.36170273713e-15
2.65926055851e-16
2.06031410447e-16
1.90192259321e-16
1.14829218356e-16
-8.66165565168e-16
1.62334326403e-15
2.03822522766e-15
1.11377585928e-15
6.67800677883e-17
-2.69047836344e-15
-2.55927754362e-17
2.38539551344e-16
3.59698513315e-16
4.13112986743e-16
3.36383199209e-16
2.84945473219e-16
2.88042120016e-16
2.92456012851e-16
2.5478430442e-16
7.11311972201e-16
1.08514216483e-15
9.25728354846e-16
1.00516995535e-15
1.28201285081e-15
1.59019556803e-15
1.87095874782e-15
1.94430061547e-15
2.63309863949e-15
1.83504863833e-15
1.0850536454e-15
3.2859707235e-16
-2.67054240847e-16
2.46180021684e-16
3.06468368872e-16
3.02262540438e-16
6.75945809007e-17
1.50150560084e-15
5.42718089243e-16
8.22111462625e-16
-2.02282234338e-15
-9.74297620051e-16
-2.62521829664e-17
1.0795165192e-16
2.35784490666e-16
3.33660440738e-16
3.08285396719e-16
3.17562565257e-16
3.64261198887e-16
5.07713322667e-16
8.05560198695e-16
9.47735775054e-16
1.03386619225e-15
9.98024388868e-16
1.01082047244e-15
1.19992255681e-15
1.8455361241e-15
1.63450641244e-15
1.79975003556e-15
1.89528733969e-15
1.72478263989e-15
6.48397046411e-16
1.54207068613e-15
8.6448657211e-16
7.45839956621e-16
6.46561594766e-16
5.34618546723e-16
1.90686313596e-16
9.39432219992e-16
1.03375552641e-15
1.52586629459e-15
1.53799232025e-15
4.26291097921e-15
1.71624400826e-17
1.36101718182e-16
1.55979204709e-16
3.43456286264e-16
2.95029668381e-16
3.25522241469e-16
3.93603337207e-16
5.54904665437e-16
8.75149629495e-16
1.30153168736e-15
1.06361424548e-15
9.83100603603e-16
9.07323879002e-16
8.94894407883e-16
1.05124539678e-15
1.16197081294e-15
1.72170523915e-15
1.52584501835e-15
1.85548335877e-15
7.70701450755e-16
1.59855612022e-15
1.15086264457e-15
9.89443241761e-16
8.43998121728e-16
6.36922385551e-16
-4.78547611702e-16
1.51244963518e-15
1.36739117942e-15
3.01036206709e-15
2.97311787344e-15
5.21310566165e-15
5.05361800989e-17
1.50893202907e-16
1.88158727237e-16
2.55411055423e-16
2.73391644766e-16
3.15712713948e-16
3.98518986317e-16
5.59893554328e-16
8.03800036388e-16
9.67961322842e-16
9.99058475035e-16
8.76100649378e-16
7.35778611565e-16
5.6252918018e-16
5.52895201315e-16
5.09844377728e-16
6.96624276288e-16
8.09628235709e-16
9.49955251407e-16
8.51507354158e-16
9.57714660037e-16
9.11559771924e-16
8.48013738868e-16
7.7649916255e-16
7.0093562732e-16
5.16519376012e-16
8.81186404288e-16
1.10231489509e-15
1.50116687569e-15
1.52394246503e-15
1.73668724241e-15
6.95785656816e-17
1.62691780428e-16
2.06141453598e-16
1.98602132295e-16
2.51037749285e-16
2.96473380133e-16
3.87873160074e-16
5.88059769375e-16
9.61251250861e-16
8.99695607264e-16
1.10895795804e-15
7.69007053334e-16
5.48435888387e-16
1.17154480001e-16
1.94622983457e-16
-1.35069938907e-16
1.92908949657e-16
4.34184722907e-16
5.77150274656e-16
6.76152146898e-16
7.11282516148e-16
6.56011166087e-16
5.94136566564e-16
5.55063485438e-16
5.67567754399e-16
7.54912219211e-16
8.85165249037e-16
1.0123013646e-15
9.55146133247e-16
-4.84977653795e-16
-1.60093682448e-15
1.05808775159e-16
1.96178008929e-16
2.2381168215e-16
8.20690030936e-17
2.24958804702e-16
2.5964809441e-16
3.27604673447e-16
4.3102029522e-16
5.45081076628e-16
5.45986571315e-16
5.75325559298e-16
4.7633612089e-16
3.97128986704e-16
3.49144906425e-16
2.80631265676e-16
2.02450120787e-16
2.6428313339e-16
6.36029759925e-16
5.40990147088e-16
7.00172224574e-16
6.26601972467e-16
3.70053503658e-16
2.58115698128e-16
2.07206067244e-16
2.77332560114e-16
1.08739078476e-15
8.96865288574e-16
1.03171749424e-15
8.44784822867e-16
6.06244710103e-16
3.2778604554e-16
1.45843958098e-16
2.86074543108e-16
4.71862764787e-16
2.74534051654e-16
2.69122371812e-16
2.60609077143e-16
2.82694214114e-16
3.15548123366e-16
3.21317503991e-16
3.11983103189e-16
4.2078418459e-16
2.11045465141e-16
1.80368031006e-16
4.65386103564e-16
2.93491700554e-16
2.43364117425e-16
1.95903769472e-16
2.19721169244e-16
3.19733563691e-16
9.94184918605e-16
5.20497911082e-16
-2.85490859892e-16
-1.58319687126e-16
-2.11493566532e-16
-2.6660402518e-16
7.84004937146e-17
3.03054815416e-16
9.93745880645e-16
-5.01628856851e-17
8.23220552665e-17
1.66118469893e-17
2.64291929142e-16
2.67308096014e-16
2.73164460932e-16
1.33473738363e-16
2.28366693283e-16
2.26718187598e-16
2.285276958e-16
2.13799861123e-16
1.43221177635e-16
-7.78203463984e-18
-2.8348278003e-16
-2.50269608816e-16
-3.81498073993e-16
5.51929330333e-17
1.39921651821e-17
9.78669181821e-17
3.71346645526e-17
-2.1670930295e-17
1.58867705445e-17
5.23659097042e-16
7.83591022028e-17
-1.78430206147e-16
-3.2911421431e-16
-4.53687695066e-16
-9.21183866129e-16
-5.82864401178e-17
-6.4209843898e-17
2.95775415307e-17
-1.85283648669e-16
-3.44276272632e-16
-5.69557622539e-16
1.98562154002e-16
1.73514353263e-16
3.35238833479e-16
3.53641902384e-16
2.60786131295e-16
2.38201233742e-16
2.08388126707e-16
1.58646369624e-16
5.7900644918e-17
-9.52724738834e-17
-2.38513737184e-16
-3.20456235005e-16
-3.67490828304e-16
-3.36958734941e-16
-2.48510281978e-16
1.65098751954e-16
-1.35423101326e-16
-2.75080045018e-16
-3.0587706343e-16
-3.7087362544e-16
-7.8791744988e-16
-6.39662333153e-16
-6.36561952098e-16
-6.35192700604e-16
-7.00298240602e-16
-5.95372823096e-16
-1.17782061598e-16
-5.78720269886e-16
-9.39382120553e-16
-1.25358286418e-15
-2.86191992108e-15
7.42620969353e-17
-1.00446766861e-16
6.80116008091e-18
-5.83482805159e-17
5.19852256817e-17
1.07317123744e-16
1.31843690091e-16
9.78909190231e-17
-2.78538358694e-17
-3.43580288054e-16
-4.07327070598e-16
-4.74050568306e-16
-5.18776775605e-16
-5.8921218559e-16
-5.99853293127e-16
-6.45357492731e-16
-6.94227648691e-16
-7.72154773219e-16
-4.32561054664e-16
-6.69707605631e-16
-4.33160912205e-16
-6.22299457633e-16
-6.26786399169e-16
-6.23336893961e-16
-6.65005014691e-16
-8.49880163401e-16
-8.65062021535e-16
-1.74668394703e-15
-2.29630971426e-15
-2.01321636747e-15
-2.1508656166e-15
-5.21095051175e-17
3.42745415797e-17
1.20021262485e-16
2.98393879851e-16
1.00124590117e-16
1.46187866014e-16
1.33219814501e-16
1.02103927003e-16
3.87261095186e-17
-1.59625381745e-16
-6.21978364641e-16
-5.45003007392e-16
-6.11349486587e-16
-9.02678875821e-16
-8.18104722124e-16
-1.17130280008e-15
-1.06695814468e-15
-1.42042377965e-15
-1.17669188362e-15
-1.39613457423e-15
-1.25841030548e-15
-8.6812013576e-16
-6.61762825557e-16
-5.4489292946e-16
-5.82622462588e-16
-1.30087633549e-15
-9.78469192789e-16
-9.24401295936e-16
-1.07475048636e-15
-1.07848922117e-15
-1.00176115695e-15
1.35718293967e-16
1.2933391642e-16
1.78225343342e-16
3.56573310417e-16
4.60215618714e-16
3.53984532464e-16
2.68309349692e-16
2.26142060588e-16
4.07813809365e-16
-1.41368448677e-16
-1.95398969026e-16
-3.01078088379e-16
-3.14577925392e-16
-5.08565414239e-17
-2.78716704784e-16
-4.31246389224e-16
-5.76265626959e-16
-9.41022617832e-16
-7.6208444874e-16
-6.87720061708e-16
-2.04331840433e-16
-2.09295841797e-16
-1.11577987842e-16
-7.63287300676e-17
-1.33357502885e-16
-3.19590298184e-16
-3.4426955574e-16
2.55522665848e-16
-1.95712569351e-16
-1.14812186243e-16
9.01382560552e-16
4.27468567372e-17
8.06233914551e-17
8.03998625236e-17
8.92552006788e-17
9.07643862528e-17
1.54855743941e-16
2.22859111981e-16
2.35412831806e-16
2.10870554456e-16
1.84682394734e-16
1.4637993367e-17
-4.05764970961e-16
-3.68083328028e-16
-4.00161989785e-16
-4.29110974363e-16
-4.37205126366e-16
-4.71302663872e-16
-4.07624309247e-16
-3.35310917459e-16
-2.12505525313e-16
-4.62715288635e-16
8.63615663286e-17
9.65079894783e-17
2.94446203553e-16
3.33953591662e-16
1.94368707815e-16
1.06853714508e-16
-4.47957359088e-17
4.25877730681e-17
-3.64167011077e-16
2.16522182606e-16
6.16846857779e-16
1.66769572546e-17
-3.7980496452e-17
1.52242177851e-17
3.66325759315e-17
-1.90247235251e-16
-1.00360206011e-16
-2.58052331659e-17
6.88562587622e-17
1.10890323813e-16
9.25667086419e-17
1.56790933633e-17
-8.33414805251e-17
-1.64739477067e-16
-2.28617384528e-16
-5.63350045617e-16
-5.24116251179e-16
-7.26601506595e-16
-1.87022918319e-16
3.44690994994e-17
5.10742865305e-16
-8.3979719144e-17
1.78881574191e-16
3.01839769276e-16
9.24508326458e-16
7.9177667369e-16
2.17892470031e-16
4.5801333442e-16
-6.21657676047e-17
3.63051607348e-16
1.11505579196e-15
1.91152900325e-15
2.8182371083e-15
1.31371930824e-16
1.61910264985e-16
2.20851633659e-16
2.53760941876e-16
2.51648534214e-16
2.12844183383e-16
1.48172671716e-16
1.03879709536e-16
7.63294124383e-17
2.68269314651e-17
-5.45763976465e-17
-1.49736499429e-16
-1.94051642404e-16
4.85118875204e-17
-1.05033210261e-16
-1.66266147578e-16
-1.97077132937e-16
-4.53251594527e-17
7.07456535684e-16
1.16431801479e-15
8.59379708894e-16
6.13178500802e-16
5.0148825406e-16
6.20083609799e-16
1.18642449321e-15
1.04604212357e-15
1.56964833115e-15
1.22909320692e-15
1.1751997775e-15
1.35867510065e-15
1.82667350147e-15
2.98092792179e-15
2.14534573597e-16
2.35011591734e-16
2.42877751183e-16
1.33845487537e-17
3.28063969351e-18
-1.29287882537e-17
9.19291007511e-18
2.75173894294e-17
-1.9143000597e-16
-4.02766759268e-16
-4.24032026687e-16
-4.58036304302e-16
-4.44497632773e-16
-4.29932008648e-16
-6.53208015145e-16
-5.45920766615e-16
-4.19874743335e-16
-2.53853594043e-16
-4.07831947454e-17
1.46963328159e-16
2.0870204433e-16
-2.02960129826e-16
8.7787319182e-17
2.83256631535e-16
5.51482360846e-16
8.38782529724e-16
1.53655592567e-15
1.47383000443e-15
1.50461853452e-15
1.62176635947e-15
1.97717750515e-15
2.9700093218e-15
1.82166339657e-16
1.8457006814e-16
1.75881652353e-16
1.64240175974e-16
1.53501920602e-16
1.32329221529e-16
1.02702754374e-16
7.28260765475e-17
1.28017802124e-17
-4.92442627006e-17
-7.58949288856e-17
-9.4369632984e-17
-1.17786312348e-16
-1.53619898643e-16
-1.98593637621e-16
-1.79700701268e-16
3.44478449415e-16
2.86628571991e-16
3.05272377221e-16
3.12822674464e-16
3.82403398287e-16
4.32329658556e-16
5.42414070531e-16
6.01765747788e-16
6.31432034995e-16
7.75545314573e-16
1.06689472824e-15
1.36746702538e-15
1.56987300068e-15
1.74077017959e-15
1.92858102391e-15
2.14453494506e-15
6.79273714728e-17
2.79078644555e-16
3.0447626869e-16
3.37911117981e-16
3.5485097041e-16
1.10319826753e-16
-1.3790614543e-16
-1.58772674753e-16
-1.71334224833e-16
-3.58995075752e-16
-9.81542404587e-17
-7.53199216983e-17
-3.58042746454e-17
-4.06299066915e-17
-7.69921239334e-17
-1.06749956292e-16
-8.95098302026e-17
-5.40074985891e-17
7.30302842684e-19
1.25756995215e-16
6.91855673037e-16
7.30226818762e-16
1.18480881359e-15
9.46517211873e-16
4.62247866155e-16
7.24460448354e-16
1.12720673909e-15
1.87635526615e-15
1.97128601181e-15
2.08979191325e-15
2.18307824949e-15
2.27443358099e-15
3.16815912544e-16
3.39300066851e-16
3.62880619903e-16
5.78015999076e-16
6.10727595188e-16
6.1642829049e-16
5.81877909776e-16
5.27820066284e-16
4.91581279727e-16
4.71702287609e-16
4.80567472938e-16
4.7316527651e-16
4.46402353036e-16
3.95652341509e-16
3.27058603326e-16
2.42478202164e-16
1.45539635408e-16
4.89819950558e-17
-3.80610516215e-17
-1.02210141876e-16
-1.24544948077e-16
-8.49253858583e-17
2.20203366156e-17
1.86333879234e-16
4.06750578395e-16
7.93191057966e-16
1.55551376344e-15
1.78595913543e-15
2.0217023064e-15
2.2336638461e-15
2.45505862017e-15
2.67355844401e-15
4.81389626868e-17
5.0483715841e-17
5.18592773952e-17
8.47653667967e-18
1.06092141828e-17
1.6888363041e-17
2.7983014233e-17
3.70053941475e-17
4.30046695737e-17
4.31014598756e-17
3.96112056157e-17
-1.84710068105e-17
-2.61642692709e-17
-3.39746410916e-17
-4.27780639746e-17
-6.27514519747e-17
-2.00260698566e-16
-2.01696700022e-16
-2.13431786475e-16
-2.23345697978e-16
-3.40939576281e-16
-3.07755202386e-16
-3.63291027823e-16
-2.43688574738e-16
-1.4226149866e-16
-5.50351045085e-17
-4.31284049976e-17
1.22588338895e-16
2.72052513981e-16
4.38869969212e-16
6.57396441347e-16
1.02625636122e-15
3.02055935472e-17
3.21844699269e-17
3.29054749932e-17
-1.94551565188e-17
-2.13275247239e-17
-1.87568756512e-17
-1.06282972557e-17
-2.08698759868e-18
4.17421619302e-18
7.44259853186e-18
4.85329204892e-18
-5.50193866385e-17
-5.64615415694e-17
-5.79069170089e-17
-6.07235668267e-17
-8.36973052967e-17
-2.2130169831e-16
-2.18983257122e-16
-2.20871386033e-16
-2.38707638588e-16
-3.62749317301e-16
-3.39021452988e-16
-3.99826462396e-16
-2.83215980853e-16
-1.83139890366e-16
-1.13376629843e-16
-1.26980760908e-16
3.61363604474e-17
1.94021267539e-16
3.72337354279e-16
6.08376903249e-16
1.00100203375e-15
)
;
    }
    procBoundary1to0
    {
        type            processor;
        value           nonuniform List<scalar> 
27
(
1.5432965529e-08
4.66904427142e-08
8.00077421154e-08
9.908383296e-08
9.38623322212e-06
7.09339563846e-06
-1.03331755236e-06
-2.28952304986e-05
-4.82358845361e-05
-6.48723490732e-05
-7.15036259755e-05
3.87268550179e-07
6.73474528545e-07
1.0796116363e-06
1.63536304736e-06
2.36987754473e-06
3.3062044418e-06
4.48053599052e-06
6.24564803141e-06
8.00852069963e-06
9.62827497953e-06
1.09348014279e-05
1.19378780038e-05
-6.37923344029e-06
1.28081669806e-05
-1.2926238506e-05
-8.53402781964e-06
)
;
    }
}


// ************************************************************************* //
