/*--------------------------------*- C++ -*----------------------------------*\
  =========                 |
  \\      /  F ield         | OpenFOAM: The Open Source CFD Toolbox
   \\    /   O peration     | Website:  https://openfoam.org
    \\  /    A nd           | Version:  7
     \\/     M anipulation  |
\*---------------------------------------------------------------------------*/
FoamFile
{
    version     2.0;
    format      ascii;
    class       labelList;
    note        "nPoints: 1716 nCells: 815 nFaces: 3287 nInternalFaces: 1572";
    location    "constant/polyMesh";
    object      neighbour;
}
// * * * * * * * * * * * * * * * * * * * * * * * * * * * * * * * * * * * * * //


1572
(
1
3
2
4
5
93
4
6
5
7
8
94
7
9
8
10
11
95
10
12
11
13
14
96
13
15
14
16
17
97
16
18
17
19
20
98
19
21
20
22
23
99
22
24
23
25
26
100
25
27
26
28
29
101
28
30
29
31
32
102
31
33
32
34
35
103
34
36
35
37
38
104
37
39
38
40
41
105
40
42
41
43
44
106
43
45
44
46
47
107
46
48
47
49
50
108
49
51
50
52
53
109
52
54
53
55
56
110
55
57
56
58
59
111
58
60
59
61
62
112
61
63
62
64
65
113
64
66
65
67
68
114
67
69
68
70
71
115
70
72
71
73
74
116
73
75
74
76
77
117
76
78
77
79
80
118
79
81
80
82
83
119
82
84
83
85
86
120
85
87
86
88
89
121
88
90
89
91
92
122
91
92
123
94
131
95
151
96
171
97
191
98
211
99
231
100
251
101
271
102
291
103
311
104
331
105
351
106
371
107
391
108
411
109
431
110
451
111
471
112
491
113
511
114
531
115
551
116
571
117
591
118
611
119
631
120
651
121
671
122
691
123
711
731
125
144
126
145
127
146
128
147
129
148
130
149
150
751
132
151
133
152
134
153
135
154
136
155
137
156
138
157
139
158
140
159
141
160
142
161
143
162
144
163
145
164
146
165
147
166
148
167
149
168
150
169
170
753
152
171
153
172
154
173
155
174
156
175
157
176
158
177
159
178
160
179
161
180
162
181
163
182
164
183
165
184
166
185
167
186
168
187
169
188
170
189
190
755
172
191
173
192
174
193
175
194
176
195
177
196
178
197
179
198
180
199
181
200
182
201
183
202
184
203
185
204
186
205
187
206
188
207
189
208
190
209
210
757
192
211
193
212
194
213
195
214
196
215
197
216
198
217
199
218
200
219
201
220
202
221
203
222
204
223
205
224
206
225
207
226
208
227
209
228
210
229
230
759
212
231
213
232
214
233
215
234
216
235
217
236
218
237
219
238
220
239
221
240
222
241
223
242
224
243
225
244
226
245
227
246
228
247
229
248
230
249
250
761
232
251
233
252
234
253
235
254
236
255
237
256
238
257
239
258
240
259
241
260
242
261
243
262
244
263
245
264
246
265
247
266
248
267
249
268
250
269
270
763
252
271
253
272
254
273
255
274
256
275
257
276
258
277
259
278
260
279
261
280
262
281
263
282
264
283
265
284
266
285
267
286
268
287
269
288
270
289
290
765
272
291
273
292
274
293
275
294
276
295
277
296
278
297
279
298
280
299
281
300
282
301
283
302
284
303
285
304
286
305
287
306
288
307
289
308
290
309
310
767
292
311
293
312
294
313
295
314
296
315
297
316
298
317
299
318
300
319
301
320
302
321
303
322
304
323
305
324
306
325
307
326
308
327
309
328
310
329
330
769
312
331
313
332
314
333
315
334
316
335
317
336
318
337
319
338
320
339
321
340
322
341
323
342
324
343
325
344
326
345
327
346
328
347
329
348
330
349
350
771
332
351
333
352
334
353
335
354
336
355
337
356
338
357
339
358
340
359
341
360
342
361
343
362
344
363
345
364
346
365
347
366
348
367
349
368
350
369
370
773
352
371
353
372
354
373
355
374
356
375
357
376
358
377
359
378
360
379
361
380
362
381
363
382
364
383
365
384
366
385
367
386
368
387
369
388
370
389
390
775
372
391
373
392
374
393
375
394
376
395
377
396
378
397
379
398
380
399
381
400
382
401
383
402
384
403
385
404
386
405
387
406
388
407
389
408
390
409
410
777
392
411
393
412
394
413
395
414
396
415
397
416
398
417
399
418
400
419
401
420
402
421
403
422
404
423
405
424
406
425
407
426
408
427
409
428
410
429
430
779
412
431
413
432
414
433
415
434
416
435
417
436
418
437
419
438
420
439
421
440
422
441
423
442
424
443
425
444
426
445
427
446
428
447
429
448
430
449
450
781
432
451
433
452
434
453
435
454
436
455
437
456
438
457
439
458
440
459
441
460
442
461
443
462
444
463
445
464
446
465
447
466
448
467
449
468
450
469
470
783
452
471
453
472
454
473
455
474
456
475
457
476
458
477
459
478
460
479
461
480
462
481
463
482
464
483
465
484
466
485
467
486
468
487
469
488
470
489
490
785
472
491
473
492
474
493
475
494
476
495
477
496
478
497
479
498
480
499
481
500
482
501
483
502
484
503
485
504
486
505
487
506
488
507
489
508
490
509
510
787
492
511
493
512
494
513
495
514
496
515
497
516
498
517
499
518
500
519
501
520
502
521
503
522
504
523
505
524
506
525
507
526
508
527
509
528
510
529
530
789
512
531
513
532
514
533
515
534
516
535
517
536
518
537
519
538
520
539
521
540
522
541
523
542
524
543
525
544
526
545
527
546
528
547
529
548
530
549
550
791
532
551
533
552
534
553
535
554
536
555
537
556
538
557
539
558
540
559
541
560
542
561
543
562
544
563
545
564
546
565
547
566
548
567
549
568
550
569
570
793
552
571
553
572
554
573
555
574
556
575
557
576
558
577
559
578
560
579
561
580
562
581
563
582
564
583
565
584
566
585
567
586
568
587
569
588
570
589
590
795
572
591
573
592
574
593
575
594
576
595
577
596
578
597
579
598
580
599
581
600
582
601
583
602
584
603
585
604
586
605
587
606
588
607
589
608
590
609
610
797
592
611
593
612
594
613
595
614
596
615
597
616
598
617
599
618
600
619
601
620
602
621
603
622
604
623
605
624
606
625
607
626
608
627
609
628
610
629
630
799
612
631
613
632
614
633
615
634
616
635
617
636
618
637
619
638
620
639
621
640
622
641
623
642
624
643
625
644
626
645
627
646
628
647
629
648
630
649
650
801
632
651
633
652
634
653
635
654
636
655
637
656
638
657
639
658
640
659
641
660
642
661
643
662
644
663
645
664
646
665
647
666
648
667
649
668
650
669
670
803
652
671
653
672
654
673
655
674
656
675
657
676
658
677
659
678
660
679
661
680
662
681
663
682
664
683
665
684
666
685
667
686
668
687
669
688
670
689
690
805
672
691
673
692
674
693
675
694
676
695
677
696
678
697
679
698
680
699
681
700
682
701
683
702
684
703
685
704
686
705
687
706
688
707
689
708
690
709
710
807
692
711
693
712
694
713
695
714
696
715
697
716
698
717
699
718
700
719
701
720
702
721
703
722
704
723
705
724
706
725
707
726
708
727
709
728
710
729
730
809
712
731
713
732
714
733
715
734
716
735
717
736
718
737
719
738
720
739
721
740
722
741
723
742
724
743
725
744
726
745
727
746
728
747
729
748
730
749
750
811
732
733
734
735
736
737
738
739
740
741
742
743
744
745
746
747
748
749
750
813
752
753
754
754
755
756
756
757
758
758
759
760
760
761
762
762
763
764
764
765
766
766
767
768
768
769
770
770
771
772
772
773
774
774
775
776
776
777
778
778
779
780
780
781
782
782
783
784
784
785
786
786
787
788
788
789
790
790
791
792
792
793
794
794
795
796
796
797
798
798
799
800
800
801
802
802
803
804
804
805
806
806
807
808
808
809
810
810
811
812
812
813
814
814
)


// ************************************************************************* //
