/*--------------------------------*- C++ -*----------------------------------*\
  =========                 |
  \\      /  F ield         | OpenFOAM: The Open Source CFD Toolbox
   \\    /   O peration     | Website:  https://openfoam.org
    \\  /    A nd           | Version:  7
     \\/     M anipulation  |
\*---------------------------------------------------------------------------*/
FoamFile
{
    version     2.0;
    format      ascii;
    class       vectorField;
    location    "constant/polyMesh";
    object      points;
}
// * * * * * * * * * * * * * * * * * * * * * * * * * * * * * * * * * * * * * //


1716
(
(0 0 0.111788277425)
(0.000624405138489 -2.72621171033e-05 0.111788277425)
(0.00124881027698 -5.45242342067e-05 0.111788277425)
(0.00187321541547 -8.178635131e-05 0.111788277425)
(0.000624405138489 2.72621171033e-05 0.111788277425)
(0.00124881027698 5.45242342067e-05 0.111788277425)
(0.00187321541547 8.178635131e-05 0.111788277425)
(0 0 0.118354665296)
(0.000624405138489 -2.72621171033e-05 0.118354665296)
(0.00124881027698 -5.45242342067e-05 0.118354665296)
(0.00187321541547 -8.178635131e-05 0.118354665296)
(0.000624405138489 2.72621171033e-05 0.118354665296)
(0.00124881027698 5.45242342067e-05 0.118354665296)
(0.00187321541547 8.178635131e-05 0.118354665296)
(0 0 0.125182385019)
(0.000624405138489 -2.72621171033e-05 0.125182385019)
(0.00124881027698 -5.45242342067e-05 0.125182385019)
(0.00187321541547 -8.178635131e-05 0.125182385019)
(0.000624405138489 2.72621171033e-05 0.125182385019)
(0.00124881027698 5.45242342067e-05 0.125182385019)
(0.00187321541547 8.178635131e-05 0.125182385019)
(0 0 0.132281837189)
(0.000624405138489 -2.72621171033e-05 0.132281837189)
(0.00124881027698 -5.45242342067e-05 0.132281837189)
(0.00187321541547 -8.178635131e-05 0.132281837189)
(0.000624405138489 2.72621171033e-05 0.132281837189)
(0.00124881027698 5.45242342067e-05 0.132281837189)
(0.00187321541547 8.178635131e-05 0.132281837189)
(0 0 0.139663836327)
(0.000624405138489 -2.72621171033e-05 0.139663836327)
(0.00124881027698 -5.45242342067e-05 0.139663836327)
(0.00187321541547 -8.178635131e-05 0.139663836327)
(0.000624405138489 2.72621171033e-05 0.139663836327)
(0.00124881027698 5.45242342067e-05 0.139663836327)
(0.00187321541547 8.178635131e-05 0.139663836327)
(0 0 0.147339627357)
(0.000624405138489 -2.72621171033e-05 0.147339627357)
(0.00124881027698 -5.45242342067e-05 0.147339627357)
(0.00187321541547 -8.178635131e-05 0.147339627357)
(0.000624405138489 2.72621171033e-05 0.147339627357)
(0.00124881027698 5.45242342067e-05 0.147339627357)
(0.00187321541547 8.178635131e-05 0.147339627357)
(0 0 0.15532090273)
(0.000624405138489 -2.72621171033e-05 0.15532090273)
(0.00124881027698 -5.45242342067e-05 0.15532090273)
(0.00187321541547 -8.178635131e-05 0.15532090273)
(0.000624405138489 2.72621171033e-05 0.15532090273)
(0.00124881027698 5.45242342067e-05 0.15532090273)
(0.00187321541547 8.178635131e-05 0.15532090273)
(0 0 0.16361982024)
(0.000624405138489 -2.72621171033e-05 0.16361982024)
(0.00124881027698 -5.45242342067e-05 0.16361982024)
(0.00187321541547 -8.178635131e-05 0.16361982024)
(0.000624405138489 2.72621171033e-05 0.16361982024)
(0.00124881027698 5.45242342067e-05 0.16361982024)
(0.00187321541547 8.178635131e-05 0.16361982024)
(0 0 0.172249021542)
(0.000624405138489 -2.72621171033e-05 0.172249021542)
(0.00124881027698 -5.45242342067e-05 0.172249021542)
(0.00187321541547 -8.178635131e-05 0.172249021542)
(0.000624405138489 2.72621171033e-05 0.172249021542)
(0.00124881027698 5.45242342067e-05 0.172249021542)
(0.00187321541547 8.178635131e-05 0.172249021542)
(0 0 0.181221651409)
(0.000624405138489 -2.72621171033e-05 0.181221651409)
(0.00124881027698 -5.45242342067e-05 0.181221651409)
(0.00187321541547 -8.178635131e-05 0.181221651409)
(0.000624405138489 2.72621171033e-05 0.181221651409)
(0.00124881027698 5.45242342067e-05 0.181221651409)
(0.00187321541547 8.178635131e-05 0.181221651409)
(0 0 0.190551377754)
(0.000624405138489 -2.72621171033e-05 0.190551377754)
(0.00124881027698 -5.45242342067e-05 0.190551377754)
(0.00187321541547 -8.178635131e-05 0.190551377754)
(0.000624405138489 2.72621171033e-05 0.190551377754)
(0.00124881027698 5.45242342067e-05 0.190551377754)
(0.00187321541547 8.178635131e-05 0.190551377754)
(0 0 0.200252412453)
(0.000624405138489 -2.72621171033e-05 0.200252412453)
(0.00124881027698 -5.45242342067e-05 0.200252412453)
(0.00187321541547 -8.178635131e-05 0.200252412453)
(0.000624405138489 2.72621171033e-05 0.200252412453)
(0.00124881027698 5.45242342067e-05 0.200252412453)
(0.00187321541547 8.178635131e-05 0.200252412453)
(0 0 0.21033953299)
(0.000624405138489 -2.72621171033e-05 0.21033953299)
(0.00124881027698 -5.45242342067e-05 0.21033953299)
(0.00187321541547 -8.178635131e-05 0.21033953299)
(0.000624405138489 2.72621171033e-05 0.21033953299)
(0.00124881027698 5.45242342067e-05 0.21033953299)
(0.00187321541547 8.178635131e-05 0.21033953299)
(0 0 0.220828104971)
(0.000624405138489 -2.72621171033e-05 0.220828104971)
(0.00124881027698 -5.45242342067e-05 0.220828104971)
(0.00187321541547 -8.178635131e-05 0.220828104971)
(0.000624405138489 2.72621171033e-05 0.220828104971)
(0.00124881027698 5.45242342067e-05 0.220828104971)
(0.00187321541547 8.178635131e-05 0.220828104971)
(0 0 0.23173410553)
(0.000624405138489 -2.72621171033e-05 0.23173410553)
(0.00124881027698 -5.45242342067e-05 0.23173410553)
(0.00187321541547 -8.178635131e-05 0.23173410553)
(0.000624405138489 2.72621171033e-05 0.23173410553)
(0.00124881027698 5.45242342067e-05 0.23173410553)
(0.00187321541547 8.178635131e-05 0.23173410553)
(0 0 0.243074147663)
(0.000624405138489 -2.72621171033e-05 0.243074147663)
(0.00124881027698 -5.45242342067e-05 0.243074147663)
(0.00187321541547 -8.178635131e-05 0.243074147663)
(0.000624405138489 2.72621171033e-05 0.243074147663)
(0.00124881027698 5.45242342067e-05 0.243074147663)
(0.00187321541547 8.178635131e-05 0.243074147663)
(0 0 0.254865505538)
(0.000624405138489 -2.72621171033e-05 0.254865505538)
(0.00124881027698 -5.45242342067e-05 0.254865505538)
(0.00187321541547 -8.178635131e-05 0.254865505538)
(0.000624405138489 2.72621171033e-05 0.254865505538)
(0.00124881027698 5.45242342067e-05 0.254865505538)
(0.00187321541547 8.178635131e-05 0.254865505538)
(0 0 0.267126140808)
(0.000624405138489 -2.72621171033e-05 0.267126140808)
(0.00124881027698 -5.45242342067e-05 0.267126140808)
(0.00187321541547 -8.178635131e-05 0.267126140808)
(0.000624405138489 2.72621171033e-05 0.267126140808)
(0.00124881027698 5.45242342067e-05 0.267126140808)
(0.00187321541547 8.178635131e-05 0.267126140808)
(0 0 0.279874729972)
(0.000624405138489 -2.72621171033e-05 0.279874729972)
(0.00124881027698 -5.45242342067e-05 0.279874729972)
(0.00187321541547 -8.178635131e-05 0.279874729972)
(0.000624405138489 2.72621171033e-05 0.279874729972)
(0.00124881027698 5.45242342067e-05 0.279874729972)
(0.00187321541547 8.178635131e-05 0.279874729972)
(0 0 0.293130692822)
(0.000624405138489 -2.72621171033e-05 0.293130692822)
(0.00124881027698 -5.45242342067e-05 0.293130692822)
(0.00187321541547 -8.178635131e-05 0.293130692822)
(0.000624405138489 2.72621171033e-05 0.293130692822)
(0.00124881027698 5.45242342067e-05 0.293130692822)
(0.00187321541547 8.178635131e-05 0.293130692822)
(0 0 0.30691422203)
(0.000624405138489 -2.72621171033e-05 0.30691422203)
(0.00124881027698 -5.45242342067e-05 0.30691422203)
(0.00187321541547 -8.178635131e-05 0.30691422203)
(0.000624405138489 2.72621171033e-05 0.30691422203)
(0.00124881027698 5.45242342067e-05 0.30691422203)
(0.00187321541547 8.178635131e-05 0.30691422203)
(0 0 0.3212463139)
(0.000624405138489 -2.72621171033e-05 0.3212463139)
(0.00124881027698 -5.45242342067e-05 0.3212463139)
(0.00187321541547 -8.178635131e-05 0.3212463139)
(0.000624405138489 2.72621171033e-05 0.3212463139)
(0.00124881027698 5.45242342067e-05 0.3212463139)
(0.00187321541547 8.178635131e-05 0.3212463139)
(0 0 0.336148800361)
(0.000624405138489 -2.72621171033e-05 0.336148800361)
(0.00124881027698 -5.45242342067e-05 0.336148800361)
(0.00187321541547 -8.178635131e-05 0.336148800361)
(0.000624405138489 2.72621171033e-05 0.336148800361)
(0.00124881027698 5.45242342067e-05 0.336148800361)
(0.00187321541547 8.178635131e-05 0.336148800361)
(0 0 0.351644382214)
(0.000624405138489 -2.72621171033e-05 0.351644382214)
(0.00124881027698 -5.45242342067e-05 0.351644382214)
(0.00187321541547 -8.178635131e-05 0.351644382214)
(0.000624405138489 2.72621171033e-05 0.351644382214)
(0.00124881027698 5.45242342067e-05 0.351644382214)
(0.00187321541547 8.178635131e-05 0.351644382214)
(0 0 0.367756663719)
(0.000624405138489 -2.72621171033e-05 0.367756663719)
(0.00124881027698 -5.45242342067e-05 0.367756663719)
(0.00187321541547 -8.178635131e-05 0.367756663719)
(0.000624405138489 2.72621171033e-05 0.367756663719)
(0.00124881027698 5.45242342067e-05 0.367756663719)
(0.00187321541547 8.178635131e-05 0.367756663719)
(0 0 0.384510188545)
(0.000624405138489 -2.72621171033e-05 0.384510188545)
(0.00124881027698 -5.45242342067e-05 0.384510188545)
(0.00187321541547 -8.178635131e-05 0.384510188545)
(0.000624405138489 2.72621171033e-05 0.384510188545)
(0.00124881027698 5.45242342067e-05 0.384510188545)
(0.00187321541547 8.178635131e-05 0.384510188545)
(0 0 0.401930477164)
(0.000624405138489 -2.72621171033e-05 0.401930477164)
(0.00124881027698 -5.45242342067e-05 0.401930477164)
(0.00187321541547 -8.178635131e-05 0.401930477164)
(0.000624405138489 2.72621171033e-05 0.401930477164)
(0.00124881027698 5.45242342067e-05 0.401930477164)
(0.00187321541547 8.178635131e-05 0.401930477164)
(0 0 0.420044065719)
(0.000624405138489 -2.72621171033e-05 0.420044065719)
(0.00124881027698 -5.45242342067e-05 0.420044065719)
(0.00187321541547 -8.178635131e-05 0.420044065719)
(0.000624405138489 2.72621171033e-05 0.420044065719)
(0.00124881027698 5.45242342067e-05 0.420044065719)
(0.00187321541547 8.178635131e-05 0.420044065719)
(0 0 0.438878546452)
(0.000624405138489 -2.72621171033e-05 0.438878546452)
(0.00124881027698 -5.45242342067e-05 0.438878546452)
(0.00187321541547 -8.178635131e-05 0.438878546452)
(0.000624405138489 2.72621171033e-05 0.438878546452)
(0.00124881027698 5.45242342067e-05 0.438878546452)
(0.00187321541547 8.178635131e-05 0.438878546452)
(0 0 0.458462609731)
(0.000624405138489 -2.72621171033e-05 0.458462609731)
(0.00124881027698 -5.45242342067e-05 0.458462609731)
(0.00187321541547 -8.178635131e-05 0.458462609731)
(0.000624405138489 2.72621171033e-05 0.458462609731)
(0.00124881027698 5.45242342067e-05 0.458462609731)
(0.00187321541547 8.178635131e-05 0.458462609731)
(0 0 0.478826087755)
(0.000624405138489 -2.72621171033e-05 0.478826087755)
(0.00124881027698 -5.45242342067e-05 0.478826087755)
(0.00187321541547 -8.178635131e-05 0.478826087755)
(0.000624405138489 2.72621171033e-05 0.478826087755)
(0.00124881027698 5.45242342067e-05 0.478826087755)
(0.00187321541547 8.178635131e-05 0.478826087755)
(0 0 0.5)
(0.000624405138489 -2.72621171033e-05 0.5)
(0.00124881027698 -5.45242342067e-05 0.5)
(0.00187321541547 -8.178635131e-05 0.5)
(0.000624405138489 2.72621171033e-05 0.5)
(0.00124881027698 5.45242342067e-05 0.5)
(0.00187321541547 8.178635131e-05 0.5)
(0.00241769669623 -0.000105558917424 0.111788277425)
(0.00241769669623 0.000105558917424 0.111788277425)
(0.00241769669623 -0.000105558917424 0.118354665296)
(0.00241769669623 0.000105558917424 0.118354665296)
(0.00241769669623 -0.000105558917424 0.125182385019)
(0.00241769669623 0.000105558917424 0.125182385019)
(0.00241769669623 -0.000105558917424 0.132281837189)
(0.00241769669623 0.000105558917424 0.132281837189)
(0.00241769669623 -0.000105558917424 0.139663836327)
(0.00241769669623 0.000105558917424 0.139663836327)
(0.00241769669623 -0.000105558917424 0.147339627357)
(0.00241769669623 0.000105558917424 0.147339627357)
(0.00241769669623 -0.000105558917424 0.15532090273)
(0.00241769669623 0.000105558917424 0.15532090273)
(0.00241769669623 -0.000105558917424 0.16361982024)
(0.00241769669623 0.000105558917424 0.16361982024)
(0.00241769669623 -0.000105558917424 0.172249021542)
(0.00241769669623 0.000105558917424 0.172249021542)
(0.00241769669623 -0.000105558917424 0.181221651409)
(0.00241769669623 0.000105558917424 0.181221651409)
(0.00241769669623 -0.000105558917424 0.190551377754)
(0.00241769669623 0.000105558917424 0.190551377754)
(0.00241769669623 -0.000105558917424 0.200252412453)
(0.00241769669623 0.000105558917424 0.200252412453)
(0.00241769669623 -0.000105558917424 0.21033953299)
(0.00241769669623 0.000105558917424 0.21033953299)
(0.00241769669623 -0.000105558917424 0.220828104971)
(0.00241769669623 0.000105558917424 0.220828104971)
(0.00241769669623 -0.000105558917424 0.23173410553)
(0.00241769669623 0.000105558917424 0.23173410553)
(0.00241769669623 -0.000105558917424 0.243074147663)
(0.00241769669623 0.000105558917424 0.243074147663)
(0.00241769669623 -0.000105558917424 0.254865505538)
(0.00241769669623 0.000105558917424 0.254865505538)
(0.00241769669623 -0.000105558917424 0.267126140808)
(0.00241769669623 0.000105558917424 0.267126140808)
(0.00241769669623 -0.000105558917424 0.279874729972)
(0.00241769669623 0.000105558917424 0.279874729972)
(0.00241769669623 -0.000105558917424 0.293130692822)
(0.00241769669623 0.000105558917424 0.293130692822)
(0.00241769669623 -0.000105558917424 0.30691422203)
(0.00241769669623 0.000105558917424 0.30691422203)
(0.00241769669623 -0.000105558917424 0.3212463139)
(0.00241769669623 0.000105558917424 0.3212463139)
(0.00241769669623 -0.000105558917424 0.336148800361)
(0.00241769669623 0.000105558917424 0.336148800361)
(0.00241769669623 -0.000105558917424 0.351644382214)
(0.00241769669623 0.000105558917424 0.351644382214)
(0.00241769669623 -0.000105558917424 0.367756663719)
(0.00241769669623 0.000105558917424 0.367756663719)
(0.00241769669623 -0.000105558917424 0.384510188545)
(0.00241769669623 0.000105558917424 0.384510188545)
(0.00241769669623 -0.000105558917424 0.401930477164)
(0.00241769669623 0.000105558917424 0.401930477164)
(0.00241769669623 -0.000105558917424 0.420044065719)
(0.00241769669623 0.000105558917424 0.420044065719)
(0.00241769669623 -0.000105558917424 0.438878546452)
(0.00241769669623 0.000105558917424 0.438878546452)
(0.00241769669623 -0.000105558917424 0.458462609731)
(0.00241769669623 0.000105558917424 0.458462609731)
(0.00241769669623 -0.000105558917424 0.478826087755)
(0.00241769669623 0.000105558917424 0.478826087755)
(0.00241769669623 -0.000105558917424 0.5)
(0.00241769669623 0.000105558917424 0.5)
(0.0341084836607 -0.00148920855781 0.105473218896)
(0.0383051948718 -0.0016724409264 0.105473218896)
(0.0428728886422 -0.00187187074333 0.105473218896)
(0.0478443592369 -0.00208892983714 0.105473218896)
(0.0532552998815 -0.0023251766077 0.105473218896)
(0.0591445590256 -0.00258230721496 0.105473218896)
(0.0655544192594 -0.00286216775669 0.105473218896)
(0.0725309008868 -0.00316676752272 0.105473218896)
(0.0341084836607 0.00148920855781 0.105473218896)
(0.0383051948718 0.0016724409264 0.105473218896)
(0.0428728886422 0.00187187074333 0.105473218896)
(0.0478443592369 0.00208892983714 0.105473218896)
(0.0532552998815 0.0023251766077 0.105473218896)
(0.0591445590256 0.00258230721496 0.105473218896)
(0.0655544192594 0.00286216775669 0.105473218896)
(0.0725309008868 0.00316676752272 0.105473218896)
(0.00381299302171 -0.000166478870632 0.111788277425)
(0.00533163131092 -0.000232784050275 0.111788277425)
(0.00698451479618 -0.000304950501759 0.111788277425)
(0.00878351053812 -0.000383496352141 0.111788277425)
(0.0107415346266 -0.000468985530081 0.111788277425)
(0.012872644913 -0.00056203181463 0.111788277425)
(0.0151921419406 -0.000663303241927 0.111788277425)
(0.0177166787959 -0.000773526901437 0.111788277425)
(0.0204643806718 -0.000893494156171 0.111788277425)
(0.0234549749992 -0.00102406632436 0.111788277425)
(0.0267099330824 -0.0011661808634 0.111788277425)
(0.0302526242546 -0.00132085810041 0.111788277425)
(0.0341084836607 -0.00148920855781 0.111788277425)
(0.0383051948718 -0.0016724409264 0.111788277425)
(0.0428728886422 -0.00187187074333 0.111788277425)
(0.0478443592369 -0.00208892983714 0.111788277425)
(0.0532552998815 -0.0023251766077 0.111788277425)
(0.0591445590256 -0.00258230721496 0.111788277425)
(0.0655544192594 -0.00286216775669 0.111788277425)
(0.0725309008868 -0.00316676752272 0.111788277425)
(0.00381299302171 0.000166478870632 0.111788277425)
(0.00533163131092 0.000232784050275 0.111788277425)
(0.00698451479618 0.000304950501759 0.111788277425)
(0.00878351053812 0.000383496352141 0.111788277425)
(0.0107415346266 0.000468985530081 0.111788277425)
(0.012872644913 0.00056203181463 0.111788277425)
(0.0151921419406 0.000663303241927 0.111788277425)
(0.0177166787959 0.000773526901437 0.111788277425)
(0.0204643806718 0.000893494156171 0.111788277425)
(0.0234549749992 0.00102406632436 0.111788277425)
(0.0267099330824 0.0011661808634 0.111788277425)
(0.0302526242546 0.00132085810041 0.111788277425)
(0.0341084836607 0.00148920855781 0.111788277425)
(0.0383051948718 0.0016724409264 0.111788277425)
(0.0428728886422 0.00187187074333 0.111788277425)
(0.0478443592369 0.00208892983714 0.111788277425)
(0.0532552998815 0.0023251766077 0.111788277425)
(0.0591445590256 0.00258230721496 0.111788277425)
(0.0655544192594 0.00286216775669 0.111788277425)
(0.0725309008868 0.00316676752272 0.111788277425)
(0.00381299302171 -0.000166478870632 0.118354665296)
(0.00533163131092 -0.000232784050275 0.118354665296)
(0.00698451479618 -0.000304950501759 0.118354665296)
(0.00878351053812 -0.000383496352141 0.118354665296)
(0.0107415346266 -0.000468985530081 0.118354665296)
(0.012872644913 -0.00056203181463 0.118354665296)
(0.0151921419406 -0.000663303241927 0.118354665296)
(0.0177166787959 -0.000773526901437 0.118354665296)
(0.0204643806718 -0.000893494156171 0.118354665296)
(0.0234549749992 -0.00102406632436 0.118354665296)
(0.0267099330824 -0.0011661808634 0.118354665296)
(0.0302526242546 -0.00132085810041 0.118354665296)
(0.0341084836607 -0.00148920855781 0.118354665296)
(0.0383051948718 -0.0016724409264 0.118354665296)
(0.0428728886422 -0.00187187074333 0.118354665296)
(0.0478443592369 -0.00208892983714 0.118354665296)
(0.0532552998815 -0.0023251766077 0.118354665296)
(0.0591445590256 -0.00258230721496 0.118354665296)
(0.0655544192594 -0.00286216775669 0.118354665296)
(0.0725309008868 -0.00316676752272 0.118354665296)
(0.00381299302171 0.000166478870632 0.118354665296)
(0.00533163131092 0.000232784050275 0.118354665296)
(0.00698451479618 0.000304950501759 0.118354665296)
(0.00878351053812 0.000383496352141 0.118354665296)
(0.0107415346266 0.000468985530081 0.118354665296)
(0.012872644913 0.00056203181463 0.118354665296)
(0.0151921419406 0.000663303241927 0.118354665296)
(0.0177166787959 0.000773526901437 0.118354665296)
(0.0204643806718 0.000893494156171 0.118354665296)
(0.0234549749992 0.00102406632436 0.118354665296)
(0.0267099330824 0.0011661808634 0.118354665296)
(0.0302526242546 0.00132085810041 0.118354665296)
(0.0341084836607 0.00148920855781 0.118354665296)
(0.0383051948718 0.0016724409264 0.118354665296)
(0.0428728886422 0.00187187074333 0.118354665296)
(0.0478443592369 0.00208892983714 0.118354665296)
(0.0532552998815 0.0023251766077 0.118354665296)
(0.0591445590256 0.00258230721496 0.118354665296)
(0.0655544192594 0.00286216775669 0.118354665296)
(0.0725309008868 0.00316676752272 0.118354665296)
(0.00381299302171 -0.000166478870632 0.125182385019)
(0.00533163131092 -0.000232784050275 0.125182385019)
(0.00698451479618 -0.000304950501759 0.125182385019)
(0.00878351053812 -0.000383496352141 0.125182385019)
(0.0107415346266 -0.000468985530081 0.125182385019)
(0.012872644913 -0.00056203181463 0.125182385019)
(0.0151921419406 -0.000663303241927 0.125182385019)
(0.0177166787959 -0.000773526901437 0.125182385019)
(0.0204643806718 -0.000893494156171 0.125182385019)
(0.0234549749992 -0.00102406632436 0.125182385019)
(0.0267099330824 -0.0011661808634 0.125182385019)
(0.0302526242546 -0.00132085810041 0.125182385019)
(0.0341084836607 -0.00148920855781 0.125182385019)
(0.0383051948718 -0.0016724409264 0.125182385019)
(0.0428728886422 -0.00187187074333 0.125182385019)
(0.0478443592369 -0.00208892983714 0.125182385019)
(0.0532552998815 -0.0023251766077 0.125182385019)
(0.0591445590256 -0.00258230721496 0.125182385019)
(0.0655544192594 -0.00286216775669 0.125182385019)
(0.0725309008868 -0.00316676752272 0.125182385019)
(0.00381299302171 0.000166478870632 0.125182385019)
(0.00533163131092 0.000232784050275 0.125182385019)
(0.00698451479618 0.000304950501759 0.125182385019)
(0.00878351053812 0.000383496352141 0.125182385019)
(0.0107415346266 0.000468985530081 0.125182385019)
(0.012872644913 0.00056203181463 0.125182385019)
(0.0151921419406 0.000663303241927 0.125182385019)
(0.0177166787959 0.000773526901437 0.125182385019)
(0.0204643806718 0.000893494156171 0.125182385019)
(0.0234549749992 0.00102406632436 0.125182385019)
(0.0267099330824 0.0011661808634 0.125182385019)
(0.0302526242546 0.00132085810041 0.125182385019)
(0.0341084836607 0.00148920855781 0.125182385019)
(0.0383051948718 0.0016724409264 0.125182385019)
(0.0428728886422 0.00187187074333 0.125182385019)
(0.0478443592369 0.00208892983714 0.125182385019)
(0.0532552998815 0.0023251766077 0.125182385019)
(0.0591445590256 0.00258230721496 0.125182385019)
(0.0655544192594 0.00286216775669 0.125182385019)
(0.0725309008868 0.00316676752272 0.125182385019)
(0.00381299302171 -0.000166478870632 0.132281837189)
(0.00533163131092 -0.000232784050275 0.132281837189)
(0.00698451479618 -0.000304950501759 0.132281837189)
(0.00878351053812 -0.000383496352141 0.132281837189)
(0.0107415346266 -0.000468985530081 0.132281837189)
(0.012872644913 -0.00056203181463 0.132281837189)
(0.0151921419406 -0.000663303241927 0.132281837189)
(0.0177166787959 -0.000773526901437 0.132281837189)
(0.0204643806718 -0.000893494156171 0.132281837189)
(0.0234549749992 -0.00102406632436 0.132281837189)
(0.0267099330824 -0.0011661808634 0.132281837189)
(0.0302526242546 -0.00132085810041 0.132281837189)
(0.0341084836607 -0.00148920855781 0.132281837189)
(0.0383051948718 -0.0016724409264 0.132281837189)
(0.0428728886422 -0.00187187074333 0.132281837189)
(0.0478443592369 -0.00208892983714 0.132281837189)
(0.0532552998815 -0.0023251766077 0.132281837189)
(0.0591445590256 -0.00258230721496 0.132281837189)
(0.0655544192594 -0.00286216775669 0.132281837189)
(0.0725309008868 -0.00316676752272 0.132281837189)
(0.00381299302171 0.000166478870632 0.132281837189)
(0.00533163131092 0.000232784050275 0.132281837189)
(0.00698451479618 0.000304950501759 0.132281837189)
(0.00878351053812 0.000383496352141 0.132281837189)
(0.0107415346266 0.000468985530081 0.132281837189)
(0.012872644913 0.00056203181463 0.132281837189)
(0.0151921419406 0.000663303241927 0.132281837189)
(0.0177166787959 0.000773526901437 0.132281837189)
(0.0204643806718 0.000893494156171 0.132281837189)
(0.0234549749992 0.00102406632436 0.132281837189)
(0.0267099330824 0.0011661808634 0.132281837189)
(0.0302526242546 0.00132085810041 0.132281837189)
(0.0341084836607 0.00148920855781 0.132281837189)
(0.0383051948718 0.0016724409264 0.132281837189)
(0.0428728886422 0.00187187074333 0.132281837189)
(0.0478443592369 0.00208892983714 0.132281837189)
(0.0532552998815 0.0023251766077 0.132281837189)
(0.0591445590256 0.00258230721496 0.132281837189)
(0.0655544192594 0.00286216775669 0.132281837189)
(0.0725309008868 0.00316676752272 0.132281837189)
(0.00381299302171 -0.000166478870632 0.139663836327)
(0.00533163131092 -0.000232784050275 0.139663836327)
(0.00698451479618 -0.000304950501759 0.139663836327)
(0.00878351053812 -0.000383496352141 0.139663836327)
(0.0107415346266 -0.000468985530081 0.139663836327)
(0.012872644913 -0.00056203181463 0.139663836327)
(0.0151921419406 -0.000663303241927 0.139663836327)
(0.0177166787959 -0.000773526901437 0.139663836327)
(0.0204643806718 -0.000893494156171 0.139663836327)
(0.0234549749992 -0.00102406632436 0.139663836327)
(0.0267099330824 -0.0011661808634 0.139663836327)
(0.0302526242546 -0.00132085810041 0.139663836327)
(0.0341084836607 -0.00148920855781 0.139663836327)
(0.0383051948718 -0.0016724409264 0.139663836327)
(0.0428728886422 -0.00187187074333 0.139663836327)
(0.0478443592369 -0.00208892983714 0.139663836327)
(0.0532552998815 -0.0023251766077 0.139663836327)
(0.0591445590256 -0.00258230721496 0.139663836327)
(0.0655544192594 -0.00286216775669 0.139663836327)
(0.0725309008868 -0.00316676752272 0.139663836327)
(0.00381299302171 0.000166478870632 0.139663836327)
(0.00533163131092 0.000232784050275 0.139663836327)
(0.00698451479618 0.000304950501759 0.139663836327)
(0.00878351053812 0.000383496352141 0.139663836327)
(0.0107415346266 0.000468985530081 0.139663836327)
(0.012872644913 0.00056203181463 0.139663836327)
(0.0151921419406 0.000663303241927 0.139663836327)
(0.0177166787959 0.000773526901437 0.139663836327)
(0.0204643806718 0.000893494156171 0.139663836327)
(0.0234549749992 0.00102406632436 0.139663836327)
(0.0267099330824 0.0011661808634 0.139663836327)
(0.0302526242546 0.00132085810041 0.139663836327)
(0.0341084836607 0.00148920855781 0.139663836327)
(0.0383051948718 0.0016724409264 0.139663836327)
(0.0428728886422 0.00187187074333 0.139663836327)
(0.0478443592369 0.00208892983714 0.139663836327)
(0.0532552998815 0.0023251766077 0.139663836327)
(0.0591445590256 0.00258230721496 0.139663836327)
(0.0655544192594 0.00286216775669 0.139663836327)
(0.0725309008868 0.00316676752272 0.139663836327)
(0.00381299302171 -0.000166478870632 0.147339627357)
(0.00533163131092 -0.000232784050275 0.147339627357)
(0.00698451479618 -0.000304950501759 0.147339627357)
(0.00878351053812 -0.000383496352141 0.147339627357)
(0.0107415346266 -0.000468985530081 0.147339627357)
(0.012872644913 -0.00056203181463 0.147339627357)
(0.0151921419406 -0.000663303241927 0.147339627357)
(0.0177166787959 -0.000773526901437 0.147339627357)
(0.0204643806718 -0.000893494156171 0.147339627357)
(0.0234549749992 -0.00102406632436 0.147339627357)
(0.0267099330824 -0.0011661808634 0.147339627357)
(0.0302526242546 -0.00132085810041 0.147339627357)
(0.0341084836607 -0.00148920855781 0.147339627357)
(0.0383051948718 -0.0016724409264 0.147339627357)
(0.0428728886422 -0.00187187074333 0.147339627357)
(0.0478443592369 -0.00208892983714 0.147339627357)
(0.0532552998815 -0.0023251766077 0.147339627357)
(0.0591445590256 -0.00258230721496 0.147339627357)
(0.0655544192594 -0.00286216775669 0.147339627357)
(0.0725309008868 -0.00316676752272 0.147339627357)
(0.00381299302171 0.000166478870632 0.147339627357)
(0.00533163131092 0.000232784050275 0.147339627357)
(0.00698451479618 0.000304950501759 0.147339627357)
(0.00878351053812 0.000383496352141 0.147339627357)
(0.0107415346266 0.000468985530081 0.147339627357)
(0.012872644913 0.00056203181463 0.147339627357)
(0.0151921419406 0.000663303241927 0.147339627357)
(0.0177166787959 0.000773526901437 0.147339627357)
(0.0204643806718 0.000893494156171 0.147339627357)
(0.0234549749992 0.00102406632436 0.147339627357)
(0.0267099330824 0.0011661808634 0.147339627357)
(0.0302526242546 0.00132085810041 0.147339627357)
(0.0341084836607 0.00148920855781 0.147339627357)
(0.0383051948718 0.0016724409264 0.147339627357)
(0.0428728886422 0.00187187074333 0.147339627357)
(0.0478443592369 0.00208892983714 0.147339627357)
(0.0532552998815 0.0023251766077 0.147339627357)
(0.0591445590256 0.00258230721496 0.147339627357)
(0.0655544192594 0.00286216775669 0.147339627357)
(0.0725309008868 0.00316676752272 0.147339627357)
(0.00381299302171 -0.000166478870632 0.15532090273)
(0.00533163131092 -0.000232784050275 0.15532090273)
(0.00698451479618 -0.000304950501759 0.15532090273)
(0.00878351053812 -0.000383496352141 0.15532090273)
(0.0107415346266 -0.000468985530081 0.15532090273)
(0.012872644913 -0.00056203181463 0.15532090273)
(0.0151921419406 -0.000663303241927 0.15532090273)
(0.0177166787959 -0.000773526901437 0.15532090273)
(0.0204643806718 -0.000893494156171 0.15532090273)
(0.0234549749992 -0.00102406632436 0.15532090273)
(0.0267099330824 -0.0011661808634 0.15532090273)
(0.0302526242546 -0.00132085810041 0.15532090273)
(0.0341084836607 -0.00148920855781 0.15532090273)
(0.0383051948718 -0.0016724409264 0.15532090273)
(0.0428728886422 -0.00187187074333 0.15532090273)
(0.0478443592369 -0.00208892983714 0.15532090273)
(0.0532552998815 -0.0023251766077 0.15532090273)
(0.0591445590256 -0.00258230721496 0.15532090273)
(0.0655544192594 -0.00286216775669 0.15532090273)
(0.0725309008868 -0.00316676752272 0.15532090273)
(0.00381299302171 0.000166478870632 0.15532090273)
(0.00533163131092 0.000232784050275 0.15532090273)
(0.00698451479618 0.000304950501759 0.15532090273)
(0.00878351053812 0.000383496352141 0.15532090273)
(0.0107415346266 0.000468985530081 0.15532090273)
(0.012872644913 0.00056203181463 0.15532090273)
(0.0151921419406 0.000663303241927 0.15532090273)
(0.0177166787959 0.000773526901437 0.15532090273)
(0.0204643806718 0.000893494156171 0.15532090273)
(0.0234549749992 0.00102406632436 0.15532090273)
(0.0267099330824 0.0011661808634 0.15532090273)
(0.0302526242546 0.00132085810041 0.15532090273)
(0.0341084836607 0.00148920855781 0.15532090273)
(0.0383051948718 0.0016724409264 0.15532090273)
(0.0428728886422 0.00187187074333 0.15532090273)
(0.0478443592369 0.00208892983714 0.15532090273)
(0.0532552998815 0.0023251766077 0.15532090273)
(0.0591445590256 0.00258230721496 0.15532090273)
(0.0655544192594 0.00286216775669 0.15532090273)
(0.0725309008868 0.00316676752272 0.15532090273)
(0.00381299302171 -0.000166478870632 0.16361982024)
(0.00533163131092 -0.000232784050275 0.16361982024)
(0.00698451479618 -0.000304950501759 0.16361982024)
(0.00878351053812 -0.000383496352141 0.16361982024)
(0.0107415346266 -0.000468985530081 0.16361982024)
(0.012872644913 -0.00056203181463 0.16361982024)
(0.0151921419406 -0.000663303241927 0.16361982024)
(0.0177166787959 -0.000773526901437 0.16361982024)
(0.0204643806718 -0.000893494156171 0.16361982024)
(0.0234549749992 -0.00102406632436 0.16361982024)
(0.0267099330824 -0.0011661808634 0.16361982024)
(0.0302526242546 -0.00132085810041 0.16361982024)
(0.0341084836607 -0.00148920855781 0.16361982024)
(0.0383051948718 -0.0016724409264 0.16361982024)
(0.0428728886422 -0.00187187074333 0.16361982024)
(0.0478443592369 -0.00208892983714 0.16361982024)
(0.0532552998815 -0.0023251766077 0.16361982024)
(0.0591445590256 -0.00258230721496 0.16361982024)
(0.0655544192594 -0.00286216775669 0.16361982024)
(0.0725309008868 -0.00316676752272 0.16361982024)
(0.00381299302171 0.000166478870632 0.16361982024)
(0.00533163131092 0.000232784050275 0.16361982024)
(0.00698451479618 0.000304950501759 0.16361982024)
(0.00878351053812 0.000383496352141 0.16361982024)
(0.0107415346266 0.000468985530081 0.16361982024)
(0.012872644913 0.00056203181463 0.16361982024)
(0.0151921419406 0.000663303241927 0.16361982024)
(0.0177166787959 0.000773526901437 0.16361982024)
(0.0204643806718 0.000893494156171 0.16361982024)
(0.0234549749992 0.00102406632436 0.16361982024)
(0.0267099330824 0.0011661808634 0.16361982024)
(0.0302526242546 0.00132085810041 0.16361982024)
(0.0341084836607 0.00148920855781 0.16361982024)
(0.0383051948718 0.0016724409264 0.16361982024)
(0.0428728886422 0.00187187074333 0.16361982024)
(0.0478443592369 0.00208892983714 0.16361982024)
(0.0532552998815 0.0023251766077 0.16361982024)
(0.0591445590256 0.00258230721496 0.16361982024)
(0.0655544192594 0.00286216775669 0.16361982024)
(0.0725309008868 0.00316676752272 0.16361982024)
(0.00381299302171 -0.000166478870632 0.172249021542)
(0.00533163131092 -0.000232784050275 0.172249021542)
(0.00698451479618 -0.000304950501759 0.172249021542)
(0.00878351053812 -0.000383496352141 0.172249021542)
(0.0107415346266 -0.000468985530081 0.172249021542)
(0.012872644913 -0.00056203181463 0.172249021542)
(0.0151921419406 -0.000663303241927 0.172249021542)
(0.0177166787959 -0.000773526901437 0.172249021542)
(0.0204643806718 -0.000893494156171 0.172249021542)
(0.0234549749992 -0.00102406632436 0.172249021542)
(0.0267099330824 -0.0011661808634 0.172249021542)
(0.0302526242546 -0.00132085810041 0.172249021542)
(0.0341084836607 -0.00148920855781 0.172249021542)
(0.0383051948718 -0.0016724409264 0.172249021542)
(0.0428728886422 -0.00187187074333 0.172249021542)
(0.0478443592369 -0.00208892983714 0.172249021542)
(0.0532552998815 -0.0023251766077 0.172249021542)
(0.0591445590256 -0.00258230721496 0.172249021542)
(0.0655544192594 -0.00286216775669 0.172249021542)
(0.0725309008868 -0.00316676752272 0.172249021542)
(0.00381299302171 0.000166478870632 0.172249021542)
(0.00533163131092 0.000232784050275 0.172249021542)
(0.00698451479618 0.000304950501759 0.172249021542)
(0.00878351053812 0.000383496352141 0.172249021542)
(0.0107415346266 0.000468985530081 0.172249021542)
(0.012872644913 0.00056203181463 0.172249021542)
(0.0151921419406 0.000663303241927 0.172249021542)
(0.0177166787959 0.000773526901437 0.172249021542)
(0.0204643806718 0.000893494156171 0.172249021542)
(0.0234549749992 0.00102406632436 0.172249021542)
(0.0267099330824 0.0011661808634 0.172249021542)
(0.0302526242546 0.00132085810041 0.172249021542)
(0.0341084836607 0.00148920855781 0.172249021542)
(0.0383051948718 0.0016724409264 0.172249021542)
(0.0428728886422 0.00187187074333 0.172249021542)
(0.0478443592369 0.00208892983714 0.172249021542)
(0.0532552998815 0.0023251766077 0.172249021542)
(0.0591445590256 0.00258230721496 0.172249021542)
(0.0655544192594 0.00286216775669 0.172249021542)
(0.0725309008868 0.00316676752272 0.172249021542)
(0.00381299302171 -0.000166478870632 0.181221651409)
(0.00533163131092 -0.000232784050275 0.181221651409)
(0.00698451479618 -0.000304950501759 0.181221651409)
(0.00878351053812 -0.000383496352141 0.181221651409)
(0.0107415346266 -0.000468985530081 0.181221651409)
(0.012872644913 -0.00056203181463 0.181221651409)
(0.0151921419406 -0.000663303241927 0.181221651409)
(0.0177166787959 -0.000773526901437 0.181221651409)
(0.0204643806718 -0.000893494156171 0.181221651409)
(0.0234549749992 -0.00102406632436 0.181221651409)
(0.0267099330824 -0.0011661808634 0.181221651409)
(0.0302526242546 -0.00132085810041 0.181221651409)
(0.0341084836607 -0.00148920855781 0.181221651409)
(0.0383051948718 -0.0016724409264 0.181221651409)
(0.0428728886422 -0.00187187074333 0.181221651409)
(0.0478443592369 -0.00208892983714 0.181221651409)
(0.0532552998815 -0.0023251766077 0.181221651409)
(0.0591445590256 -0.00258230721496 0.181221651409)
(0.0655544192594 -0.00286216775669 0.181221651409)
(0.0725309008868 -0.00316676752272 0.181221651409)
(0.00381299302171 0.000166478870632 0.181221651409)
(0.00533163131092 0.000232784050275 0.181221651409)
(0.00698451479618 0.000304950501759 0.181221651409)
(0.00878351053812 0.000383496352141 0.181221651409)
(0.0107415346266 0.000468985530081 0.181221651409)
(0.012872644913 0.00056203181463 0.181221651409)
(0.0151921419406 0.000663303241927 0.181221651409)
(0.0177166787959 0.000773526901437 0.181221651409)
(0.0204643806718 0.000893494156171 0.181221651409)
(0.0234549749992 0.00102406632436 0.181221651409)
(0.0267099330824 0.0011661808634 0.181221651409)
(0.0302526242546 0.00132085810041 0.181221651409)
(0.0341084836607 0.00148920855781 0.181221651409)
(0.0383051948718 0.0016724409264 0.181221651409)
(0.0428728886422 0.00187187074333 0.181221651409)
(0.0478443592369 0.00208892983714 0.181221651409)
(0.0532552998815 0.0023251766077 0.181221651409)
(0.0591445590256 0.00258230721496 0.181221651409)
(0.0655544192594 0.00286216775669 0.181221651409)
(0.0725309008868 0.00316676752272 0.181221651409)
(0.00381299302171 -0.000166478870632 0.190551377754)
(0.00533163131092 -0.000232784050275 0.190551377754)
(0.00698451479618 -0.000304950501759 0.190551377754)
(0.00878351053812 -0.000383496352141 0.190551377754)
(0.0107415346266 -0.000468985530081 0.190551377754)
(0.012872644913 -0.00056203181463 0.190551377754)
(0.0151921419406 -0.000663303241927 0.190551377754)
(0.0177166787959 -0.000773526901437 0.190551377754)
(0.0204643806718 -0.000893494156171 0.190551377754)
(0.0234549749992 -0.00102406632436 0.190551377754)
(0.0267099330824 -0.0011661808634 0.190551377754)
(0.0302526242546 -0.00132085810041 0.190551377754)
(0.0341084836607 -0.00148920855781 0.190551377754)
(0.0383051948718 -0.0016724409264 0.190551377754)
(0.0428728886422 -0.00187187074333 0.190551377754)
(0.0478443592369 -0.00208892983714 0.190551377754)
(0.0532552998815 -0.0023251766077 0.190551377754)
(0.0591445590256 -0.00258230721496 0.190551377754)
(0.0655544192594 -0.00286216775669 0.190551377754)
(0.0725309008868 -0.00316676752272 0.190551377754)
(0.00381299302171 0.000166478870632 0.190551377754)
(0.00533163131092 0.000232784050275 0.190551377754)
(0.00698451479618 0.000304950501759 0.190551377754)
(0.00878351053812 0.000383496352141 0.190551377754)
(0.0107415346266 0.000468985530081 0.190551377754)
(0.012872644913 0.00056203181463 0.190551377754)
(0.0151921419406 0.000663303241927 0.190551377754)
(0.0177166787959 0.000773526901437 0.190551377754)
(0.0204643806718 0.000893494156171 0.190551377754)
(0.0234549749992 0.00102406632436 0.190551377754)
(0.0267099330824 0.0011661808634 0.190551377754)
(0.0302526242546 0.00132085810041 0.190551377754)
(0.0341084836607 0.00148920855781 0.190551377754)
(0.0383051948718 0.0016724409264 0.190551377754)
(0.0428728886422 0.00187187074333 0.190551377754)
(0.0478443592369 0.00208892983714 0.190551377754)
(0.0532552998815 0.0023251766077 0.190551377754)
(0.0591445590256 0.00258230721496 0.190551377754)
(0.0655544192594 0.00286216775669 0.190551377754)
(0.0725309008868 0.00316676752272 0.190551377754)
(0.00381299302171 -0.000166478870632 0.200252412453)
(0.00533163131092 -0.000232784050275 0.200252412453)
(0.00698451479618 -0.000304950501759 0.200252412453)
(0.00878351053812 -0.000383496352141 0.200252412453)
(0.0107415346266 -0.000468985530081 0.200252412453)
(0.012872644913 -0.00056203181463 0.200252412453)
(0.0151921419406 -0.000663303241927 0.200252412453)
(0.0177166787959 -0.000773526901437 0.200252412453)
(0.0204643806718 -0.000893494156171 0.200252412453)
(0.0234549749992 -0.00102406632436 0.200252412453)
(0.0267099330824 -0.0011661808634 0.200252412453)
(0.0302526242546 -0.00132085810041 0.200252412453)
(0.0341084836607 -0.00148920855781 0.200252412453)
(0.0383051948718 -0.0016724409264 0.200252412453)
(0.0428728886422 -0.00187187074333 0.200252412453)
(0.0478443592369 -0.00208892983714 0.200252412453)
(0.0532552998815 -0.0023251766077 0.200252412453)
(0.0591445590256 -0.00258230721496 0.200252412453)
(0.0655544192594 -0.00286216775669 0.200252412453)
(0.0725309008868 -0.00316676752272 0.200252412453)
(0.00381299302171 0.000166478870632 0.200252412453)
(0.00533163131092 0.000232784050275 0.200252412453)
(0.00698451479618 0.000304950501759 0.200252412453)
(0.00878351053812 0.000383496352141 0.200252412453)
(0.0107415346266 0.000468985530081 0.200252412453)
(0.012872644913 0.00056203181463 0.200252412453)
(0.0151921419406 0.000663303241927 0.200252412453)
(0.0177166787959 0.000773526901437 0.200252412453)
(0.0204643806718 0.000893494156171 0.200252412453)
(0.0234549749992 0.00102406632436 0.200252412453)
(0.0267099330824 0.0011661808634 0.200252412453)
(0.0302526242546 0.00132085810041 0.200252412453)
(0.0341084836607 0.00148920855781 0.200252412453)
(0.0383051948718 0.0016724409264 0.200252412453)
(0.0428728886422 0.00187187074333 0.200252412453)
(0.0478443592369 0.00208892983714 0.200252412453)
(0.0532552998815 0.0023251766077 0.200252412453)
(0.0591445590256 0.00258230721496 0.200252412453)
(0.0655544192594 0.00286216775669 0.200252412453)
(0.0725309008868 0.00316676752272 0.200252412453)
(0.00381299302171 -0.000166478870632 0.21033953299)
(0.00533163131092 -0.000232784050275 0.21033953299)
(0.00698451479618 -0.000304950501759 0.21033953299)
(0.00878351053812 -0.000383496352141 0.21033953299)
(0.0107415346266 -0.000468985530081 0.21033953299)
(0.012872644913 -0.00056203181463 0.21033953299)
(0.0151921419406 -0.000663303241927 0.21033953299)
(0.0177166787959 -0.000773526901437 0.21033953299)
(0.0204643806718 -0.000893494156171 0.21033953299)
(0.0234549749992 -0.00102406632436 0.21033953299)
(0.0267099330824 -0.0011661808634 0.21033953299)
(0.0302526242546 -0.00132085810041 0.21033953299)
(0.0341084836607 -0.00148920855781 0.21033953299)
(0.0383051948718 -0.0016724409264 0.21033953299)
(0.0428728886422 -0.00187187074333 0.21033953299)
(0.0478443592369 -0.00208892983714 0.21033953299)
(0.0532552998815 -0.0023251766077 0.21033953299)
(0.0591445590256 -0.00258230721496 0.21033953299)
(0.0655544192594 -0.00286216775669 0.21033953299)
(0.0725309008868 -0.00316676752272 0.21033953299)
(0.00381299302171 0.000166478870632 0.21033953299)
(0.00533163131092 0.000232784050275 0.21033953299)
(0.00698451479618 0.000304950501759 0.21033953299)
(0.00878351053812 0.000383496352141 0.21033953299)
(0.0107415346266 0.000468985530081 0.21033953299)
(0.012872644913 0.00056203181463 0.21033953299)
(0.0151921419406 0.000663303241927 0.21033953299)
(0.0177166787959 0.000773526901437 0.21033953299)
(0.0204643806718 0.000893494156171 0.21033953299)
(0.0234549749992 0.00102406632436 0.21033953299)
(0.0267099330824 0.0011661808634 0.21033953299)
(0.0302526242546 0.00132085810041 0.21033953299)
(0.0341084836607 0.00148920855781 0.21033953299)
(0.0383051948718 0.0016724409264 0.21033953299)
(0.0428728886422 0.00187187074333 0.21033953299)
(0.0478443592369 0.00208892983714 0.21033953299)
(0.0532552998815 0.0023251766077 0.21033953299)
(0.0591445590256 0.00258230721496 0.21033953299)
(0.0655544192594 0.00286216775669 0.21033953299)
(0.0725309008868 0.00316676752272 0.21033953299)
(0.00381299302171 -0.000166478870632 0.220828104971)
(0.00533163131092 -0.000232784050275 0.220828104971)
(0.00698451479618 -0.000304950501759 0.220828104971)
(0.00878351053812 -0.000383496352141 0.220828104971)
(0.0107415346266 -0.000468985530081 0.220828104971)
(0.012872644913 -0.00056203181463 0.220828104971)
(0.0151921419406 -0.000663303241927 0.220828104971)
(0.0177166787959 -0.000773526901437 0.220828104971)
(0.0204643806718 -0.000893494156171 0.220828104971)
(0.0234549749992 -0.00102406632436 0.220828104971)
(0.0267099330824 -0.0011661808634 0.220828104971)
(0.0302526242546 -0.00132085810041 0.220828104971)
(0.0341084836607 -0.00148920855781 0.220828104971)
(0.0383051948718 -0.0016724409264 0.220828104971)
(0.0428728886422 -0.00187187074333 0.220828104971)
(0.0478443592369 -0.00208892983714 0.220828104971)
(0.0532552998815 -0.0023251766077 0.220828104971)
(0.0591445590256 -0.00258230721496 0.220828104971)
(0.0655544192594 -0.00286216775669 0.220828104971)
(0.0725309008868 -0.00316676752272 0.220828104971)
(0.00381299302171 0.000166478870632 0.220828104971)
(0.00533163131092 0.000232784050275 0.220828104971)
(0.00698451479618 0.000304950501759 0.220828104971)
(0.00878351053812 0.000383496352141 0.220828104971)
(0.0107415346266 0.000468985530081 0.220828104971)
(0.012872644913 0.00056203181463 0.220828104971)
(0.0151921419406 0.000663303241927 0.220828104971)
(0.0177166787959 0.000773526901437 0.220828104971)
(0.0204643806718 0.000893494156171 0.220828104971)
(0.0234549749992 0.00102406632436 0.220828104971)
(0.0267099330824 0.0011661808634 0.220828104971)
(0.0302526242546 0.00132085810041 0.220828104971)
(0.0341084836607 0.00148920855781 0.220828104971)
(0.0383051948718 0.0016724409264 0.220828104971)
(0.0428728886422 0.00187187074333 0.220828104971)
(0.0478443592369 0.00208892983714 0.220828104971)
(0.0532552998815 0.0023251766077 0.220828104971)
(0.0591445590256 0.00258230721496 0.220828104971)
(0.0655544192594 0.00286216775669 0.220828104971)
(0.0725309008868 0.00316676752272 0.220828104971)
(0.00381299302171 -0.000166478870632 0.23173410553)
(0.00533163131092 -0.000232784050275 0.23173410553)
(0.00698451479618 -0.000304950501759 0.23173410553)
(0.00878351053812 -0.000383496352141 0.23173410553)
(0.0107415346266 -0.000468985530081 0.23173410553)
(0.012872644913 -0.00056203181463 0.23173410553)
(0.0151921419406 -0.000663303241927 0.23173410553)
(0.0177166787959 -0.000773526901437 0.23173410553)
(0.0204643806718 -0.000893494156171 0.23173410553)
(0.0234549749992 -0.00102406632436 0.23173410553)
(0.0267099330824 -0.0011661808634 0.23173410553)
(0.0302526242546 -0.00132085810041 0.23173410553)
(0.0341084836607 -0.00148920855781 0.23173410553)
(0.0383051948718 -0.0016724409264 0.23173410553)
(0.0428728886422 -0.00187187074333 0.23173410553)
(0.0478443592369 -0.00208892983714 0.23173410553)
(0.0532552998815 -0.0023251766077 0.23173410553)
(0.0591445590256 -0.00258230721496 0.23173410553)
(0.0655544192594 -0.00286216775669 0.23173410553)
(0.0725309008868 -0.00316676752272 0.23173410553)
(0.00381299302171 0.000166478870632 0.23173410553)
(0.00533163131092 0.000232784050275 0.23173410553)
(0.00698451479618 0.000304950501759 0.23173410553)
(0.00878351053812 0.000383496352141 0.23173410553)
(0.0107415346266 0.000468985530081 0.23173410553)
(0.012872644913 0.00056203181463 0.23173410553)
(0.0151921419406 0.000663303241927 0.23173410553)
(0.0177166787959 0.000773526901437 0.23173410553)
(0.0204643806718 0.000893494156171 0.23173410553)
(0.0234549749992 0.00102406632436 0.23173410553)
(0.0267099330824 0.0011661808634 0.23173410553)
(0.0302526242546 0.00132085810041 0.23173410553)
(0.0341084836607 0.00148920855781 0.23173410553)
(0.0383051948718 0.0016724409264 0.23173410553)
(0.0428728886422 0.00187187074333 0.23173410553)
(0.0478443592369 0.00208892983714 0.23173410553)
(0.0532552998815 0.0023251766077 0.23173410553)
(0.0591445590256 0.00258230721496 0.23173410553)
(0.0655544192594 0.00286216775669 0.23173410553)
(0.0725309008868 0.00316676752272 0.23173410553)
(0.00381299302171 -0.000166478870632 0.243074147663)
(0.00533163131092 -0.000232784050275 0.243074147663)
(0.00698451479618 -0.000304950501759 0.243074147663)
(0.00878351053812 -0.000383496352141 0.243074147663)
(0.0107415346266 -0.000468985530081 0.243074147663)
(0.012872644913 -0.00056203181463 0.243074147663)
(0.0151921419406 -0.000663303241927 0.243074147663)
(0.0177166787959 -0.000773526901437 0.243074147663)
(0.0204643806718 -0.000893494156171 0.243074147663)
(0.0234549749992 -0.00102406632436 0.243074147663)
(0.0267099330824 -0.0011661808634 0.243074147663)
(0.0302526242546 -0.00132085810041 0.243074147663)
(0.0341084836607 -0.00148920855781 0.243074147663)
(0.0383051948718 -0.0016724409264 0.243074147663)
(0.0428728886422 -0.00187187074333 0.243074147663)
(0.0478443592369 -0.00208892983714 0.243074147663)
(0.0532552998815 -0.0023251766077 0.243074147663)
(0.0591445590256 -0.00258230721496 0.243074147663)
(0.0655544192594 -0.00286216775669 0.243074147663)
(0.0725309008868 -0.00316676752272 0.243074147663)
(0.00381299302171 0.000166478870632 0.243074147663)
(0.00533163131092 0.000232784050275 0.243074147663)
(0.00698451479618 0.000304950501759 0.243074147663)
(0.00878351053812 0.000383496352141 0.243074147663)
(0.0107415346266 0.000468985530081 0.243074147663)
(0.012872644913 0.00056203181463 0.243074147663)
(0.0151921419406 0.000663303241927 0.243074147663)
(0.0177166787959 0.000773526901437 0.243074147663)
(0.0204643806718 0.000893494156171 0.243074147663)
(0.0234549749992 0.00102406632436 0.243074147663)
(0.0267099330824 0.0011661808634 0.243074147663)
(0.0302526242546 0.00132085810041 0.243074147663)
(0.0341084836607 0.00148920855781 0.243074147663)
(0.0383051948718 0.0016724409264 0.243074147663)
(0.0428728886422 0.00187187074333 0.243074147663)
(0.0478443592369 0.00208892983714 0.243074147663)
(0.0532552998815 0.0023251766077 0.243074147663)
(0.0591445590256 0.00258230721496 0.243074147663)
(0.0655544192594 0.00286216775669 0.243074147663)
(0.0725309008868 0.00316676752272 0.243074147663)
(0.00381299302171 -0.000166478870632 0.254865505538)
(0.00533163131092 -0.000232784050275 0.254865505538)
(0.00698451479618 -0.000304950501759 0.254865505538)
(0.00878351053812 -0.000383496352141 0.254865505538)
(0.0107415346266 -0.000468985530081 0.254865505538)
(0.012872644913 -0.00056203181463 0.254865505538)
(0.0151921419406 -0.000663303241927 0.254865505538)
(0.0177166787959 -0.000773526901437 0.254865505538)
(0.0204643806718 -0.000893494156171 0.254865505538)
(0.0234549749992 -0.00102406632436 0.254865505538)
(0.0267099330824 -0.0011661808634 0.254865505538)
(0.0302526242546 -0.00132085810041 0.254865505538)
(0.0341084836607 -0.00148920855781 0.254865505538)
(0.0383051948718 -0.0016724409264 0.254865505538)
(0.0428728886422 -0.00187187074333 0.254865505538)
(0.0478443592369 -0.00208892983714 0.254865505538)
(0.0532552998815 -0.0023251766077 0.254865505538)
(0.0591445590256 -0.00258230721496 0.254865505538)
(0.0655544192594 -0.00286216775669 0.254865505538)
(0.0725309008868 -0.00316676752272 0.254865505538)
(0.00381299302171 0.000166478870632 0.254865505538)
(0.00533163131092 0.000232784050275 0.254865505538)
(0.00698451479618 0.000304950501759 0.254865505538)
(0.00878351053812 0.000383496352141 0.254865505538)
(0.0107415346266 0.000468985530081 0.254865505538)
(0.012872644913 0.00056203181463 0.254865505538)
(0.0151921419406 0.000663303241927 0.254865505538)
(0.0177166787959 0.000773526901437 0.254865505538)
(0.0204643806718 0.000893494156171 0.254865505538)
(0.0234549749992 0.00102406632436 0.254865505538)
(0.0267099330824 0.0011661808634 0.254865505538)
(0.0302526242546 0.00132085810041 0.254865505538)
(0.0341084836607 0.00148920855781 0.254865505538)
(0.0383051948718 0.0016724409264 0.254865505538)
(0.0428728886422 0.00187187074333 0.254865505538)
(0.0478443592369 0.00208892983714 0.254865505538)
(0.0532552998815 0.0023251766077 0.254865505538)
(0.0591445590256 0.00258230721496 0.254865505538)
(0.0655544192594 0.00286216775669 0.254865505538)
(0.0725309008868 0.00316676752272 0.254865505538)
(0.00381299302171 -0.000166478870632 0.267126140808)
(0.00533163131092 -0.000232784050275 0.267126140808)
(0.00698451479618 -0.000304950501759 0.267126140808)
(0.00878351053812 -0.000383496352141 0.267126140808)
(0.0107415346266 -0.000468985530081 0.267126140808)
(0.012872644913 -0.00056203181463 0.267126140808)
(0.0151921419406 -0.000663303241927 0.267126140808)
(0.0177166787959 -0.000773526901437 0.267126140808)
(0.0204643806718 -0.000893494156171 0.267126140808)
(0.0234549749992 -0.00102406632436 0.267126140808)
(0.0267099330824 -0.0011661808634 0.267126140808)
(0.0302526242546 -0.00132085810041 0.267126140808)
(0.0341084836607 -0.00148920855781 0.267126140808)
(0.0383051948718 -0.0016724409264 0.267126140808)
(0.0428728886422 -0.00187187074333 0.267126140808)
(0.0478443592369 -0.00208892983714 0.267126140808)
(0.0532552998815 -0.0023251766077 0.267126140808)
(0.0591445590256 -0.00258230721496 0.267126140808)
(0.0655544192594 -0.00286216775669 0.267126140808)
(0.0725309008868 -0.00316676752272 0.267126140808)
(0.00381299302171 0.000166478870632 0.267126140808)
(0.00533163131092 0.000232784050275 0.267126140808)
(0.00698451479618 0.000304950501759 0.267126140808)
(0.00878351053812 0.000383496352141 0.267126140808)
(0.0107415346266 0.000468985530081 0.267126140808)
(0.012872644913 0.00056203181463 0.267126140808)
(0.0151921419406 0.000663303241927 0.267126140808)
(0.0177166787959 0.000773526901437 0.267126140808)
(0.0204643806718 0.000893494156171 0.267126140808)
(0.0234549749992 0.00102406632436 0.267126140808)
(0.0267099330824 0.0011661808634 0.267126140808)
(0.0302526242546 0.00132085810041 0.267126140808)
(0.0341084836607 0.00148920855781 0.267126140808)
(0.0383051948718 0.0016724409264 0.267126140808)
(0.0428728886422 0.00187187074333 0.267126140808)
(0.0478443592369 0.00208892983714 0.267126140808)
(0.0532552998815 0.0023251766077 0.267126140808)
(0.0591445590256 0.00258230721496 0.267126140808)
(0.0655544192594 0.00286216775669 0.267126140808)
(0.0725309008868 0.00316676752272 0.267126140808)
(0.00381299302171 -0.000166478870632 0.279874729972)
(0.00533163131092 -0.000232784050275 0.279874729972)
(0.00698451479618 -0.000304950501759 0.279874729972)
(0.00878351053812 -0.000383496352141 0.279874729972)
(0.0107415346266 -0.000468985530081 0.279874729972)
(0.012872644913 -0.00056203181463 0.279874729972)
(0.0151921419406 -0.000663303241927 0.279874729972)
(0.0177166787959 -0.000773526901437 0.279874729972)
(0.0204643806718 -0.000893494156171 0.279874729972)
(0.0234549749992 -0.00102406632436 0.279874729972)
(0.0267099330824 -0.0011661808634 0.279874729972)
(0.0302526242546 -0.00132085810041 0.279874729972)
(0.0341084836607 -0.00148920855781 0.279874729972)
(0.0383051948718 -0.0016724409264 0.279874729972)
(0.0428728886422 -0.00187187074333 0.279874729972)
(0.0478443592369 -0.00208892983714 0.279874729972)
(0.0532552998815 -0.0023251766077 0.279874729972)
(0.0591445590256 -0.00258230721496 0.279874729972)
(0.0655544192594 -0.00286216775669 0.279874729972)
(0.0725309008868 -0.00316676752272 0.279874729972)
(0.00381299302171 0.000166478870632 0.279874729972)
(0.00533163131092 0.000232784050275 0.279874729972)
(0.00698451479618 0.000304950501759 0.279874729972)
(0.00878351053812 0.000383496352141 0.279874729972)
(0.0107415346266 0.000468985530081 0.279874729972)
(0.012872644913 0.00056203181463 0.279874729972)
(0.0151921419406 0.000663303241927 0.279874729972)
(0.0177166787959 0.000773526901437 0.279874729972)
(0.0204643806718 0.000893494156171 0.279874729972)
(0.0234549749992 0.00102406632436 0.279874729972)
(0.0267099330824 0.0011661808634 0.279874729972)
(0.0302526242546 0.00132085810041 0.279874729972)
(0.0341084836607 0.00148920855781 0.279874729972)
(0.0383051948718 0.0016724409264 0.279874729972)
(0.0428728886422 0.00187187074333 0.279874729972)
(0.0478443592369 0.00208892983714 0.279874729972)
(0.0532552998815 0.0023251766077 0.279874729972)
(0.0591445590256 0.00258230721496 0.279874729972)
(0.0655544192594 0.00286216775669 0.279874729972)
(0.0725309008868 0.00316676752272 0.279874729972)
(0.00381299302171 -0.000166478870632 0.293130692822)
(0.00533163131092 -0.000232784050275 0.293130692822)
(0.00698451479618 -0.000304950501759 0.293130692822)
(0.00878351053812 -0.000383496352141 0.293130692822)
(0.0107415346266 -0.000468985530081 0.293130692822)
(0.012872644913 -0.00056203181463 0.293130692822)
(0.0151921419406 -0.000663303241927 0.293130692822)
(0.0177166787959 -0.000773526901437 0.293130692822)
(0.0204643806718 -0.000893494156171 0.293130692822)
(0.0234549749992 -0.00102406632436 0.293130692822)
(0.0267099330824 -0.0011661808634 0.293130692822)
(0.0302526242546 -0.00132085810041 0.293130692822)
(0.0341084836607 -0.00148920855781 0.293130692822)
(0.0383051948718 -0.0016724409264 0.293130692822)
(0.0428728886422 -0.00187187074333 0.293130692822)
(0.0478443592369 -0.00208892983714 0.293130692822)
(0.0532552998815 -0.0023251766077 0.293130692822)
(0.0591445590256 -0.00258230721496 0.293130692822)
(0.0655544192594 -0.00286216775669 0.293130692822)
(0.0725309008868 -0.00316676752272 0.293130692822)
(0.00381299302171 0.000166478870632 0.293130692822)
(0.00533163131092 0.000232784050275 0.293130692822)
(0.00698451479618 0.000304950501759 0.293130692822)
(0.00878351053812 0.000383496352141 0.293130692822)
(0.0107415346266 0.000468985530081 0.293130692822)
(0.012872644913 0.00056203181463 0.293130692822)
(0.0151921419406 0.000663303241927 0.293130692822)
(0.0177166787959 0.000773526901437 0.293130692822)
(0.0204643806718 0.000893494156171 0.293130692822)
(0.0234549749992 0.00102406632436 0.293130692822)
(0.0267099330824 0.0011661808634 0.293130692822)
(0.0302526242546 0.00132085810041 0.293130692822)
(0.0341084836607 0.00148920855781 0.293130692822)
(0.0383051948718 0.0016724409264 0.293130692822)
(0.0428728886422 0.00187187074333 0.293130692822)
(0.0478443592369 0.00208892983714 0.293130692822)
(0.0532552998815 0.0023251766077 0.293130692822)
(0.0591445590256 0.00258230721496 0.293130692822)
(0.0655544192594 0.00286216775669 0.293130692822)
(0.0725309008868 0.00316676752272 0.293130692822)
(0.00381299302171 -0.000166478870632 0.30691422203)
(0.00533163131092 -0.000232784050275 0.30691422203)
(0.00698451479618 -0.000304950501759 0.30691422203)
(0.00878351053812 -0.000383496352141 0.30691422203)
(0.0107415346266 -0.000468985530081 0.30691422203)
(0.012872644913 -0.00056203181463 0.30691422203)
(0.0151921419406 -0.000663303241927 0.30691422203)
(0.0177166787959 -0.000773526901437 0.30691422203)
(0.0204643806718 -0.000893494156171 0.30691422203)
(0.0234549749992 -0.00102406632436 0.30691422203)
(0.0267099330824 -0.0011661808634 0.30691422203)
(0.0302526242546 -0.00132085810041 0.30691422203)
(0.0341084836607 -0.00148920855781 0.30691422203)
(0.0383051948718 -0.0016724409264 0.30691422203)
(0.0428728886422 -0.00187187074333 0.30691422203)
(0.0478443592369 -0.00208892983714 0.30691422203)
(0.0532552998815 -0.0023251766077 0.30691422203)
(0.0591445590256 -0.00258230721496 0.30691422203)
(0.0655544192594 -0.00286216775669 0.30691422203)
(0.0725309008868 -0.00316676752272 0.30691422203)
(0.00381299302171 0.000166478870632 0.30691422203)
(0.00533163131092 0.000232784050275 0.30691422203)
(0.00698451479618 0.000304950501759 0.30691422203)
(0.00878351053812 0.000383496352141 0.30691422203)
(0.0107415346266 0.000468985530081 0.30691422203)
(0.012872644913 0.00056203181463 0.30691422203)
(0.0151921419406 0.000663303241927 0.30691422203)
(0.0177166787959 0.000773526901437 0.30691422203)
(0.0204643806718 0.000893494156171 0.30691422203)
(0.0234549749992 0.00102406632436 0.30691422203)
(0.0267099330824 0.0011661808634 0.30691422203)
(0.0302526242546 0.00132085810041 0.30691422203)
(0.0341084836607 0.00148920855781 0.30691422203)
(0.0383051948718 0.0016724409264 0.30691422203)
(0.0428728886422 0.00187187074333 0.30691422203)
(0.0478443592369 0.00208892983714 0.30691422203)
(0.0532552998815 0.0023251766077 0.30691422203)
(0.0591445590256 0.00258230721496 0.30691422203)
(0.0655544192594 0.00286216775669 0.30691422203)
(0.0725309008868 0.00316676752272 0.30691422203)
(0.00381299302171 -0.000166478870632 0.3212463139)
(0.00533163131092 -0.000232784050275 0.3212463139)
(0.00698451479618 -0.000304950501759 0.3212463139)
(0.00878351053812 -0.000383496352141 0.3212463139)
(0.0107415346266 -0.000468985530081 0.3212463139)
(0.012872644913 -0.00056203181463 0.3212463139)
(0.0151921419406 -0.000663303241927 0.3212463139)
(0.0177166787959 -0.000773526901437 0.3212463139)
(0.0204643806718 -0.000893494156171 0.3212463139)
(0.0234549749992 -0.00102406632436 0.3212463139)
(0.0267099330824 -0.0011661808634 0.3212463139)
(0.0302526242546 -0.00132085810041 0.3212463139)
(0.0341084836607 -0.00148920855781 0.3212463139)
(0.0383051948718 -0.0016724409264 0.3212463139)
(0.0428728886422 -0.00187187074333 0.3212463139)
(0.0478443592369 -0.00208892983714 0.3212463139)
(0.0532552998815 -0.0023251766077 0.3212463139)
(0.0591445590256 -0.00258230721496 0.3212463139)
(0.0655544192594 -0.00286216775669 0.3212463139)
(0.0725309008868 -0.00316676752272 0.3212463139)
(0.00381299302171 0.000166478870632 0.3212463139)
(0.00533163131092 0.000232784050275 0.3212463139)
(0.00698451479618 0.000304950501759 0.3212463139)
(0.00878351053812 0.000383496352141 0.3212463139)
(0.0107415346266 0.000468985530081 0.3212463139)
(0.012872644913 0.00056203181463 0.3212463139)
(0.0151921419406 0.000663303241927 0.3212463139)
(0.0177166787959 0.000773526901437 0.3212463139)
(0.0204643806718 0.000893494156171 0.3212463139)
(0.0234549749992 0.00102406632436 0.3212463139)
(0.0267099330824 0.0011661808634 0.3212463139)
(0.0302526242546 0.00132085810041 0.3212463139)
(0.0341084836607 0.00148920855781 0.3212463139)
(0.0383051948718 0.0016724409264 0.3212463139)
(0.0428728886422 0.00187187074333 0.3212463139)
(0.0478443592369 0.00208892983714 0.3212463139)
(0.0532552998815 0.0023251766077 0.3212463139)
(0.0591445590256 0.00258230721496 0.3212463139)
(0.0655544192594 0.00286216775669 0.3212463139)
(0.0725309008868 0.00316676752272 0.3212463139)
(0.00381299302171 -0.000166478870632 0.336148800361)
(0.00533163131092 -0.000232784050275 0.336148800361)
(0.00698451479618 -0.000304950501759 0.336148800361)
(0.00878351053812 -0.000383496352141 0.336148800361)
(0.0107415346266 -0.000468985530081 0.336148800361)
(0.012872644913 -0.00056203181463 0.336148800361)
(0.0151921419406 -0.000663303241927 0.336148800361)
(0.0177166787959 -0.000773526901437 0.336148800361)
(0.0204643806718 -0.000893494156171 0.336148800361)
(0.0234549749992 -0.00102406632436 0.336148800361)
(0.0267099330824 -0.0011661808634 0.336148800361)
(0.0302526242546 -0.00132085810041 0.336148800361)
(0.0341084836607 -0.00148920855781 0.336148800361)
(0.0383051948718 -0.0016724409264 0.336148800361)
(0.0428728886422 -0.00187187074333 0.336148800361)
(0.0478443592369 -0.00208892983714 0.336148800361)
(0.0532552998815 -0.0023251766077 0.336148800361)
(0.0591445590256 -0.00258230721496 0.336148800361)
(0.0655544192594 -0.00286216775669 0.336148800361)
(0.0725309008868 -0.00316676752272 0.336148800361)
(0.00381299302171 0.000166478870632 0.336148800361)
(0.00533163131092 0.000232784050275 0.336148800361)
(0.00698451479618 0.000304950501759 0.336148800361)
(0.00878351053812 0.000383496352141 0.336148800361)
(0.0107415346266 0.000468985530081 0.336148800361)
(0.012872644913 0.00056203181463 0.336148800361)
(0.0151921419406 0.000663303241927 0.336148800361)
(0.0177166787959 0.000773526901437 0.336148800361)
(0.0204643806718 0.000893494156171 0.336148800361)
(0.0234549749992 0.00102406632436 0.336148800361)
(0.0267099330824 0.0011661808634 0.336148800361)
(0.0302526242546 0.00132085810041 0.336148800361)
(0.0341084836607 0.00148920855781 0.336148800361)
(0.0383051948718 0.0016724409264 0.336148800361)
(0.0428728886422 0.00187187074333 0.336148800361)
(0.0478443592369 0.00208892983714 0.336148800361)
(0.0532552998815 0.0023251766077 0.336148800361)
(0.0591445590256 0.00258230721496 0.336148800361)
(0.0655544192594 0.00286216775669 0.336148800361)
(0.0725309008868 0.00316676752272 0.336148800361)
(0.00381299302171 -0.000166478870632 0.351644382214)
(0.00533163131092 -0.000232784050275 0.351644382214)
(0.00698451479618 -0.000304950501759 0.351644382214)
(0.00878351053812 -0.000383496352141 0.351644382214)
(0.0107415346266 -0.000468985530081 0.351644382214)
(0.012872644913 -0.00056203181463 0.351644382214)
(0.0151921419406 -0.000663303241927 0.351644382214)
(0.0177166787959 -0.000773526901437 0.351644382214)
(0.0204643806718 -0.000893494156171 0.351644382214)
(0.0234549749992 -0.00102406632436 0.351644382214)
(0.0267099330824 -0.0011661808634 0.351644382214)
(0.0302526242546 -0.00132085810041 0.351644382214)
(0.0341084836607 -0.00148920855781 0.351644382214)
(0.0383051948718 -0.0016724409264 0.351644382214)
(0.0428728886422 -0.00187187074333 0.351644382214)
(0.0478443592369 -0.00208892983714 0.351644382214)
(0.0532552998815 -0.0023251766077 0.351644382214)
(0.0591445590256 -0.00258230721496 0.351644382214)
(0.0655544192594 -0.00286216775669 0.351644382214)
(0.0725309008868 -0.00316676752272 0.351644382214)
(0.00381299302171 0.000166478870632 0.351644382214)
(0.00533163131092 0.000232784050275 0.351644382214)
(0.00698451479618 0.000304950501759 0.351644382214)
(0.00878351053812 0.000383496352141 0.351644382214)
(0.0107415346266 0.000468985530081 0.351644382214)
(0.012872644913 0.00056203181463 0.351644382214)
(0.0151921419406 0.000663303241927 0.351644382214)
(0.0177166787959 0.000773526901437 0.351644382214)
(0.0204643806718 0.000893494156171 0.351644382214)
(0.0234549749992 0.00102406632436 0.351644382214)
(0.0267099330824 0.0011661808634 0.351644382214)
(0.0302526242546 0.00132085810041 0.351644382214)
(0.0341084836607 0.00148920855781 0.351644382214)
(0.0383051948718 0.0016724409264 0.351644382214)
(0.0428728886422 0.00187187074333 0.351644382214)
(0.0478443592369 0.00208892983714 0.351644382214)
(0.0532552998815 0.0023251766077 0.351644382214)
(0.0591445590256 0.00258230721496 0.351644382214)
(0.0655544192594 0.00286216775669 0.351644382214)
(0.0725309008868 0.00316676752272 0.351644382214)
(0.00381299302171 -0.000166478870632 0.367756663719)
(0.00533163131092 -0.000232784050275 0.367756663719)
(0.00698451479618 -0.000304950501759 0.367756663719)
(0.00878351053812 -0.000383496352141 0.367756663719)
(0.0107415346266 -0.000468985530081 0.367756663719)
(0.012872644913 -0.00056203181463 0.367756663719)
(0.0151921419406 -0.000663303241927 0.367756663719)
(0.0177166787959 -0.000773526901437 0.367756663719)
(0.0204643806718 -0.000893494156171 0.367756663719)
(0.0234549749992 -0.00102406632436 0.367756663719)
(0.0267099330824 -0.0011661808634 0.367756663719)
(0.0302526242546 -0.00132085810041 0.367756663719)
(0.0341084836607 -0.00148920855781 0.367756663719)
(0.0383051948718 -0.0016724409264 0.367756663719)
(0.0428728886422 -0.00187187074333 0.367756663719)
(0.0478443592369 -0.00208892983714 0.367756663719)
(0.0532552998815 -0.0023251766077 0.367756663719)
(0.0591445590256 -0.00258230721496 0.367756663719)
(0.0655544192594 -0.00286216775669 0.367756663719)
(0.0725309008868 -0.00316676752272 0.367756663719)
(0.00381299302171 0.000166478870632 0.367756663719)
(0.00533163131092 0.000232784050275 0.367756663719)
(0.00698451479618 0.000304950501759 0.367756663719)
(0.00878351053812 0.000383496352141 0.367756663719)
(0.0107415346266 0.000468985530081 0.367756663719)
(0.012872644913 0.00056203181463 0.367756663719)
(0.0151921419406 0.000663303241927 0.367756663719)
(0.0177166787959 0.000773526901437 0.367756663719)
(0.0204643806718 0.000893494156171 0.367756663719)
(0.0234549749992 0.00102406632436 0.367756663719)
(0.0267099330824 0.0011661808634 0.367756663719)
(0.0302526242546 0.00132085810041 0.367756663719)
(0.0341084836607 0.00148920855781 0.367756663719)
(0.0383051948718 0.0016724409264 0.367756663719)
(0.0428728886422 0.00187187074333 0.367756663719)
(0.0478443592369 0.00208892983714 0.367756663719)
(0.0532552998815 0.0023251766077 0.367756663719)
(0.0591445590256 0.00258230721496 0.367756663719)
(0.0655544192594 0.00286216775669 0.367756663719)
(0.0725309008868 0.00316676752272 0.367756663719)
(0.00381299302171 -0.000166478870632 0.384510188545)
(0.00533163131092 -0.000232784050275 0.384510188545)
(0.00698451479618 -0.000304950501759 0.384510188545)
(0.00878351053812 -0.000383496352141 0.384510188545)
(0.0107415346266 -0.000468985530081 0.384510188545)
(0.012872644913 -0.00056203181463 0.384510188545)
(0.0151921419406 -0.000663303241927 0.384510188545)
(0.0177166787959 -0.000773526901437 0.384510188545)
(0.0204643806718 -0.000893494156171 0.384510188545)
(0.0234549749992 -0.00102406632436 0.384510188545)
(0.0267099330824 -0.0011661808634 0.384510188545)
(0.0302526242546 -0.00132085810041 0.384510188545)
(0.0341084836607 -0.00148920855781 0.384510188545)
(0.0383051948718 -0.0016724409264 0.384510188545)
(0.0428728886422 -0.00187187074333 0.384510188545)
(0.0478443592369 -0.00208892983714 0.384510188545)
(0.0532552998815 -0.0023251766077 0.384510188545)
(0.0591445590256 -0.00258230721496 0.384510188545)
(0.0655544192594 -0.00286216775669 0.384510188545)
(0.0725309008868 -0.00316676752272 0.384510188545)
(0.00381299302171 0.000166478870632 0.384510188545)
(0.00533163131092 0.000232784050275 0.384510188545)
(0.00698451479618 0.000304950501759 0.384510188545)
(0.00878351053812 0.000383496352141 0.384510188545)
(0.0107415346266 0.000468985530081 0.384510188545)
(0.012872644913 0.00056203181463 0.384510188545)
(0.0151921419406 0.000663303241927 0.384510188545)
(0.0177166787959 0.000773526901437 0.384510188545)
(0.0204643806718 0.000893494156171 0.384510188545)
(0.0234549749992 0.00102406632436 0.384510188545)
(0.0267099330824 0.0011661808634 0.384510188545)
(0.0302526242546 0.00132085810041 0.384510188545)
(0.0341084836607 0.00148920855781 0.384510188545)
(0.0383051948718 0.0016724409264 0.384510188545)
(0.0428728886422 0.00187187074333 0.384510188545)
(0.0478443592369 0.00208892983714 0.384510188545)
(0.0532552998815 0.0023251766077 0.384510188545)
(0.0591445590256 0.00258230721496 0.384510188545)
(0.0655544192594 0.00286216775669 0.384510188545)
(0.0725309008868 0.00316676752272 0.384510188545)
(0.00381299302171 -0.000166478870632 0.401930477164)
(0.00533163131092 -0.000232784050275 0.401930477164)
(0.00698451479618 -0.000304950501759 0.401930477164)
(0.00878351053812 -0.000383496352141 0.401930477164)
(0.0107415346266 -0.000468985530081 0.401930477164)
(0.012872644913 -0.00056203181463 0.401930477164)
(0.0151921419406 -0.000663303241927 0.401930477164)
(0.0177166787959 -0.000773526901437 0.401930477164)
(0.0204643806718 -0.000893494156171 0.401930477164)
(0.0234549749992 -0.00102406632436 0.401930477164)
(0.0267099330824 -0.0011661808634 0.401930477164)
(0.0302526242546 -0.00132085810041 0.401930477164)
(0.0341084836607 -0.00148920855781 0.401930477164)
(0.0383051948718 -0.0016724409264 0.401930477164)
(0.0428728886422 -0.00187187074333 0.401930477164)
(0.0478443592369 -0.00208892983714 0.401930477164)
(0.0532552998815 -0.0023251766077 0.401930477164)
(0.0591445590256 -0.00258230721496 0.401930477164)
(0.0655544192594 -0.00286216775669 0.401930477164)
(0.0725309008868 -0.00316676752272 0.401930477164)
(0.00381299302171 0.000166478870632 0.401930477164)
(0.00533163131092 0.000232784050275 0.401930477164)
(0.00698451479618 0.000304950501759 0.401930477164)
(0.00878351053812 0.000383496352141 0.401930477164)
(0.0107415346266 0.000468985530081 0.401930477164)
(0.012872644913 0.00056203181463 0.401930477164)
(0.0151921419406 0.000663303241927 0.401930477164)
(0.0177166787959 0.000773526901437 0.401930477164)
(0.0204643806718 0.000893494156171 0.401930477164)
(0.0234549749992 0.00102406632436 0.401930477164)
(0.0267099330824 0.0011661808634 0.401930477164)
(0.0302526242546 0.00132085810041 0.401930477164)
(0.0341084836607 0.00148920855781 0.401930477164)
(0.0383051948718 0.0016724409264 0.401930477164)
(0.0428728886422 0.00187187074333 0.401930477164)
(0.0478443592369 0.00208892983714 0.401930477164)
(0.0532552998815 0.0023251766077 0.401930477164)
(0.0591445590256 0.00258230721496 0.401930477164)
(0.0655544192594 0.00286216775669 0.401930477164)
(0.0725309008868 0.00316676752272 0.401930477164)
(0.00381299302171 -0.000166478870632 0.420044065719)
(0.00533163131092 -0.000232784050275 0.420044065719)
(0.00698451479618 -0.000304950501759 0.420044065719)
(0.00878351053812 -0.000383496352141 0.420044065719)
(0.0107415346266 -0.000468985530081 0.420044065719)
(0.012872644913 -0.00056203181463 0.420044065719)
(0.0151921419406 -0.000663303241927 0.420044065719)
(0.0177166787959 -0.000773526901437 0.420044065719)
(0.0204643806718 -0.000893494156171 0.420044065719)
(0.0234549749992 -0.00102406632436 0.420044065719)
(0.0267099330824 -0.0011661808634 0.420044065719)
(0.0302526242546 -0.00132085810041 0.420044065719)
(0.0341084836607 -0.00148920855781 0.420044065719)
(0.0383051948718 -0.0016724409264 0.420044065719)
(0.0428728886422 -0.00187187074333 0.420044065719)
(0.0478443592369 -0.00208892983714 0.420044065719)
(0.0532552998815 -0.0023251766077 0.420044065719)
(0.0591445590256 -0.00258230721496 0.420044065719)
(0.0655544192594 -0.00286216775669 0.420044065719)
(0.0725309008868 -0.00316676752272 0.420044065719)
(0.00381299302171 0.000166478870632 0.420044065719)
(0.00533163131092 0.000232784050275 0.420044065719)
(0.00698451479618 0.000304950501759 0.420044065719)
(0.00878351053812 0.000383496352141 0.420044065719)
(0.0107415346266 0.000468985530081 0.420044065719)
(0.012872644913 0.00056203181463 0.420044065719)
(0.0151921419406 0.000663303241927 0.420044065719)
(0.0177166787959 0.000773526901437 0.420044065719)
(0.0204643806718 0.000893494156171 0.420044065719)
(0.0234549749992 0.00102406632436 0.420044065719)
(0.0267099330824 0.0011661808634 0.420044065719)
(0.0302526242546 0.00132085810041 0.420044065719)
(0.0341084836607 0.00148920855781 0.420044065719)
(0.0383051948718 0.0016724409264 0.420044065719)
(0.0428728886422 0.00187187074333 0.420044065719)
(0.0478443592369 0.00208892983714 0.420044065719)
(0.0532552998815 0.0023251766077 0.420044065719)
(0.0591445590256 0.00258230721496 0.420044065719)
(0.0655544192594 0.00286216775669 0.420044065719)
(0.0725309008868 0.00316676752272 0.420044065719)
(0.00381299302171 -0.000166478870632 0.438878546452)
(0.00533163131092 -0.000232784050275 0.438878546452)
(0.00698451479618 -0.000304950501759 0.438878546452)
(0.00878351053812 -0.000383496352141 0.438878546452)
(0.0107415346266 -0.000468985530081 0.438878546452)
(0.012872644913 -0.00056203181463 0.438878546452)
(0.0151921419406 -0.000663303241927 0.438878546452)
(0.0177166787959 -0.000773526901437 0.438878546452)
(0.0204643806718 -0.000893494156171 0.438878546452)
(0.0234549749992 -0.00102406632436 0.438878546452)
(0.0267099330824 -0.0011661808634 0.438878546452)
(0.0302526242546 -0.00132085810041 0.438878546452)
(0.0341084836607 -0.00148920855781 0.438878546452)
(0.0383051948718 -0.0016724409264 0.438878546452)
(0.0428728886422 -0.00187187074333 0.438878546452)
(0.0478443592369 -0.00208892983714 0.438878546452)
(0.0532552998815 -0.0023251766077 0.438878546452)
(0.0591445590256 -0.00258230721496 0.438878546452)
(0.0655544192594 -0.00286216775669 0.438878546452)
(0.0725309008868 -0.00316676752272 0.438878546452)
(0.00381299302171 0.000166478870632 0.438878546452)
(0.00533163131092 0.000232784050275 0.438878546452)
(0.00698451479618 0.000304950501759 0.438878546452)
(0.00878351053812 0.000383496352141 0.438878546452)
(0.0107415346266 0.000468985530081 0.438878546452)
(0.012872644913 0.00056203181463 0.438878546452)
(0.0151921419406 0.000663303241927 0.438878546452)
(0.0177166787959 0.000773526901437 0.438878546452)
(0.0204643806718 0.000893494156171 0.438878546452)
(0.0234549749992 0.00102406632436 0.438878546452)
(0.0267099330824 0.0011661808634 0.438878546452)
(0.0302526242546 0.00132085810041 0.438878546452)
(0.0341084836607 0.00148920855781 0.438878546452)
(0.0383051948718 0.0016724409264 0.438878546452)
(0.0428728886422 0.00187187074333 0.438878546452)
(0.0478443592369 0.00208892983714 0.438878546452)
(0.0532552998815 0.0023251766077 0.438878546452)
(0.0591445590256 0.00258230721496 0.438878546452)
(0.0655544192594 0.00286216775669 0.438878546452)
(0.0725309008868 0.00316676752272 0.438878546452)
(0.00381299302171 -0.000166478870632 0.458462609731)
(0.00533163131092 -0.000232784050275 0.458462609731)
(0.00698451479618 -0.000304950501759 0.458462609731)
(0.00878351053812 -0.000383496352141 0.458462609731)
(0.0107415346266 -0.000468985530081 0.458462609731)
(0.012872644913 -0.00056203181463 0.458462609731)
(0.0151921419406 -0.000663303241927 0.458462609731)
(0.0177166787959 -0.000773526901437 0.458462609731)
(0.0204643806718 -0.000893494156171 0.458462609731)
(0.0234549749992 -0.00102406632436 0.458462609731)
(0.0267099330824 -0.0011661808634 0.458462609731)
(0.0302526242546 -0.00132085810041 0.458462609731)
(0.0341084836607 -0.00148920855781 0.458462609731)
(0.0383051948718 -0.0016724409264 0.458462609731)
(0.0428728886422 -0.00187187074333 0.458462609731)
(0.0478443592369 -0.00208892983714 0.458462609731)
(0.0532552998815 -0.0023251766077 0.458462609731)
(0.0591445590256 -0.00258230721496 0.458462609731)
(0.0655544192594 -0.00286216775669 0.458462609731)
(0.0725309008868 -0.00316676752272 0.458462609731)
(0.00381299302171 0.000166478870632 0.458462609731)
(0.00533163131092 0.000232784050275 0.458462609731)
(0.00698451479618 0.000304950501759 0.458462609731)
(0.00878351053812 0.000383496352141 0.458462609731)
(0.0107415346266 0.000468985530081 0.458462609731)
(0.012872644913 0.00056203181463 0.458462609731)
(0.0151921419406 0.000663303241927 0.458462609731)
(0.0177166787959 0.000773526901437 0.458462609731)
(0.0204643806718 0.000893494156171 0.458462609731)
(0.0234549749992 0.00102406632436 0.458462609731)
(0.0267099330824 0.0011661808634 0.458462609731)
(0.0302526242546 0.00132085810041 0.458462609731)
(0.0341084836607 0.00148920855781 0.458462609731)
(0.0383051948718 0.0016724409264 0.458462609731)
(0.0428728886422 0.00187187074333 0.458462609731)
(0.0478443592369 0.00208892983714 0.458462609731)
(0.0532552998815 0.0023251766077 0.458462609731)
(0.0591445590256 0.00258230721496 0.458462609731)
(0.0655544192594 0.00286216775669 0.458462609731)
(0.0725309008868 0.00316676752272 0.458462609731)
(0.00381299302171 -0.000166478870632 0.478826087755)
(0.00533163131092 -0.000232784050275 0.478826087755)
(0.00698451479618 -0.000304950501759 0.478826087755)
(0.00878351053812 -0.000383496352141 0.478826087755)
(0.0107415346266 -0.000468985530081 0.478826087755)
(0.012872644913 -0.00056203181463 0.478826087755)
(0.0151921419406 -0.000663303241927 0.478826087755)
(0.0177166787959 -0.000773526901437 0.478826087755)
(0.0204643806718 -0.000893494156171 0.478826087755)
(0.0234549749992 -0.00102406632436 0.478826087755)
(0.0267099330824 -0.0011661808634 0.478826087755)
(0.0302526242546 -0.00132085810041 0.478826087755)
(0.0341084836607 -0.00148920855781 0.478826087755)
(0.0383051948718 -0.0016724409264 0.478826087755)
(0.0428728886422 -0.00187187074333 0.478826087755)
(0.0478443592369 -0.00208892983714 0.478826087755)
(0.0532552998815 -0.0023251766077 0.478826087755)
(0.0591445590256 -0.00258230721496 0.478826087755)
(0.0655544192594 -0.00286216775669 0.478826087755)
(0.0725309008868 -0.00316676752272 0.478826087755)
(0.00381299302171 0.000166478870632 0.478826087755)
(0.00533163131092 0.000232784050275 0.478826087755)
(0.00698451479618 0.000304950501759 0.478826087755)
(0.00878351053812 0.000383496352141 0.478826087755)
(0.0107415346266 0.000468985530081 0.478826087755)
(0.012872644913 0.00056203181463 0.478826087755)
(0.0151921419406 0.000663303241927 0.478826087755)
(0.0177166787959 0.000773526901437 0.478826087755)
(0.0204643806718 0.000893494156171 0.478826087755)
(0.0234549749992 0.00102406632436 0.478826087755)
(0.0267099330824 0.0011661808634 0.478826087755)
(0.0302526242546 0.00132085810041 0.478826087755)
(0.0341084836607 0.00148920855781 0.478826087755)
(0.0383051948718 0.0016724409264 0.478826087755)
(0.0428728886422 0.00187187074333 0.478826087755)
(0.0478443592369 0.00208892983714 0.478826087755)
(0.0532552998815 0.0023251766077 0.478826087755)
(0.0591445590256 0.00258230721496 0.478826087755)
(0.0655544192594 0.00286216775669 0.478826087755)
(0.0725309008868 0.00316676752272 0.478826087755)
(0.00381299302171 -0.000166478870632 0.5)
(0.00533163131092 -0.000232784050275 0.5)
(0.00698451479618 -0.000304950501759 0.5)
(0.00878351053812 -0.000383496352141 0.5)
(0.0107415346266 -0.000468985530081 0.5)
(0.012872644913 -0.00056203181463 0.5)
(0.0151921419406 -0.000663303241927 0.5)
(0.0177166787959 -0.000773526901437 0.5)
(0.0204643806718 -0.000893494156171 0.5)
(0.0234549749992 -0.00102406632436 0.5)
(0.0267099330824 -0.0011661808634 0.5)
(0.0302526242546 -0.00132085810041 0.5)
(0.0341084836607 -0.00148920855781 0.5)
(0.0383051948718 -0.0016724409264 0.5)
(0.0428728886422 -0.00187187074333 0.5)
(0.0478443592369 -0.00208892983714 0.5)
(0.0532552998815 -0.0023251766077 0.5)
(0.0591445590256 -0.00258230721496 0.5)
(0.0655544192594 -0.00286216775669 0.5)
(0.0725309008868 -0.00316676752272 0.5)
(0.00381299302171 0.000166478870632 0.5)
(0.00533163131092 0.000232784050275 0.5)
(0.00698451479618 0.000304950501759 0.5)
(0.00878351053812 0.000383496352141 0.5)
(0.0107415346266 0.000468985530081 0.5)
(0.012872644913 0.00056203181463 0.5)
(0.0151921419406 0.000663303241927 0.5)
(0.0177166787959 0.000773526901437 0.5)
(0.0204643806718 0.000893494156171 0.5)
(0.0234549749992 0.00102406632436 0.5)
(0.0267099330824 0.0011661808634 0.5)
(0.0302526242546 0.00132085810041 0.5)
(0.0341084836607 0.00148920855781 0.5)
(0.0383051948718 0.0016724409264 0.5)
(0.0428728886422 0.00187187074333 0.5)
(0.0478443592369 0.00208892983714 0.5)
(0.0532552998815 0.0023251766077 0.5)
(0.0591445590256 0.00258230721496 0.5)
(0.0655544192594 0.00286216775669 0.5)
(0.0725309008868 0.00316676752272 0.5)
(0.0740294732192 -0.00323219660377 0.105473218896)
(0.0755280455516 -0.00329762568482 0.105473218896)
(0.0740294732192 0.00323219660377 0.105473218896)
(0.0755280455516 0.00329762568482 0.105473218896)
(0.0740294732192 -0.00323219660377 0.111788277425)
(0.0755280455516 -0.00329762568482 0.111788277425)
(0.0740294732192 0.00323219660377 0.111788277425)
(0.0755280455516 0.00329762568482 0.111788277425)
(0.0740294732192 -0.00323219660377 0.118354665296)
(0.0755280455516 -0.00329762568482 0.118354665296)
(0.0740294732192 0.00323219660377 0.118354665296)
(0.0755280455516 0.00329762568482 0.118354665296)
(0.0740294732192 -0.00323219660377 0.125182385019)
(0.0755280455516 -0.00329762568482 0.125182385019)
(0.0740294732192 0.00323219660377 0.125182385019)
(0.0755280455516 0.00329762568482 0.125182385019)
(0.0740294732192 -0.00323219660377 0.132281837189)
(0.0755280455516 -0.00329762568482 0.132281837189)
(0.0740294732192 0.00323219660377 0.132281837189)
(0.0755280455516 0.00329762568482 0.132281837189)
(0.0740294732192 -0.00323219660377 0.139663836327)
(0.0755280455516 -0.00329762568482 0.139663836327)
(0.0740294732192 0.00323219660377 0.139663836327)
(0.0755280455516 0.00329762568482 0.139663836327)
(0.0740294732192 -0.00323219660377 0.147339627357)
(0.0755280455516 -0.00329762568482 0.147339627357)
(0.0740294732192 0.00323219660377 0.147339627357)
(0.0755280455516 0.00329762568482 0.147339627357)
(0.0740294732192 -0.00323219660377 0.15532090273)
(0.0755280455516 -0.00329762568482 0.15532090273)
(0.0740294732192 0.00323219660377 0.15532090273)
(0.0755280455516 0.00329762568482 0.15532090273)
(0.0740294732192 -0.00323219660377 0.16361982024)
(0.0755280455516 -0.00329762568482 0.16361982024)
(0.0740294732192 0.00323219660377 0.16361982024)
(0.0755280455516 0.00329762568482 0.16361982024)
(0.0740294732192 -0.00323219660377 0.172249021542)
(0.0755280455516 -0.00329762568482 0.172249021542)
(0.0740294732192 0.00323219660377 0.172249021542)
(0.0755280455516 0.00329762568482 0.172249021542)
(0.0740294732192 -0.00323219660377 0.181221651409)
(0.0755280455516 -0.00329762568482 0.181221651409)
(0.0740294732192 0.00323219660377 0.181221651409)
(0.0755280455516 0.00329762568482 0.181221651409)
(0.0740294732192 -0.00323219660377 0.190551377754)
(0.0755280455516 -0.00329762568482 0.190551377754)
(0.0740294732192 0.00323219660377 0.190551377754)
(0.0755280455516 0.00329762568482 0.190551377754)
(0.0740294732192 -0.00323219660377 0.200252412453)
(0.0755280455516 -0.00329762568482 0.200252412453)
(0.0740294732192 0.00323219660377 0.200252412453)
(0.0755280455516 0.00329762568482 0.200252412453)
(0.0740294732192 -0.00323219660377 0.21033953299)
(0.0755280455516 -0.00329762568482 0.21033953299)
(0.0740294732192 0.00323219660377 0.21033953299)
(0.0755280455516 0.00329762568482 0.21033953299)
(0.0740294732192 -0.00323219660377 0.220828104971)
(0.0755280455516 -0.00329762568482 0.220828104971)
(0.0740294732192 0.00323219660377 0.220828104971)
(0.0755280455516 0.00329762568482 0.220828104971)
(0.0740294732192 -0.00323219660377 0.23173410553)
(0.0755280455516 -0.00329762568482 0.23173410553)
(0.0740294732192 0.00323219660377 0.23173410553)
(0.0755280455516 0.00329762568482 0.23173410553)
(0.0740294732192 -0.00323219660377 0.243074147663)
(0.0755280455516 -0.00329762568482 0.243074147663)
(0.0740294732192 0.00323219660377 0.243074147663)
(0.0755280455516 0.00329762568482 0.243074147663)
(0.0740294732192 -0.00323219660377 0.254865505538)
(0.0755280455516 -0.00329762568482 0.254865505538)
(0.0740294732192 0.00323219660377 0.254865505538)
(0.0755280455516 0.00329762568482 0.254865505538)
(0.0740294732192 -0.00323219660377 0.267126140808)
(0.0755280455516 -0.00329762568482 0.267126140808)
(0.0740294732192 0.00323219660377 0.267126140808)
(0.0755280455516 0.00329762568482 0.267126140808)
(0.0740294732192 -0.00323219660377 0.279874729972)
(0.0755280455516 -0.00329762568482 0.279874729972)
(0.0740294732192 0.00323219660377 0.279874729972)
(0.0755280455516 0.00329762568482 0.279874729972)
(0.0740294732192 -0.00323219660377 0.293130692822)
(0.0755280455516 -0.00329762568482 0.293130692822)
(0.0740294732192 0.00323219660377 0.293130692822)
(0.0755280455516 0.00329762568482 0.293130692822)
(0.0740294732192 -0.00323219660377 0.30691422203)
(0.0755280455516 -0.00329762568482 0.30691422203)
(0.0740294732192 0.00323219660377 0.30691422203)
(0.0755280455516 0.00329762568482 0.30691422203)
(0.0740294732192 -0.00323219660377 0.3212463139)
(0.0755280455516 -0.00329762568482 0.3212463139)
(0.0740294732192 0.00323219660377 0.3212463139)
(0.0755280455516 0.00329762568482 0.3212463139)
(0.0740294732192 -0.00323219660377 0.336148800361)
(0.0755280455516 -0.00329762568482 0.336148800361)
(0.0740294732192 0.00323219660377 0.336148800361)
(0.0755280455516 0.00329762568482 0.336148800361)
(0.0740294732192 -0.00323219660377 0.351644382214)
(0.0755280455516 -0.00329762568482 0.351644382214)
(0.0740294732192 0.00323219660377 0.351644382214)
(0.0755280455516 0.00329762568482 0.351644382214)
(0.0740294732192 -0.00323219660377 0.367756663719)
(0.0755280455516 -0.00329762568482 0.367756663719)
(0.0740294732192 0.00323219660377 0.367756663719)
(0.0755280455516 0.00329762568482 0.367756663719)
(0.0740294732192 -0.00323219660377 0.384510188545)
(0.0755280455516 -0.00329762568482 0.384510188545)
(0.0740294732192 0.00323219660377 0.384510188545)
(0.0755280455516 0.00329762568482 0.384510188545)
(0.0740294732192 -0.00323219660377 0.401930477164)
(0.0755280455516 -0.00329762568482 0.401930477164)
(0.0740294732192 0.00323219660377 0.401930477164)
(0.0755280455516 0.00329762568482 0.401930477164)
(0.0740294732192 -0.00323219660377 0.420044065719)
(0.0755280455516 -0.00329762568482 0.420044065719)
(0.0740294732192 0.00323219660377 0.420044065719)
(0.0755280455516 0.00329762568482 0.420044065719)
(0.0740294732192 -0.00323219660377 0.438878546452)
(0.0755280455516 -0.00329762568482 0.438878546452)
(0.0740294732192 0.00323219660377 0.438878546452)
(0.0755280455516 0.00329762568482 0.438878546452)
(0.0740294732192 -0.00323219660377 0.458462609731)
(0.0755280455516 -0.00329762568482 0.458462609731)
(0.0740294732192 0.00323219660377 0.458462609731)
(0.0755280455516 0.00329762568482 0.458462609731)
(0.0740294732192 -0.00323219660377 0.478826087755)
(0.0755280455516 -0.00329762568482 0.478826087755)
(0.0740294732192 0.00323219660377 0.478826087755)
(0.0755280455516 0.00329762568482 0.478826087755)
(0.0740294732192 -0.00323219660377 0.5)
(0.0755280455516 -0.00329762568482 0.5)
(0.0740294732192 0.00323219660377 0.5)
(0.0755280455516 0.00329762568482 0.5)
)


// ************************************************************************* //
