/*--------------------------------*- C++ -*----------------------------------*\
  =========                 |
  \\      /  F ield         | OpenFOAM: The Open Source CFD Toolbox
   \\    /   O peration     | Website:  https://openfoam.org
    \\  /    A nd           | Version:  7
     \\/     M anipulation  |
\*---------------------------------------------------------------------------*/
FoamFile
{
    version     2.0;
    format      ascii;
    class       surfaceScalarField;
    location    "0.05";
    object      phi;
}
// * * * * * * * * * * * * * * * * * * * * * * * * * * * * * * * * * * * * * //

dimensions      [1 0 -1 0 0 0 0];

internalField   nonuniform List<scalar> 
1572
(
4.8737817855e-09
4.48183186765e-08
1.89912184445e-08
1.35353581587e-07
2.25326622825e-07
4.24052531281e-08
6.42940920808e-09
3.91927261426e-08
2.43787921908e-08
1.19812709773e-07
1.99961220028e-07
5.37328571129e-08
7.33129371105e-09
3.42114225796e-08
2.84169033525e-08
1.0577748064e-07
1.76815115818e-07
6.33471466731e-08
7.80622651959e-09
3.69677177594e-08
3.2039532212e-08
1.13135159528e-07
1.89222712295e-07
7.25381513357e-08
1.98643874155e-08
5.20498909526e-08
7.95580708004e-08
1.58036727178e-07
2.64292003703e-07
1.79584537865e-07
2.20801391336e-08
7.2403999706e-08
8.91373036054e-08
2.19032381993e-07
3.65894010692e-07
2.0130216654e-07
1.5578711693e-08
8.56567836346e-08
6.4319433218e-08
2.57584309776e-07
4.30192317825e-07
1.45652175197e-07
6.27738619066e-09
9.59546650656e-08
2.62124861764e-08
2.87558632273e-07
4.80520391753e-07
5.90661137434e-08
5.10732017586e-10
1.06052023659e-07
2.36534573914e-09
3.17554701321e-07
5.30595334779e-07
5.39572528337e-09
-2.34276382957e-09
1.16272322392e-07
-8.65575558555e-09
3.47510366439e-07
5.80561606696e-07
-1.91511871247e-08
-2.60029631865e-09
1.25434209837e-07
-1.10984360403e-08
3.7570896422e-07
6.27482407348e-07
-2.51107152289e-08
-3.65846610524e-09
1.35036622354e-07
-1.38549973021e-08
4.03756677992e-07
6.73934388154e-07
-3.04644294564e-08
-2.12980107361e-09
1.42869275637e-07
-9.36682164789e-09
4.28123667765e-07
7.14955617235e-07
-2.17414722144e-08
-2.19643808732e-09
1.50716070365e-07
-9.06580482703e-09
4.5197150695e-07
7.54756844501e-07
-2.04778072965e-08
-1.82780056658e-09
1.58239326894e-07
-7.41744507863e-09
4.74674891824e-07
7.92692269181e-07
-1.67250503757e-08
-1.02340353798e-09
1.65031078951e-07
-4.92972927564e-09
4.95920317411e-07
8.28237733559e-07
-1.14804340577e-08
-1.72446753016e-09
1.72571780152e-07
-5.94249901681e-09
5.17621208157e-07
8.64010439706e-07
-1.24723099033e-08
-1.03506943687e-09
1.79428181995e-07
-3.65850331529e-09
5.37740713311e-07
8.97349788206e-07
-7.7321698622e-09
-6.39795221781e-10
1.85834768163e-07
-2.14575832547e-09
5.56576227317e-07
9.28637887428e-07
-4.44623267523e-09
-5.22629159885e-10
1.92032408054e-07
-1.33078577013e-09
5.74433139192e-07
9.58308045253e-07
-2.4880332703e-09
3.3916586799e-10
1.97245440459e-07
9.46634727197e-10
5.90498047494e-07
9.85201178591e-07
1.93246848647e-09
6.17149300027e-10
2.0205009829e-07
1.88397321324e-09
6.05511847555e-07
1.01039517245e-06
3.8810426901e-09
1.21281000785e-10
2.07193476057e-07
1.04051562497e-09
6.20392027411e-07
1.03525158302e-06
2.56213217821e-09
1.67651461365e-10
2.12072701953e-07
1.03413504783e-09
6.34667503702e-07
1.05904002786e-06
2.48832745537e-09
-2.62175290889e-10
2.17053405172e-07
-5.73946226273e-10
6.49125685935e-07
1.08266733105e-06
-6.38992051192e-10
-3.15864108012e-10
2.21612994877e-07
-1.31179286361e-09
6.62832274832e-07
1.10547012992e-06
-2.96988364591e-09
-4.7182528705e-10
2.25801342172e-07
-2.44313097482e-09
6.75923189329e-07
1.12780729422e-06
-6.3164885313e-09
-8.33111349839e-10
2.29739382135e-07
-4.52381587803e-09
6.88892302475e-07
1.14992102746e-06
-1.12606146596e-08
-2.54632367518e-09
2.34778246094e-07
-9.78465314153e-09
7.03568360926e-07
1.17406707423e-06
-2.16276561391e-08
-2.27055686425e-09
2.39028906755e-07
-9.36817777158e-09
7.16568550463e-07
1.19541843383e-06
-2.09787392032e-08
-6.53019326671e-10
-3.70021123726e-09
-8.60891453085e-09
2.71656265846e-07
6.91299636066e-08
2.40027576896e-07
9.01023615339e-08
2.12107127247e-07
1.05503841477e-07
2.27184111129e-07
1.21651990873e-07
3.17791764261e-07
3.0032102263e-07
4.39403303628e-07
3.3567148376e-07
5.16851739161e-07
2.42185842777e-07
5.77158777257e-07
9.82120032875e-08
6.37237331774e-07
8.96171913211e-09
6.96353480393e-07
-3.08697548361e-08
7.53315092067e-07
-4.25071838415e-08
8.07596310219e-07
-4.8832780287e-08
8.58220620926e-07
-3.78794529731e-08
9.06352969842e-07
-3.44243530932e-08
9.52101886619e-07
-2.79924870921e-08
9.95684493701e-07
-2.01368668609e-08
1.03752469329e-06
-1.90830950247e-08
1.07705101974e-06
-1.2005288261e-08
1.1142347466e-06
-6.71624836757e-09
1.14920388366e-06
-3.12942813178e-09
1.18189117479e-06
2.79303851057e-09
1.2126574679e-06
5.80409752861e-09
1.24189007785e-06
5.00935386869e-09
1.27002848697e-06
4.62236864093e-09
1.29781326789e-06
-2.0727786243e-10
1.32502968793e-06
-4.91620264996e-09
1.35237417631e-06
-1.16563203178e-08
1.380274601e-06
-2.0890905192e-08
1.40827394458e-06
-3.50562733801e-08
1.43323781174e-06
-3.44396602168e-08
-1.46972964432e-08
7.67940155382e-06
1.97352872079e-05
9.42855455802e-06
2.64232656071e-05
1.0668034386e-05
3.65995985663e-05
1.13383013914e-05
5.27943011125e-05
8.5697493832e-06
8.08212338538e-05
4.09465490647e-06
0.000124053711606
0.000182244783761
-1.6163610599e-07
1.60167003734e-07
1.00742666712e-06
3.02207815865e-07
1.56899150565e-06
5.07790700677e-07
2.21085441577e-06
7.99787073946e-07
2.89410563286e-06
1.18788791805e-06
3.58582401773e-06
1.6842693508e-06
4.23666399318e-06
2.32557263527e-06
4.84387589102e-06
2.96260046175e-06
5.484597594e-06
3.32071711177e-06
6.45541785099e-06
3.51970126243e-06
7.71014803458e-06
4.12036025394e-06
9.39088227268e-06
5.65438861278e-06
1.18490532792e-05
8.18641615793e-06
1.51690702041e-05
1.14244472589e-05
2.04866943011e-05
1.40581262912e-05
2.86987147164e-05
1.48028845815e-05
4.04501311723e-05
1.29624719398e-05
5.74728223502e-05
1.01969704416e-05
8.45949449102e-05
8.10221427828e-06
0.000131108928716
0.000197816068248
1.46141333067e-06
2.20125695494e-07
8.94656108237e-07
4.2455964541e-07
1.3906415246e-06
7.18557115396e-07
1.95151404757e-06
1.10138929826e-06
2.55246562517e-06
1.56335983112e-06
3.16609386991e-06
2.04872976149e-06
3.77689597544e-06
2.49018792484e-06
4.43375556408e-06
2.88463156094e-06
5.27094323659e-06
3.61713493561e-06
6.42535673053e-06
4.97019386812e-06
8.05656913731e-06
7.46355435826e-06
9.94066194313e-06
1.06969032484e-05
1.34005932735e-05
1.35994101177e-05
1.87744425289e-05
1.56215066422e-05
2.62729526006e-05
1.66494941692e-05
3.61484687611e-05
1.62887716337e-05
4.91592139011e-05
1.44267322294e-05
6.71771716575e-05
1.09612523049e-05
9.71090758342e-05
7.87253449168e-06
0.000150216982172
0.000217094725297
1.07312236392e-06
2.61633371183e-07
7.92540574438e-07
5.05299087952e-07
1.23810743658e-06
8.49063801319e-07
1.75339643208e-06
1.29507052805e-06
2.33629942918e-06
1.82371315757e-06
3.00563574744e-06
2.42541973907e-06
3.79156316244e-06
3.23470265543e-06
4.75524732858e-06
4.92916537699e-06
5.70485983017e-06
7.37954640334e-06
7.41948700784e-06
1.04525473128e-05
1.01290321342e-05
1.30928351066e-05
1.40512334041e-05
1.51665105169e-05
1.94486450397e-05
1.64065604909e-05
2.66129880336e-05
1.64818361123e-05
3.57881464491e-05
1.52280871869e-05
4.7263698254e-05
1.31415559987e-05
6.18171865193e-05
1.06353586101e-05
8.24928371256e-05
9.38774598601e-06
0.00011647099226
8.80200666101e-06
0.000174841446846
0.000237517126151
1.17364746383e-06
3.09134260613e-07
8.52130977751e-07
6.17624548519e-07
1.35668873508e-06
1.10019132486e-06
1.97798828531e-06
1.87044300661e-06
2.74069723302e-06
3.19531133779e-06
3.61855459467e-06
5.18094486163e-06
4.66261422816e-06
7.75293392521e-06
6.29982810281e-06
1.01628466322e-05
8.61555010332e-06
1.23675072908e-05
1.17079010041e-05
1.43045861361e-05
1.58060831036e-05
1.57075844017e-05
2.11316278335e-05
1.61585409901e-05
2.79648919508e-05
1.54011914326e-05
3.65282306984e-05
1.34421923608e-05
4.71195424381e-05
1.05882220497e-05
6.03203671088e-05
7.83651008677e-06
7.73612209248e-05
6.29797219657e-06
0.000102306815869
7.54834516603e-06
0.000140810076523
7.95987050796e-06
0.00019994606418
0.000253985692298
1.65528994912e-06
7.55806156643e-07
1.19319483906e-06
1.49058214314e-06
1.92086163936e-06
2.56850611502e-06
2.84599526932e-06
4.07865064755e-06
3.99897972841e-06
5.93229356944e-06
5.43976457197e-06
7.7063141801e-06
7.36145619769e-06
9.43725938642e-06
9.85075775764e-06
1.10318402506e-05
1.30393519309e-05
1.23292393598e-05
1.71109307752e-05
1.31350587791e-05
2.22606201779e-05
1.31695018252e-05
2.87125191498e-05
1.22492422842e-05
3.67137802003e-05
1.03112128012e-05
4.65997972825e-05
7.50974209632e-06
5.88707880223e-05
4.39661114042e-06
7.44415018586e-05
1.89520349105e-06
9.51716051926e-05
1.93766003382e-06
0.000124591160019
5.31361434895e-06
0.000165950429572
6.41789599337e-06
0.00022092849507
0.00026546086351
2.06702440798e-06
8.33401042659e-07
1.64252806396e-06
1.6033308428e-06
2.62692701771e-06
2.66739275996e-06
3.85262966287e-06
3.95069056783e-06
5.40455903112e-06
5.25976095999e-06
7.37851665689e-06
6.53379125577e-06
9.87850740571e-06
7.67217765329e-06
1.30278062424e-05
8.55760612102e-06
1.69711666077e-05
9.07075737295e-06
2.18854720687e-05
9.05906685312e-06
2.79797805649e-05
8.36834219475e-06
3.55036524867e-05
6.90958699119e-06
4.47753348804e-05
4.73181587776e-06
5.62446864576e-05
2.08041974235e-06
7.06208518303e-05
-4.36460630247e-07
8.90152409552e-05
-1.82423972248e-06
0.000113318040648
5.41593308561e-08
0.000145812342061
3.91573416345e-06
0.000188443114806
4.58847587401e-06
0.000237262324075
0.000273322645282
1.91812149778e-06
5.94555592489e-07
1.9297511793e-06
1.10129609919e-06
3.10347909455e-06
1.71810470522e-06
4.59336382528e-06
2.39759898402e-06
6.47203773454e-06
3.08239522548e-06
8.83918515248e-06
3.71155031234e-06
1.18090603811e-05
4.21408314848e-06
1.55169543107e-05
4.50590913621e-06
2.01233711975e-05
4.48935824209e-06
2.58225794097e-05
4.05975424211e-06
3.28516725534e-05
3.13112397456e-06
4.15087622781e-05
1.68380294937e-06
5.21885654815e-05
-1.90150796062e-07
6.54469160142e-05
-2.21754857701e-06
8.20794162962e-05
-3.86156727864e-06
0.00010320601478
-4.23315222939e-06
0.000130387620578
-2.01063842532e-06
0.000164637679884
1.86962610591e-06
0.000206040861271
2.50541253278e-06
0.000248962876838
0.000278995398092
1.49977131334e-06
2.39363044239e-07
2.15530898005e-06
4.42384968906e-07
3.47343246588e-06
6.96720989887e-07
5.15281952781e-06
9.74981320959e-07
7.28093635934e-06
1.24011808201e-06
9.96857297565e-06
1.44680391947e-06
1.33424308974e-05
1.54130926279e-06
1.75546738436e-05
1.4634316062e-06
2.27844018221e-05
1.15085432121e-06
2.92491279531e-05
5.46728234621e-07
3.72191603766e-05
-3.78618283763e-07
4.70394345182e-05
-1.59961722583e-06
5.91636729614e-05
-3.0002125747e-06
7.42005880204e-05
-4.31207962175e-06
9.29394111707e-05
-5.10173730642e-06
0.000116380454741
-4.54993977472e-06
0.000145391592878
-2.26305457965e-06
0.000180185614572
7.40162259384e-07
0.000219382398117
1.61734662659e-06
0.000257244606963
0.000284481955089
1.16779003648e-06
2.21352558034e-08
2.3784884097e-06
3.74859350191e-08
3.83393766984e-06
4.84839632771e-08
5.688885006e-06
4.12527819021e-08
8.04248286986e-06
-2.93454578478e-09
1.101710848e-05
-1.09629684943e-07
1.47559168638e-05
-3.08397006071e-07
1.94297635159e-05
-6.30871927669e-07
2.52408797197e-05
-1.1059410635e-06
3.24340251058e-05
-1.75301195283e-06
4.13133688036e-05
-2.56732475617e-06
5.22629086824e-05
-3.5007584569e-06
6.5774070095e-05
-4.42850887841e-06
8.24624063633e-05
-5.12448719938e-06
0.000103053579791
-5.1851198194e-06
0.000128243688916
-4.20974337609e-06
0.00015838501853
-2.18327012063e-06
0.000192885715286
-4.79130524843e-08
0.000229670664711
1.0047002734e-06
0.000263651261963
0.000290299955254
9.15940951836e-07
-7.30629580447e-08
2.59761957549e-06
-1.40400532447e-07
4.18590761594e-06
-2.39528582274e-07
6.20923001653e-06
-3.80084659152e-07
8.77694954242e-06
-5.73504246134e-07
1.20231473514e-05
-8.33544958297e-07
1.61070878865e-05
-1.17330666996e-06
2.12182459523e-05
-1.60294916448e-06
2.75817665948e-05
-2.12465745466e-06
3.54684180949e-05
-2.72667186168e-06
4.52115117525e-05
-3.37385869901e-06
5.72236996022e-05
-3.9948653478e-06
7.20133040512e-05
-4.46301398708e-06
9.01709387755e-05
-4.57848865332e-06
0.000112297891513
-4.1038851876e-06
0.000138808999455
-2.90733569928e-06
0.000169575575103
-1.17024515145e-06
0.000203397150194
1.31121064154e-07
0.000238316792242
9.76077983248e-07
0.000269544960568
0.000296818147546
7.85865350577e-07
-1.06009075255e-07
2.80932737795e-06
-2.05636475473e-07
4.52577769062e-06
-3.47460184387e-07
6.71049380845e-06
-5.39063827918e-07
9.48275196437e-06
-7.87454053866e-07
1.29875634129e-05
-1.0990664582e-06
1.73994731704e-05
-1.47670697463e-06
2.29260162313e-05
-1.91621166143e-06
2.98139391589e-05
-2.40156625496e-06
3.83578606625e-05
-2.89954874829e-06
4.89152890187e-05
-3.35513909688e-06
6.19194595895e-05
-3.68344654837e-06
7.78794642682e-05
-3.76785029575e-06
9.73424325389e-05
-3.47242557724e-06
0.000120775149289
-2.71201976058e-06
0.00014833137053
-1.49084495033e-06
0.000179405609621
-1.68295104108e-07
0.000212523630991
8.4852188553e-07
0.000245766420833
1.35974349545e-06
0.000275551386363
0.000304059426143
7.83212296549e-07
-1.15157168998e-07
3.01046497411e-06
-2.18131928441e-07
4.84824044562e-06
-3.6366601966e-07
7.18640008055e-06
-5.57064512849e-07
1.01524038441e-05
-8.02486149907e-07
1.3902130559e-05
-1.10119151123e-06
1.86237356611e-05
-1.44903168279e-06
2.45418043805e-05
-1.83217875424e-06
3.19227427761e-05
-2.22221029007e-06
4.10822671557e-05
-2.5717156599e-06
5.23978747503e-05
-2.81047073823e-06
6.63145230815e-05
-2.84791541095e-06
8.33343600605e-05
-2.59097849959e-06
0.0001039603198
-1.97240009486e-06
0.000128529778534
-1.00122693252e-06
0.000156932096508
1.56442008031e-07
0.000188205142696
1.2040878675e-06
0.000220655514047
1.88558004634e-06
0.000252652349315
1.9420986694e-06
0.000281893871514
0.000311885215952
8.43798264661e-07
-9.83037152291e-08
3.2004814765e-06
-1.91756336274e-07
5.15308994949e-06
-3.22632244435e-07
7.63624423869e-06
-4.94101661664e-07
1.07849701301e-05
-7.07352631473e-07
1.47650998158e-05
-9.59840385823e-07
1.97773162944e-05
-1.24249215441e-06
2.60616477711e-05
-1.5357099571e-06
3.39024470081e-05
-1.8044620389e-06
4.36339878477e-05
-1.99329839464e-06
5.56489900642e-05
-2.02661087236e-06
7.04000284533e-05
-1.81961415701e-06
8.83812626038e-05
-1.30250114894e-06
0.000110049939795
-4.57827276195e-07
0.000135617043263
6.2860388567e-07
0.000164728547732
1.76078329858e-06
0.00019610796933
2.55084449097e-06
0.000228068546618
2.96466241726e-06
0.000259169314962
2.53657806216e-06
0.000288537966328
0.000320040137923
9.29233901214e-07
-8.54667156881e-08
3.38005531999e-06
-1.63695882322e-07
5.44112730291e-06
-2.71655001695e-07
8.06093436458e-06
-4.1040433543e-07
1.13816358423e-05
-5.78078924759e-07
1.55776703015e-05
-7.68705210492e-07
2.08610738496e-05
-9.68981974565e-07
2.74850827472e-05
-1.15546014481e-06
3.57500794364e-05
-1.28832549622e-06
4.60046719586e-05
-1.30995880653e-06
5.86545884787e-05
-1.14672842484e-06
7.41573819597e-05
-7.23467715646e-07
9.29978326458e-05
1.0103165982e-08
0.000115587408602
1.01658707616e-06
0.000142047399615
2.19572576251e-06
0.000171747317432
3.26242723701e-06
0.000203213174848
3.80035241684e-06
0.000234878505804
3.96669708512e-06
0.000265356747273
3.13695698016e-06
0.000295269583274
0.000328308405028
1.02793103846e-06
-6.88408885532e-08
3.55059189509e-06
-1.30522112075e-07
5.71452323141e-06
-2.13739782708e-07
8.46363148566e-06
-3.17293069775e-07
1.19465321336e-05
-4.36466308454e-07
1.63450755436e-05
-5.62214057945e-07
2.18812338262e-05
-6.78045766019e-07
2.88191474829e-05
-7.57636413657e-07
3.74720392023e-05
-7.60822547597e-07
4.8200426739e-05
-6.34037476278e-07
6.14210863997e-05
-3.0984136675e-07
7.75916307925e-05
2.67894009604e-07
9.7191903222e-05
1.12567745055e-06
0.000120595620755
2.23970441931e-06
0.000147801345024
3.43994455393e-06
0.000177998505174
4.41064536011e-06
0.000209533842184
4.85710364581e-06
0.000240947602991
4.7776886493e-06
0.000271178725299
3.61796012449e-06
0.000301845504725
0.00033641048048
1.1051564787e-06
-5.11836983151e-08
3.71301986948e-06
-9.70702168836e-08
5.9748537772e-06
-1.56387118517e-07
8.84629698447e-06
-2.25955570546e-07
1.24822339191e-05
-2.98172792917e-07
1.70702785396e-05
-3.61294910463e-07
2.28410652338e-05
-3.95603722212e-07
3.0066449966e-05
-3.74027435713e-07
3.90706723124e-05
-2.5801436125e-07
5.0222456461e-05
1.48997707572e-09
6.39451962261e-05
4.4738601938e-07
8.07023792446e-05
1.13992599174e-06
0.000100951089248
2.0874508123e-06
0.000125042154859
3.23867783112e-06
0.000152872970395
4.40030930572e-06
0.000183472533405
5.19538787026e-06
0.000215108461374
5.65346175464e-06
0.000246145639245
5.38976560274e-06
0.000276478342558
3.96398227219e-06
0.000308030261487
0.000344077382168
1.1542976901e-06
-4.10223424803e-08
3.8674934583e-06
-7.20139582515e-08
6.22208805414e-06
-1.09128009443e-07
9.20911982328e-06
-1.47336707778e-07
1.29889865623e-05
-1.76756706791e-07
1.77537130123e-05
-1.83382464135e-07
2.37409263066e-05
-1.46368604067e-07
3.12282969576e-05
-3.84711772143e-08
4.05472843802e-05
1.72239064716e-07
5.2073120563e-05
5.27147261642e-07
6.62310882581e-05
1.07054735715e-06
8.34796977791e-05
1.83114496478e-06
0.000104272445526
2.81061655907e-06
0.000128924768278
3.93408977556e-06
0.000157260075119
4.99277015311e-06
0.000188164148761
5.69427197759e-06
0.000219801401721
6.14529104589e-06
0.000250435809985
5.74095443675e-06
0.000281099415492
4.13508568194e-06
0.000313583390741
0.000351026010024
1.16378476692e-06
-2.58828551367e-08
4.01396749603e-06
-4.37591795398e-08
6.45612843644e-06
-6.1527718725e-08
9.55194088083e-06
-7.2325762216e-08
1.34660959915e-05
-6.49066382573e-08
1.83944155346e-05
-2.37225674494e-08
2.45793696099e-05
7.14410594522e-08
3.23028016443e-05
2.46130878153e-07
4.18997049091e-05
5.31016615846e-07
5.37462060485e-05
9.57297022151e-07
6.8269736432e-05
1.55541754681e-06
8.5923428806e-05
2.33752753556e-06
0.000107157411305
3.29145026958e-06
0.000132253896297
4.32263693942e-06
0.000160975641311
5.17818662144e-06
0.000192116906025
5.97861480461e-06
0.000223369606422
6.37231691457e-06
0.000253803824399
5.8626086711e-06
0.000284898533495
4.1555256465e-06
0.000318293812617
0.000357020297053
1.12975518765e-06
-1.35735016736e-08
4.15210645742e-06
-2.00083359343e-08
6.67635680551e-06
-2.1139522925e-08
9.87387482688e-06
-8.66924277677e-09
1.39122667874e-05
2.89155060625e-08
1.8990786131e-05
1.07596802318e-07
2.53542619989e-05
2.47764597386e-07
3.32860875321e-05
4.7278458484e-07
4.31224172461e-05
8.07341701738e-07
5.52383932009e-05
1.27338858252e-06
7.00608430879e-05
1.88702006474e-06
8.80392284533e-05
2.64759675395e-06
0.000109618317558
3.52687323273e-06
0.00013505127966
4.40177005716e-06
0.000164052425758
5.19591781397e-06
0.000195151761098
6.01858821438e-06
0.000225859271815
6.33132120106e-06
0.000256229211004
5.74944914429e-06
0.000287762348478
3.9954172917e-06
0.000322010277496
0.000361823675293
1.05441490663e-06
-3.86972964695e-09
4.28182008807e-06
-5.23510353565e-10
6.8826273709e-06
1.22622431596e-08
1.01744811026e-05
4.34516832359e-08
1.43268383207e-05
1.04968723056e-07
1.95411641252e-05
2.1267392327e-07
2.6063012211e-05
3.8504364461e-07
3.41757630762e-05
6.41878070987e-07
4.42141363567e-05
1.00132666622e-06
5.65512817821e-05
1.47676379075e-06
7.16116316185e-05
2.07277610992e-06
8.98417846237e-05
2.7793810834e-06
0.000111677957713
3.55097504205e-06
0.000137346807677
4.21031253024e-06
0.000166542046022
5.06439333956e-06
0.000197137011605
5.85306431542e-06
0.000227324496154
6.08046010028e-06
0.000257694144485
5.44018095786e-06
0.000289624684033
3.71410706286e-06
0.00032459285898
0.000365290736415
9.38102605072e-07
7.04667015786e-09
4.40344077352e-06
1.79741196529e-08
7.0756057429e-06
4.15780014226e-08
1.04544005196e-05
8.68300127535e-08
1.47105405768e-05
1.65253576919e-07
2.00465909695e-05
2.91487908626e-07
2.67073317865e-05
4.81181313609e-07
3.49749628808e-05
7.49764436194e-07
4.51811149602e-05
1.10891469521e-06
5.76961722133e-05
1.56396509687e-06
7.29418410627e-05
2.11022432992e-06
9.13619953011e-05
2.7274503023e-06
0.000113381883647
3.32989968865e-06
0.000139216478782
3.93579281379e-06
0.000168288632875
4.76572353773e-06
0.000198169870854
5.46176913856e-06
0.000227851815808
5.57228960713e-06
0.000258235353138
4.86893228937e-06
0.00029047508688
3.19816573948e-06
0.00032599380341
0.000367247301229
7.45014690893e-07
1.3703181883e-08
4.51794950432e-06
3.00883171849e-08
7.2566831451e-06
6.1111720507e-08
1.07155542044e-05
1.15178682649e-07
1.50660929071e-05
2.02960677227e-07
2.05106574887e-05
3.36916727434e-07
2.7292487771e-05
5.29203042122e-07
3.56916360811e-05
7.90805484276e-07
4.60354849134e-05
1.12688326069e-06
5.86922322381e-05
1.53725314272e-06
7.40790650765e-05
2.00970145046e-06
9.26376392117e-05
2.50928554144e-06
0.00011478089587
2.88791589479e-06
0.000140733289442
3.48927182559e-06
0.000169252850639
4.24651203679e-06
0.000198330812937
4.80813492398e-06
0.000227527134301
4.79161615005e-06
0.000257889207749
4.05722070417e-06
0.000290301418105
2.55971652741e-06
0.000326123215856
0.000367637711006
5.24273331386e-07
1.45427858161e-08
4.62675135233e-06
3.36521390022e-08
7.427449739e-06
6.69464062884e-08
1.09611379853e-05
1.22866601565e-07
1.53973937534e-05
2.09049042464e-07
2.0939935341e-05
3.3604388699e-07
2.78275852139e-05
5.10815484327e-07
3.63398989615e-05
7.39970183608e-07
4.67980650549e-05
1.02180583809e-06
5.95701447061e-05
1.35056389463e-06
7.50671278685e-05
1.70395174533e-06
9.37293503474e-05
1.99837597307e-06
0.00011597893617
2.26493781121e-06
0.000141786085919
2.77224715865e-06
0.000169524066475
3.37791689156e-06
0.00019774068517
3.71618059214e-06
0.00022649612518
3.54790787451e-06
0.000256736010053
2.7773959872e-06
0.000289178637521
1.49627897817e-06
0.000325032062989
0.000366319097252
1.3231351744e-07
1.3100542184e-08
4.73100393136e-06
2.98241461107e-08
7.59045981389e-06
5.84005110741e-08
1.11942409046e-05
1.05470008099e-07
1.57096079178e-05
1.75788338008e-07
2.13413941079e-05
2.76162110682e-07
2.83235652283e-05
4.08768924467e-07
3.69352957065e-05
5.74396057985e-07
4.74922970714e-05
7.6617744109e-07
6.036203824e-05
9.71178081466e-07
7.59503167603e-05
1.14632573029e-06
9.4701555656e-05
1.16798585663e-06
0.000117037058485
1.3212505523e-06
0.000142346642731
1.6734203388e-06
0.000169158157705
2.05133680485e-06
0.000196525851108
2.14481777125e-06
0.000224848972039
1.84382435569e-06
0.000254845101542
1.14379623008e-06
0.000287121240934
3.22318690428e-07
0.000322633776385
0.000363316730427
-2.29763512422e-07
3.15537234672e-09
4.83231953539e-06
1.02550920306e-08
7.74903505853e-06
2.42858750262e-08
1.14189964311e-05
4.74797910159e-08
1.60100850935e-05
8.26710553176e-08
2.172468858e-05
1.30138419715e-07
2.87956816836e-05
1.87745513675e-07
3.74993041365e-05
2.48727981787e-07
4.81492294407e-05
3.00006431192e-07
6.11111237275e-05
3.16230354627e-07
7.67887508545e-05
1.91187582726e-07
9.56659024534e-05
1.58734265671e-08
0.00011784697052
-5.7973695349e-08
0.000142467988998
4.69569731243e-08
0.000168270899086
1.03737220788e-07
0.000194866577542
-6.76959205959e-08
0.000222732494073
-5.43453990671e-07
0.000252431720513
-1.17530620598e-06
0.000284327143582
-1.57399498457e-06
0.000319159981982
0.000358427605044
-9.56025467853e-07
-1.19260413184e-08
4.93272613142e-06
-2.18852639063e-08
7.9055992109e-06
-3.49848522566e-08
1.1641011734e-05
-5.19260176455e-08
1.63060676447e-05
-7.5293728243e-08
2.21023659241e-05
-1.10337137892e-07
2.92612568265e-05
-1.6653675271e-07
3.80579624965e-05
-2.57836241501e-07
4.88048057769e-05
-4.06971907361e-07
6.18674309205e-05
-6.68545348418e-07
7.76615577621e-05
-1.10028687699e-06
9.66128785763e-05
-1.51843853826e-06
0.0001184320479
-1.82107828861e-06
0.000142223242319
-2.03430876899e-06
0.000167061027995
-2.33365885081e-06
0.000192976797537
-2.81135034923e-06
0.000220381963775
-3.38454616643e-06
0.000249617559994
-3.77542879072e-06
0.000280841573377
-3.40910140062e-06
0.000314472126337
0.000351722891564
-1.57946506082e-06
-3.27513700943e-08
5.03466996411e-06
-6.61496463754e-08
8.06440572683e-06
-1.15969999209e-07
1.18666613439e-05
-1.86912677511e-07
1.66071161094e-05
-2.87782908172e-07
2.24883566103e-05
-4.29789619712e-07
2.97400187422e-05
-6.30468381526e-07
3.8638897303e-05
-9.11907616865e-07
4.94963505944e-05
-1.30941432602e-06
6.26818973452e-05
-1.89486644063e-06
7.86204580835e-05
-2.5859174101e-06
9.74977295248e-05
-3.25942366389e-06
0.000118827850231
-3.8282454899e-06
0.000141742166173
-4.37100535427e-06
0.00016574665166
-5.01005247546e-06
0.00019108976784
-5.73719207462e-06
0.000218032850753
-6.3784235041e-06
0.000246716698974
-6.56054925801e-06
0.000277053617403
-5.61712191719e-06
0.000309029667122
0.00034309545531
-2.36520872461e-06
-5.82356206407e-08
5.13870441549e-06
-1.18922771769e-07
8.22714123599e-06
-2.09830122712e-07
1.20979642295e-05
-3.40814777168e-07
1.69173869456e-05
-5.25255153436e-07
2.28883062072e-05
-7.81024621419e-07
3.02410819101e-05
-1.13172946927e-06
3.92542697546e-05
-1.60574948526e-06
5.02392567797e-05
-2.24091917809e-06
6.35650686284e-05
-3.04317889515e-06
7.95909942529e-05
-3.93187931735e-06
9.83170130364e-05
-4.77913904871e-06
0.000119087567061
-5.55639234767e-06
0.000141225546049
-6.35366168857e-06
0.000164597038541
-7.22557072857e-06
0.000189491649367
-8.07122453541e-06
0.000215982901187
-8.65966403403e-06
0.000244036359534
-8.5274958375e-06
0.000273233881064
-6.94927319868e-06
0.00030307026824
0.000333025857221
-2.62032505572e-06
-8.55834405667e-08
5.24202338244e-06
-1.67794129511e-07
8.3888439934e-06
-2.91319173349e-07
1.23283678731e-05
-4.69346429835e-07
1.72277693854e-05
-7.18939419585e-07
2.32908003059e-05
-1.06209211384e-06
3.07496234803e-05
-1.52593818217e-06
3.98851527164e-05
-2.13893454742e-06
5.10073367307e-05
-2.91214831809e-06
6.44615755219e-05
-3.78300294001e-06
8.05067852457e-05
-4.67440117233e-06
9.90417074906e-05
-5.48272721174e-06
0.000119294192281
-6.25237631365e-06
0.000140857443716
-7.04823769261e-06
0.000163797017027
-7.86975667494e-06
0.000188359685616
-8.58732093101e-06
0.000214452384263
-9.0046192345e-06
0.000241907083268
-8.70254419913e-06
0.000269929735766
-7.00212313866e-06
0.000297437182758
0.000322839140722
-2.69099560896e-06
-8.62861338629e-08
5.33524087026e-06
-1.70920005129e-07
8.53482199606e-06
-2.98466079405e-07
1.25365463287e-05
-4.82192899868e-07
1.75082584778e-05
-7.38698310123e-07
2.36544345466e-05
-1.08856176704e-06
3.12089388817e-05
-1.55486626045e-06
4.04540094577e-05
-2.15863812997e-06
5.16986787966e-05
-2.89857155695e-06
6.52720871264e-05
-3.66635274734e-06
8.13325609345e-05
-4.24183276419e-06
9.96096334821e-05
-4.66437878728e-06
0.000119469093631
-5.0735826065e-06
0.000140697917093
-5.56165121994e-06
0.000163454143315
-6.1497827317e-06
0.000187917269901
-6.77687372999e-06
0.000213865254583
-7.28506915647e-06
0.000240944752129
-7.31803013087e-06
0.000267960571753
-6.11558872922e-06
0.000293067434945
0.000313578095439
-2.35656808525e-06
-4.01285070753e-08
-8.34892658728e-08
-1.49569592424e-07
-2.47138278557e-07
-3.83025493127e-07
-5.68307313699e-07
-8.07964575938e-07
-1.11321941398e-06
-1.47386758837e-06
-1.85459324625e-06
-2.04935885335e-06
-2.01884855484e-06
-1.90334158438e-06
-1.86998440286e-06
-1.80231191987e-06
-1.76532391097e-06
-1.42196609404e-06
-9.91010705171e-07
-2.10446234293e-08
-1.03453347977e-07
-2.60031562182e-07
3.76642540448e-05
3.42592124861e-05
2.57285919893e-07
3.97330034292e-05
3.55383345702e-05
3.03129056645e-07
4.17021607637e-05
3.7586315342e-05
3.30132113122e-07
4.42257410496e-05
4.02525526731e-05
6.31467913909e-07
4.72360971587e-05
4.34726786694e-05
8.32292762169e-07
5.05026680202e-05
4.6874993982e-05
9.29558960945e-07
5.34492364344e-05
5.02542817093e-05
8.29550905548e-07
5.59999638961e-05
5.34202981913e-05
6.40062128604e-07
5.83640141256e-05
5.63139386616e-05
4.83003033997e-07
6.06197435443e-05
5.89936193294e-05
4.00172335423e-07
6.28092277199e-05
6.15300775373e-05
3.70321838052e-07
6.49856419251e-05
6.39601256163e-05
3.83595426424e-07
6.71448458988e-05
6.63096116467e-05
4.11044971119e-07
6.92701361833e-05
6.85728010965e-05
4.44082925091e-07
7.13438974954e-05
7.07372402058e-05
4.75760140171e-07
7.33212484324e-05
7.27810680003e-05
4.87817368359e-07
7.5167528506e-05
7.46608039453e-05
4.88213085132e-07
7.68267316033e-05
7.6336111651e-05
4.63399029695e-07
7.82550015198e-05
7.77550681773e-05
4.23924074763e-07
7.94048582262e-05
7.88799647601e-05
3.5278565731e-07
8.02531408872e-05
7.9662788175e-05
2.71707421942e-07
8.07292744793e-05
8.00876969947e-05
1.3562544115e-07
8.08703056452e-05
8.01071848782e-05
-6.90278296866e-09
8.05335071435e-05
7.97367339045e-05
-2.65642331648e-07
7.99033450544e-05
7.889850226e-05
-5.31636725459e-07
7.86598623727e-05
7.7638439888e-05
-9.58350610124e-07
7.70904484561e-05
7.58403804618e-05
-1.15990294347e-06
7.48504699715e-05
7.37971939482e-05
-1.26810560489e-06
7.24300887612e-05
7.16658292388e-05
-1.22671627606e-06
6.99336974425e-05
6.96171709528e-05
-6.47024784418e-07
6.73233570369e-05
6.81194780759e-05
-2.70040693875e-07
)
;

boundaryField
{
    inletfuel
    {
        type            calculated;
        value           nonuniform 0();
    }
    inletair
    {
        type            calculated;
        value           nonuniform 0();
    }
    outlet
    {
        type            calculated;
        value           nonuniform List<scalar> 
26
(
2.41317607061e-07
7.24492434999e-07
1.20836445163e-06
1.44880102423e-06
5.39459841967e-06
8.6280727628e-06
1.26674567269e-05
1.76824872738e-05
2.38737090774e-05
3.14778040183e-05
4.07710714462e-05
5.20731941539e-05
6.57113907891e-05
8.18857061766e-05
0.000100196111217
0.000119893168249
0.000140891809046
0.000163580202048
0.000187853682838
0.000213617970517
0.000240030671713
0.000266314354439
0.000289710133986
0.000309466255023
6.67166903568e-05
6.68571896364e-05
)
;
    }
    axis
    {
        type            empty;
        value           nonuniform 0();
    }
    leftside
    {
        type            calculated;
        value           uniform 0;
    }
    burnerwall
    {
        type            calculated;
        value           nonuniform 0();
    }
    front
    {
        type            wedge;
        value           nonuniform List<scalar> 
815
(
3.92700757662e-18
-2.94509755187e-18
-2.65279102867e-17
-3.77684682475e-17
-1.42153299981e-16
-6.85135484641e-17
-2.74598475136e-17
-1.65751778432e-17
6.44808253866e-17
8.36678816896e-18
8.01994858658e-17
-2.85457584771e-17
-4.74257838737e-17
-1.68795166968e-16
-1.26079779412e-16
-2.77445578684e-17
-6.42163876158e-17
-7.6046499592e-17
-6.76775916397e-17
2.08820760895e-16
2.85270877071e-16
1.08269388439e-16
2.20546347554e-17
-9.5879121664e-18
-1.65994457511e-17
-5.03163730867e-16
-1.30607965422e-16
2.38264762816e-16
-6.23704706248e-16
8.01673639712e-17
-6.56996735975e-16
1.16082923152e-17
-9.33865407067e-18
-3.13764949739e-17
-3.15207935381e-17
-1.19632482396e-16
-1.08388647675e-16
-6.73435359111e-17
-4.60198330391e-17
1.71867663964e-16
1.5301367848e-17
-5.7621315651e-17
-1.13592962165e-16
-1.35590266801e-16
-4.5980970455e-16
-3.44875945997e-16
-8.55301345353e-17
-1.91570762442e-16
-2.19783031357e-16
-1.94140177128e-16
5.79441979365e-16
7.41137115339e-16
2.62210210407e-16
4.5121472733e-17
-3.20822770032e-17
-4.7798276694e-17
-2.47668232428e-16
-2.14524839289e-16
-6.37084737107e-16
-4.48141248257e-16
4.54633208126e-16
1.48494121877e-15
2.16953462563e-17
-8.65355841794e-18
-1.86965166018e-17
-5.88101975765e-17
-1.15184838211e-16
-1.2604466365e-16
-9.51058114288e-17
-7.40860314094e-17
3.02565636555e-17
-4.01061974008e-17
-2.23779176329e-16
-2.09565555678e-16
-2.18447269465e-16
-5.45163277826e-16
-4.77221091591e-16
-3.89622484948e-16
-3.90330435229e-16
-3.83281903409e-16
-3.30449727849e-16
3.62523070028e-16
3.30513010152e-16
1.09235420972e-16
-2.45389836386e-17
-7.91925510388e-17
-8.33747321223e-17
-6.85737492314e-17
-2.27327861132e-16
-5.93700893196e-16
-1.02234995482e-16
-4.03039938799e-16
1.16200366564e-15
3.02962493729e-17
6.67969584726e-18
-7.05135038823e-18
-4.81388832188e-17
-1.07887816235e-16
-1.25818730379e-16
-1.0480488546e-16
-8.58981837412e-17
-3.68698611926e-17
-7.95720730727e-17
-2.04375239685e-16
-2.22921003591e-16
-2.40131722981e-16
-4.57810197924e-16
-4.66672087865e-16
-5.2416385213e-16
-4.94803516951e-16
-4.67254980982e-16
-4.0141790164e-16
-4.97077478714e-17
-6.01462840635e-17
-8.83323844948e-17
-1.074614828e-16
-1.15540521561e-16
-1.02355446232e-16
4.03230529798e-17
-2.34293471693e-16
-5.97730673828e-16
-3.87303165711e-16
-2.99333693194e-16
5.06512730107e-16
1.34113657905e-16
8.40000146256e-17
1.01130427931e-17
-9.53270849986e-17
-3.99233557191e-16
-4.46375142818e-16
-3.67029554792e-16
-3.15699852599e-16
-2.51335634393e-16
-3.6804560784e-16
-6.27169467327e-16
-7.21048886367e-16
-7.88164969916e-16
-1.30385385823e-15
-1.39084100437e-15
-2.04771423559e-15
-1.85569077479e-15
-1.74681400823e-15
-1.51417538317e-15
-1.0458886621e-15
-1.43725453817e-15
-9.28056520963e-16
-6.01130267255e-16
-4.78146517776e-16
-3.8822413588e-16
6.6967283498e-16
-1.02250074137e-15
-2.30062123099e-15
-1.79062478588e-15
-7.38950732589e-16
1.5886182647e-15
1.6206722624e-16
9.8798077381e-17
-2.27658254467e-17
-1.79203635336e-16
-3.42890989512e-16
-4.00801240718e-16
-4.00093003213e-16
-4.24010461463e-16
-2.8747059735e-16
-5.38950259654e-16
-9.80701821483e-16
-1.0071221785e-15
-9.97702716365e-16
-1.16802447849e-15
-1.42115908997e-15
-1.69148063473e-15
-1.78520961e-15
-2.31336997968e-15
-2.10773336264e-15
-1.53879315222e-15
-7.9930629157e-16
-9.71407531253e-17
-2.66555904285e-16
-4.84347284984e-16
-5.62152904924e-16
-3.35008079098e-16
-1.45103893218e-15
-1.00884532755e-15
-9.79560480874e-16
1.12236051847e-15
1.01682128737e-15
1.11062807049e-16
1.23912007966e-16
4.28437693597e-17
-1.12689363273e-16
-2.58298494066e-16
-3.42604153827e-16
-4.10987376683e-16
-5.14177777742e-16
-7.99731126235e-16
-9.70303631663e-16
-1.0607044364e-15
-1.04605199131e-15
-1.03368911744e-15
-1.111618975e-15
-1.64116865147e-15
-1.69873643667e-15
-1.74997680069e-15
-1.86806216214e-15
-1.85854980596e-15
-1.12144864729e-15
-1.48131786766e-15
-1.32932737443e-15
-1.15063459968e-15
-1.035631701e-15
-9.0966913662e-16
-5.59153712343e-16
-9.07716278171e-16
-1.06844711926e-15
-1.38057980543e-15
-1.28289592411e-15
-3.32796614156e-15
5.56459298878e-17
4.45826381466e-17
4.47252125443e-17
-1.18919692231e-16
-2.37428172215e-16
-3.07976692556e-16
-3.81113056325e-16
-4.99982426084e-16
-7.053616388e-16
-1.16364272311e-15
-1.17478406124e-15
-1.07609001997e-15
-9.99609170553e-16
-9.74556418891e-16
-1.07624009892e-15
-1.15535850694e-15
-1.5722306876e-15
-1.62766789372e-15
-1.8799343653e-15
-1.2700638452e-15
-1.58161737017e-15
-1.55422195584e-15
-1.38359882009e-15
-1.21589908406e-15
-1.02232956684e-15
1.53476461107e-16
-1.07908161403e-15
-1.39475047309e-15
-2.5462246353e-15
-2.51065339799e-15
-4.01208249905e-15
4.4282700938e-17
2.87379608194e-17
1.38026585513e-17
-9.51030841269e-17
-1.89464504485e-16
-2.40597362543e-16
-2.9947611655e-16
-4.07613147849e-16
-6.06835622584e-16
-7.95821284716e-16
-9.21239717653e-16
-9.20243959816e-16
-8.50675143908e-16
-7.28290873672e-16
-6.73909714058e-16
-6.30277872777e-16
-7.2461576703e-16
-8.3825561159e-16
-9.66030827205e-16
-9.50906800437e-16
-1.03115330478e-15
-1.07323012083e-15
-1.059009653e-15
-1.01672489067e-15
-9.46901321445e-16
-7.54509334472e-16
-8.87350724709e-16
-1.03388201793e-15
-1.27525811794e-15
-1.19241528551e-15
-1.14295299282e-15
2.79255034801e-17
1.07955726854e-17
-1.58830575244e-17
-8.76040555728e-17
-1.50386457249e-16
-1.7506676074e-16
-2.10133950594e-16
-2.94841773056e-16
-6.4566438179e-16
-7.00840680171e-16
-9.25829123281e-16
-8.60396338349e-16
-7.02515544313e-16
-3.22621713482e-16
-2.47501809548e-16
9.07052117833e-18
-1.1147656706e-16
-3.44099364862e-16
-5.32557122723e-16
-6.58281429169e-16
-7.49873017532e-16
-7.89363957949e-16
-7.96709331567e-16
-7.88707533827e-16
-7.86926715041e-16
-9.00909267398e-16
-9.94730297432e-16
-1.05043615937e-15
-1.02346214784e-15
7.19116507899e-17
1.28611681257e-15
2.37563022915e-17
6.61377767582e-18
-1.98745604426e-17
3.26427593906e-17
-8.81384251745e-18
-4.95707084244e-17
-9.05179888344e-17
-1.37533440452e-16
-2.14184010313e-16
-2.7723769076e-16
-3.78104752787e-16
-4.05449832352e-16
-3.83366341268e-16
-3.6433213699e-16
-3.40553885161e-16
-2.90035418614e-16
-3.03953311063e-16
-6.14732979239e-16
-6.98352363264e-16
-7.90317697278e-16
-8.24018148424e-16
-7.22079333382e-16
-6.36067210585e-16
-5.91305349031e-16
-5.94768248319e-16
-1.30151403877e-15
-1.32021499162e-15
-1.25949524994e-15
-1.03834461321e-15
-7.60626435744e-16
-5.36428142245e-16
-4.2060922315e-18
-1.25095470993e-17
-8.92245500856e-17
-1.33404765834e-17
-1.19609070586e-17
-3.78557624685e-17
-5.8993631506e-17
-7.09756088902e-17
-8.02196283017e-17
-9.11984367555e-17
-2.5097854749e-16
-2.10115792011e-16
-1.36586745949e-16
-3.51554890319e-16
-3.56253028134e-16
-3.01290841168e-16
-2.66379169476e-16
-3.0157178471e-16
-4.10166946297e-16
-1.05176656006e-15
-1.09585965036e-15
-3.84495616263e-16
-2.06871396255e-16
-2.07200380316e-16
-1.56071705971e-16
-2.92089073104e-16
-4.37489442344e-16
-1.07727378794e-15
-3.66772665576e-16
-1.53929039735e-16
-1.19207752341e-16
-8.05494469259e-17
-5.63898797886e-17
-8.60499140102e-17
4.32957119767e-17
2.62391581422e-17
-1.71688972989e-17
-4.20219813813e-17
-4.28939439416e-17
-2.09413966847e-17
3.44070294743e-17
2.44363041305e-16
2.88348869894e-16
4.30268033658e-16
1.75069428409e-16
5.82699480518e-17
-2.3217632251e-17
-6.15776682159e-17
-8.59600002557e-17
-1.64503359965e-16
-7.25837933727e-16
-7.22582395652e-16
-4.80284708741e-16
-2.74069793487e-16
-1.02035343154e-16
5.0012474997e-16
8.35724470554e-18
-1.77911122608e-16
-1.95297722928e-16
-1.27407288956e-17
1.70887457818e-16
3.7779698469e-16
-6.2329273589e-17
-5.18097277475e-17
-1.30539549086e-16
-1.28211695368e-16
-1.0359376477e-16
-8.32282719649e-17
-6.40668822991e-17
-4.37047045026e-17
-1.09608890591e-17
6.82073148164e-17
1.5612971131e-16
2.17841797589e-16
2.69102574839e-16
2.8900283757e-16
2.6585589493e-16
-1.16613634863e-16
-1.26468485424e-16
-1.85661724789e-17
3.8977968929e-17
6.5510718244e-17
4.84467670143e-16
5.35111675349e-16
4.8946504751e-16
4.68486750687e-16
5.23742296765e-16
5.13827215679e-16
5.66527742481e-17
2.90883861915e-16
7.57227489811e-16
1.10312652564e-15
2.47463138662e-15
-5.16339918339e-17
5.70177149756e-18
-7.98710442065e-17
-2.53458308369e-17
-1.46858413549e-17
-1.60953585702e-17
-2.20648168259e-17
-2.20478402006e-17
9.13912492082e-19
1.94676565024e-16
3.17190048258e-16
3.68204395484e-16
3.9794741469e-16
4.62659641938e-16
5.20941042807e-16
5.74143536959e-16
6.21922377479e-16
6.69052313408e-16
3.49329706299e-16
3.79020438055e-16
2.10692063188e-16
3.6117713282e-16
5.43030782e-16
6.71721323784e-16
7.65189822127e-16
9.31977151679e-16
1.03876904811e-15
1.85573044853e-15
2.59739518872e-15
2.36459453468e-15
2.1547028661e-15
2.16294366107e-17
2.49467190693e-17
-3.97492948428e-17
-1.29297339779e-16
-2.14394392614e-17
-1.52744455947e-17
-2.50622730698e-17
-3.42602467315e-17
-5.30170857722e-17
4.96541204951e-17
4.12024861616e-16
5.07510297632e-16
5.15698051977e-16
7.67230340814e-16
8.21119605446e-16
1.07872575806e-15
1.13432039282e-15
1.43523388806e-15
1.47208189977e-15
1.72605889988e-15
1.94367846861e-15
1.7855752811e-15
1.52115141812e-15
1.29038465831e-15
1.15169199639e-15
1.69726620132e-15
1.52297640734e-15
1.10486189549e-15
9.07502934794e-16
7.55062113373e-16
5.14652594824e-16
-4.63815378287e-17
-5.36947990027e-17
-9.84252556258e-17
-2.338751201e-16
-2.71907980519e-16
-1.7227255029e-16
-6.73163796338e-17
-1.21711971037e-17
-1.59597425218e-16
1.21799166217e-16
2.95937937481e-16
3.66433398348e-16
3.65192572512e-16
1.05151257197e-16
1.09026662115e-16
2.27966044523e-16
3.77330598169e-16
7.87165991374e-16
9.22572801473e-16
9.42402500246e-16
6.22997806646e-16
5.27502809451e-16
5.04438190903e-16
4.61293213459e-16
4.09503645516e-16
4.06399702499e-16
3.43387032161e-16
-2.62465242694e-16
-1.78932141062e-16
-1.79963725225e-16
-9.07596269372e-16
-2.2332143278e-18
-9.93785303506e-18
-1.39515317602e-17
-9.77412761581e-18
1.11926221559e-17
5.83452380195e-17
9.12419353118e-17
9.93002045272e-17
1.03572587458e-16
1.1500658576e-16
1.64243696142e-16
4.09565238434e-16
4.75255280338e-16
4.70046636767e-16
4.80529940425e-16
5.0952437921e-16
5.53615204883e-16
5.59604996382e-16
5.55689043111e-16
5.43223527011e-16
7.87315443393e-16
5.14137865483e-16
3.33740864327e-16
1.55878042899e-16
2.53822370193e-17
1.23491978561e-17
-2.63219577418e-17
-1.86079525029e-17
-1.78401813006e-16
-3.94947712746e-17
-4.40508456575e-16
-9.7280854358e-16
4.76044746798e-17
1.1333728941e-16
9.80893890392e-17
1.1316746905e-16
2.94306883684e-16
2.72528551027e-16
1.87573998123e-16
1.21864492748e-16
1.05428658071e-16
1.2650391504e-16
1.61960619474e-16
2.05407758938e-16
2.41727628459e-16
2.71232253904e-16
5.1480549745e-16
6.02011103372e-16
7.829449737e-16
5.21072672337e-16
2.92426955896e-16
-4.69328169778e-17
3.41509432322e-16
3.39450672118e-16
1.47782899772e-16
-4.60916567033e-16
-5.95265671118e-16
-1.86467710292e-16
-2.8132175523e-16
-7.53310737797e-17
-2.99528052147e-16
-8.51485117173e-16
-1.44107660988e-15
-2.12537618754e-15
-1.22236375187e-17
5.0193336687e-17
6.32516693647e-17
7.07640139974e-17
7.33247206352e-17
4.57268079689e-17
2.15153483871e-17
2.00754292416e-17
7.343333514e-17
1.5995924153e-16
2.23603833062e-16
2.59516732164e-16
2.67420878822e-16
1.04982106968e-16
1.43062667147e-16
2.2299576407e-16
2.66520984125e-16
1.82576517952e-16
-3.33636057574e-16
-7.96920435193e-16
-6.7798301631e-16
-4.20284687962e-16
-3.07276804679e-16
-4.15700015117e-16
-8.4341688709e-16
-8.45129184345e-16
-1.13676046651e-15
-1.00666928312e-15
-9.10585470599e-16
-1.03228838121e-15
-1.35156231053e-15
-2.16655127903e-15
-3.34385091483e-17
1.11316176322e-17
3.30042836634e-17
1.489427668e-16
1.23037933309e-16
4.67432590461e-17
-1.25069699181e-17
-2.27751281205e-17
1.53870106292e-16
3.5045485973e-16
3.70974141644e-16
3.43071766614e-16
3.27403624382e-16
3.36255260695e-16
4.91412936433e-16
4.65050496402e-16
3.32676249505e-16
1.94680053728e-16
2.91250742069e-17
-1.29296272559e-16
-1.73514010559e-16
1.00092342088e-16
3.53413879389e-18
-2.0365961446e-16
-4.58506674651e-16
-6.7878256844e-16
-1.14941658951e-15
-1.1971202304e-15
-1.15069747041e-15
-1.19281732288e-15
-1.39000275474e-15
-2.05891908859e-15
-7.37948047878e-17
-5.98810632909e-17
-6.30897162023e-17
-8.33555753257e-17
-1.27728869323e-16
-1.50120372142e-16
-1.28138890955e-16
-8.82886405975e-17
-3.41383735136e-17
3.64836631551e-17
7.75914247233e-17
1.07608030897e-16
1.36635281487e-16
1.58160397938e-16
1.61182378527e-16
9.29939795157e-17
-2.42862886858e-16
-2.69806187518e-16
-2.41172929045e-16
-2.5799320718e-16
-3.16302850701e-16
-3.20588335964e-16
-3.71499802027e-16
-4.20208648839e-16
-4.78050011655e-16
-6.39064652095e-16
-9.10547075878e-16
-1.12962412072e-15
-1.22112786819e-15
-1.27881347918e-15
-1.37349139146e-15
-1.5275446908e-15
-1.03275305512e-16
-2.40793114586e-16
-2.78194313194e-16
-3.00023052419e-16
-3.13492064092e-16
-1.7758662101e-16
1.92281262204e-18
4.34775012395e-17
6.16076687155e-17
1.88447986701e-16
6.48671643178e-17
4.99075495718e-17
7.72134316886e-17
1.00704292659e-16
1.00627926997e-16
6.6196852838e-17
-1.59628958838e-17
-9.71411389439e-17
-1.94862290207e-16
-3.38222719926e-16
-6.85106946109e-16
-7.30291927243e-16
-8.8536868052e-16
-7.46560132002e-16
-4.46558808345e-16
-6.22808307213e-16
-9.7647831547e-16
-1.4353826958e-15
-1.48875056098e-15
-1.45848262155e-15
-1.46412182978e-15
-1.48605926439e-15
-2.03284895009e-16
-2.16218896445e-16
-2.34680683336e-16
-3.82495325054e-16
-4.20159404026e-16
-3.92537457205e-16
-3.31695803237e-16
-2.50868804188e-16
-1.56857050458e-16
-5.64893674408e-17
2.45114269304e-17
9.22312562522e-17
1.37700751978e-16
1.62115227978e-16
1.72326467989e-16
1.65795720505e-16
1.42628931774e-16
8.30524682577e-17
-1.89776248101e-18
-1.03686667534e-16
-2.22178891703e-16
-3.27145263959e-16
-4.35794222575e-16
-5.40119446369e-16
-6.76567628172e-16
-9.29233280085e-16
-1.41351557914e-15
-1.58293685265e-15
-1.64136738605e-15
-1.73623222066e-15
-1.83757436351e-15
-1.94119377622e-15
-2.71920257646e-17
-2.44299485803e-17
-1.57168047064e-17
2.86233598446e-17
3.02620724467e-17
1.54157622572e-17
4.34522931444e-18
2.20474469444e-18
9.73250776352e-18
2.52333898298e-17
4.82590227123e-17
8.98652228673e-17
9.10448411715e-17
8.34635853352e-17
8.94124646051e-17
1.02398011988e-16
1.57381790695e-16
1.29128053769e-16
9.7113992071e-17
8.21427363856e-17
1.20946246649e-16
8.63132073851e-17
8.23360766768e-17
9.55212805486e-18
-6.39744189383e-17
-1.24221084152e-16
-1.45723224753e-16
-2.48792794575e-16
-3.59777396253e-16
-5.00534186028e-16
-6.63970908379e-16
-9.61325632648e-16
-1.55948695321e-17
-1.12733957848e-17
4.86347515241e-19
5.23142123885e-17
5.258693348e-17
3.57504454885e-17
2.26704727604e-17
1.8192880629e-17
2.29990525152e-17
3.714570191e-17
5.91811352129e-17
1.02945147321e-16
1.00617921421e-16
9.36387317343e-17
1.0089705385e-16
1.21333280021e-16
1.84782313859e-16
1.57641017396e-16
1.25913927087e-16
1.19967607108e-16
1.70467787444e-16
1.38077176048e-16
1.38679402999e-16
5.69943976501e-17
-2.09098552102e-17
-7.54044603889e-17
-8.19517778896e-17
-1.9711810775e-16
-3.3633637564e-16
-4.92401778787e-16
-6.85029256554e-16
-9.94200652276e-16
)
;
    }
    back
    {
        type            wedge;
        value           nonuniform List<scalar> 
815
(
-3.92028790799e-18
2.95397376225e-18
2.65384654743e-17
3.77796902087e-17
1.42182447229e-16
6.85437343877e-17
2.74791142174e-17
1.65829322604e-17
-6.44806973028e-17
-8.37045949263e-18
-8.02032815622e-17
2.85405332724e-17
4.74220739237e-17
1.68791795634e-16
1.26076927668e-16
2.77426643907e-17
6.42142164213e-17
7.60450019578e-17
6.76767573927e-17
-2.08821207251e-16
-2.85270411168e-16
-1.08268388502e-16
-2.20537720551e-17
9.58881646993e-18
1.65999720133e-17
5.03163362844e-16
1.30608113999e-16
-2.38265753698e-16
6.23701019695e-16
-8.01702179873e-17
6.56995958859e-16
-1.15938700609e-17
9.35750673996e-18
3.13987181117e-17
3.15475612144e-17
1.19690742769e-16
1.08449996616e-16
6.73813819959e-17
4.60339218657e-17
-1.7186631523e-16
-1.53102487492e-17
5.76109703393e-17
1.13581372666e-16
1.35581530187e-16
4.59802506651e-16
3.44869401316e-16
8.55261349746e-17
1.91565997623e-16
2.19779474961e-16
1.94138124054e-16
-5.79443178043e-16
-7.41136138242e-16
-2.62208257853e-16
-4.51195201497e-17
3.20843836115e-17
4.77998298653e-17
2.47669484051e-16
2.14525383241e-16
6.37082077531e-16
4.48136494791e-16
-4.54640304684e-16
-1.48494384624e-15
-2.16493873465e-17
8.71465713921e-18
1.87677942813e-17
5.8893061167e-17
1.15371545538e-16
1.26244730114e-16
9.52306390107e-17
7.41317503109e-17
-3.02612528339e-17
4.00779528877e-17
2.23750115751e-16
2.09528471583e-16
2.18418194877e-16
5.45139763244e-16
4.77199536266e-16
3.89606751182e-16
3.90315025722e-16
3.83270651671e-16
3.30443147921e-16
-3.62525791751e-16
-3.30510750198e-16
-1.09230106732e-16
2.45448924249e-17
7.9199080189e-17
8.33797608624e-17
6.85772583039e-17
2.27328641692e-16
5.93697429353e-16
1.02209571654e-16
4.03017098462e-16
-1.16201336128e-15
-3.02785673236e-17
-6.65636539089e-18
7.07945219502e-18
4.81746088993e-17
1.07957659763e-16
1.25889916441e-16
1.04848655898e-16
8.59134864423e-17
3.68671932502e-17
7.95608499336e-17
2.04361557962e-16
2.22906667724e-16
2.40119754484e-16
4.5779979827e-16
4.66663386385e-16
5.24157056593e-16
4.94797675493e-16
4.6725068359e-16
4.01415276483e-16
4.97063268173e-17
6.01465821869e-17
8.83340493472e-17
1.07463568748e-16
1.15543055961e-16
1.02357331813e-16
-4.03221228001e-17
2.34293419769e-16
5.97728674586e-16
3.87297587314e-16
2.99326210718e-16
-5.06516991228e-16
-1.34653806809e-16
-8.47119866356e-17
-1.10209993238e-17
9.41109811723e-17
3.96549304027e-16
4.44107717707e-16
3.65743986739e-16
3.15232017428e-16
2.51461307255e-16
3.68422638304e-16
6.27630870529e-16
7.21520757004e-16
7.88579278134e-16
1.30417052277e-15
1.39114508104e-15
2.0479042448e-15
1.85590559781e-15
1.74699788556e-15
1.51435140771e-15
1.046026055e-15
1.43722315761e-15
9.28088248893e-16
6.01131161271e-16
4.78140511878e-16
3.88247866899e-16
-6.69653816864e-16
1.02258373046e-15
2.30078505067e-15
1.79087741287e-15
7.39257084404e-16
-1.58848427404e-15
-1.61034874974e-16
-9.73092996426e-17
2.44919671936e-17
1.81375368862e-16
3.46762905834e-16
4.04535926767e-16
4.02226591467e-16
4.247449736e-16
2.87549137736e-16
5.38246079823e-16
9.79957691025e-16
1.00625336508e-15
9.96923821516e-16
1.16735319593e-15
1.42059319237e-15
1.69101990565e-15
1.78482648887e-15
2.31320525623e-15
2.10742286868e-15
1.53849325702e-15
7.99378288554e-16
9.72578947021e-17
2.6655627009e-16
4.8440770526e-16
5.62173169375e-16
3.34909016439e-16
1.45088647107e-15
1.00849325593e-15
9.79060582111e-16
-1.12290684013e-15
-1.01721177269e-15
-1.10505736215e-16
-1.23073629362e-16
-4.18579034626e-17
1.14100817218e-16
2.60363364339e-16
3.44888447081e-16
4.12363176025e-16
5.14630263628e-16
7.99745439906e-16
9.69892375689e-16
1.06020048659e-15
1.04554575031e-15
1.0332335253e-15
1.11122790632e-15
1.64089845642e-15
1.698469775e-15
1.74975564012e-15
1.86786893616e-15
1.85833564118e-15
1.12146578389e-15
1.48137521404e-15
1.32930610469e-15
1.15065259039e-15
1.03565997552e-15
9.09684420447e-16
5.59098331615e-16
9.07604013811e-16
1.06821675455e-15
1.38026155668e-15
1.282536731e-15
3.32779687717e-15
-5.64113811458e-17
-4.57753167915e-17
-4.61147445942e-17
1.16915917298e-16
2.34368589394e-16
3.05369152373e-16
3.79466973489e-16
4.99474384832e-16
7.05572384419e-16
1.1640873848e-15
1.17548017937e-15
1.07678370181e-15
1.00023351347e-15
9.75090848049e-16
1.07668199418e-15
1.15571331057e-15
1.57240429162e-15
1.62791008394e-15
1.8799491638e-15
1.27001359787e-15
1.5815111687e-15
1.5542424766e-15
1.38357055772e-15
1.21582884842e-15
1.02229368412e-15
-1.53449301866e-16
1.07922327711e-15
1.39505821898e-15
2.54664968508e-15
2.51115669619e-15
4.01232010239e-15
-4.28879417759e-17
-2.68753230828e-17
-1.13293321214e-17
9.89818127411e-17
1.94917836562e-16
2.45379366899e-16
3.02208261395e-16
4.08394707559e-16
6.06384841782e-16
7.94745224729e-16
9.19961263703e-16
9.18979004441e-16
8.49539860583e-16
7.27322673154e-16
6.73113754133e-16
6.29637933612e-16
7.24104469287e-16
8.37800945052e-16
9.6552647093e-16
9.50587767954e-16
1.03104254499e-15
1.07324603242e-15
1.05911522834e-15
1.01685166936e-15
9.46978347495e-16
7.54413677766e-16
8.87026387331e-16
1.0332508257e-15
1.27438043705e-15
1.19145861003e-15
1.14230344355e-15
-3.44401375837e-17
-1.94995008365e-17
4.38077568039e-18
6.74330838369e-17
1.22555257497e-16
1.51962376246e-16
1.99061122623e-16
2.92449031106e-16
6.46433195873e-16
7.06049522191e-16
9.30982619685e-16
8.66307026421e-16
7.0781417641e-16
3.26351830316e-16
2.51412759256e-16
-7.352485579e-18
1.13732078907e-16
3.4588337714e-16
5.33836728933e-16
6.59031105835e-16
7.50093390069e-16
7.89103269487e-16
7.96116828693e-16
7.87995018148e-16
7.86470760026e-16
9.0124356294e-16
9.96205977118e-16
1.05324982474e-15
1.02735948993e-15
-6.74949215219e-17
-1.28387950744e-15
-1.92977450627e-17
-8.44748219594e-19
2.77290979736e-17
-1.64148119196e-17
2.60372364767e-17
6.28070532238e-17
9.64704486547e-17
1.38223568667e-16
2.11978947601e-16
2.7350973256e-16
3.73948087313e-16
4.01429848471e-16
3.79808642841e-16
3.61357717946e-16
3.38111400735e-16
2.88017803883e-16
3.02405719515e-16
6.14803896401e-16
6.97406861697e-16
7.89751381228e-16
8.23885024263e-16
7.22322957027e-16
6.36538298259e-16
5.91803372714e-16
5.95043024949e-16
1.30155842927e-15
1.31894828783e-15
1.25728172722e-15
1.03541343671e-15
7.57518354225e-16
5.34043145906e-16
3.45424962077e-18
1.15745207535e-17
8.7837646034e-17
1.11877180577e-17
9.76888028239e-18
3.63925054027e-17
5.83628130083e-17
7.10286718484e-17
8.06929505331e-17
9.1878595142e-17
2.51557747267e-16
2.10811768539e-16
1.37199760971e-16
3.5191539457e-16
3.56638132403e-16
3.01586899538e-16
2.66606761801e-16
3.01757560928e-16
4.10368546472e-16
1.05157407479e-15
1.09585742392e-15
3.84239064045e-16
2.06772339496e-16
2.07127612006e-16
1.56113885884e-16
2.92138163877e-16
4.37697370775e-16
1.07763697274e-15
3.67337455862e-16
1.54496786379e-16
1.19624962103e-16
7.82601207917e-17
5.3712717187e-17
8.15674528555e-17
-5.1240373063e-17
-3.24685079863e-17
1.3061008315e-17
4.06385354902e-17
4.35094332098e-17
2.27317251601e-17
-3.22513794045e-17
-2.4264600202e-16
-2.8633974788e-16
-4.28938099378e-16
-1.74081515613e-16
-5.70190536419e-17
2.41412979558e-17
6.22118271245e-17
8.63392535149e-17
1.64730473593e-16
7.25138473375e-16
7.22538327392e-16
4.80039105236e-16
2.73692335706e-16
1.01527761558e-16
-5.00491694977e-16
-8.22377345297e-18
1.78615975081e-16
1.96474883765e-16
1.4310852079e-17
-1.69095496886e-16
-3.76358264156e-16
7.01006030167e-17
6.25741841769e-17
1.50389844986e-16
1.56612150277e-16
1.25873157826e-16
9.77281837673e-17
6.89208511767e-17
4.15457693197e-17
4.61447095634e-18
-7.66136744817e-17
-1.64747430325e-16
-2.2567927846e-16
-2.75693939468e-16
-2.94190350161e-16
-2.6956246074e-16
1.16258003993e-16
1.25728249583e-16
1.92462900934e-17
-3.73257378994e-17
-6.30891451269e-17
-4.80992493613e-16
-5.32451549578e-16
-4.86498807661e-16
-4.6575687693e-16
-5.21920105417e-16
-5.13336073276e-16
-5.97322879665e-17
-2.94589907276e-16
-7.63224769898e-16
-1.10951236571e-15
-2.47766030967e-15
5.27524285112e-17
-4.00863074548e-18
8.24334154528e-17
2.91740718016e-17
1.68015039787e-17
1.71116920402e-17
2.20170077416e-17
2.12264546599e-17
-2.08429628272e-18
-1.95552856385e-16
-3.183446239e-16
-3.69222507544e-16
-3.98764165021e-16
-4.632566582e-16
-5.21342987921e-16
-5.74377700216e-16
-6.22045772747e-16
-6.69145302292e-16
-3.48857383917e-16
-3.78978721107e-16
-2.10126105798e-16
-3.60865181795e-16
-5.42690370219e-16
-6.71430924173e-16
-7.65039083275e-16
-9.3206310135e-16
-1.03918893483e-15
-1.85651882443e-15
-2.59840022409e-15
-2.36562499629e-15
-2.1554263987e-15
-1.34272372664e-17
-1.13564509135e-17
5.87717262409e-17
1.53044281866e-16
4.10207303024e-17
2.27710028719e-17
2.48363330121e-17
2.88484745096e-17
4.4778720372e-17
-5.87365141429e-17
-4.18034542105e-16
-5.14768599464e-16
-5.2143466115e-16
-7.68938623945e-16
-8.23750131914e-16
-1.0774907343e-15
-1.13476587491e-15
-1.43179055531e-15
-1.47106671466e-15
-1.72144402003e-15
-1.93885830771e-15
-1.78304060884e-15
-1.51848809601e-15
-1.28813053254e-15
-1.15051026277e-15
-1.6981921807e-15
-1.52601474243e-15
-1.10975192336e-15
-9.13714248298e-16
-7.6099318745e-16
-5.18290999774e-16
1.07711599449e-17
-4.58084664721e-19
3.0896092029e-17
1.63126478006e-16
2.22349513512e-16
1.55209583669e-16
7.27904998886e-17
3.18602769056e-17
1.80737844809e-16
-1.0015638943e-16
-2.69311154437e-16
-3.45075702999e-16
-3.5020294297e-16
-1.02720755887e-16
-1.07950993373e-16
-2.31642212625e-16
-3.8499743007e-16
-8.01593489388e-16
-9.35699970214e-16
-9.58073108157e-16
-6.40521592454e-16
-5.46813484246e-16
-5.22714137246e-16
-4.7663310064e-16
-4.19671744459e-16
-4.09133118069e-16
-3.37061084094e-16
2.85136764513e-16
1.98945993293e-16
1.98262335033e-16
9.18103823952e-16
8.73681947249e-18
1.8823275445e-17
2.54326458913e-17
2.19696211852e-17
-1.39066031264e-18
-5.37190258068e-17
-9.17963588505e-17
-1.03882830797e-16
-1.10398166965e-16
-1.22590746741e-16
-1.71486392557e-16
-4.1322128814e-16
-4.80050310183e-16
-4.73495620545e-16
-4.82604978111e-16
-5.10396864717e-16
-5.53447780084e-16
-5.58529652352e-16
-5.53861896263e-16
-5.40809304555e-16
-7.83264531824e-16
-5.10229695007e-16
-3.30088123158e-16
-1.52031606462e-16
-2.20913110457e-17
-1.01706007007e-17
2.67858781782e-17
1.71662760612e-17
1.74934791246e-16
3.35185662285e-17
4.36464124432e-16
9.70790156191e-16
-3.25912755087e-17
-9.13730167382e-17
-7.33933910112e-17
-9.00233860544e-17
-2.7432570092e-16
-2.6865558005e-16
-1.92957067736e-16
-1.33409308468e-16
-1.1967303524e-16
-1.41189441522e-16
-1.75184415814e-16
-2.16258368969e-16
-2.49579530802e-16
-2.75981463533e-16
-5.12548708926e-16
-6.0154469021e-16
-7.76399865614e-16
-5.12958739853e-16
-2.85122740126e-16
5.55435705429e-17
-3.33064831085e-16
-3.29859660737e-16
-1.3744969919e-16
4.67080234982e-16
6.02097712979e-16
1.87546614192e-16
2.8221659665e-16
6.79421588238e-17
2.91952048406e-16
8.39707219905e-16
1.43174971701e-15
2.12189517229e-15
-4.49383779829e-18
-7.17136135569e-17
-8.69615041422e-17
-8.98606779915e-17
-8.2985267105e-17
-4.51478313202e-17
-1.37609758683e-17
-7.88185282518e-18
-5.95858546198e-17
-1.46070773411e-16
-2.11626780401e-16
-2.50116420747e-16
-2.61254490362e-16
-1.06699928922e-16
-1.43815227082e-16
-2.26100301452e-16
-2.7177778449e-16
-1.90041385037e-16
3.24339871626e-16
7.87246717577e-16
6.68253483648e-16
4.09511121267e-16
2.96599757683e-16
4.06291698751e-16
8.38517214011e-16
8.40960754164e-16
1.13927613668e-15
1.01122289327e-15
9.19048445208e-16
1.0424742729e-15
1.36008627781e-15
2.16909059422e-15
5.85684507514e-17
1.90381111815e-17
-1.87681121945e-18
-1.24326781629e-16
-1.14874207599e-16
-5.08601831713e-17
1.38831760216e-18
7.40627670508e-18
-1.63890250246e-16
-3.59881019051e-16
-3.85307793334e-16
-3.53614002323e-16
-3.33307619518e-16
-3.37641052374e-16
-4.83583935346e-16
-4.58551662966e-16
-3.2246195086e-16
-1.81319826735e-16
-1.31303755642e-17
1.46538526778e-16
1.91910775626e-16
-8.55476604387e-17
1.39917075578e-17
2.19082490688e-16
4.70081970132e-16
6.84637781086e-16
1.14436224222e-15
1.18860630985e-15
1.13625843392e-15
1.17613087578e-15
1.37629809898e-15
2.05429265598e-15
8.78561152903e-17
7.55312751823e-17
7.70067737562e-17
9.30346818103e-17
1.32860763517e-16
1.50785099127e-16
1.25734399387e-16
8.27895046951e-17
2.77393716641e-17
-4.37257452691e-17
-8.4064679673e-17
-1.12227628984e-16
-1.38753664501e-16
-1.57592912711e-16
-1.57895207338e-16
-8.68821013596e-17
2.52525374236e-16
2.79176804086e-16
2.51993783956e-16
2.69715623255e-16
3.28440461593e-16
3.32727344541e-16
3.82736668069e-16
4.29628239617e-16
4.84541066879e-16
6.41479472627e-16
9.08242612614e-16
1.12245372782e-15
1.20999710952e-15
1.26643874845e-15
1.36360469239e-15
1.52477178059e-15
8.43879778791e-17
2.17182395774e-16
2.55167185236e-16
2.77688255177e-16
2.92888077078e-16
1.51931945729e-16
-2.11518133692e-17
-4.6085012747e-17
-5.84571938213e-17
-1.88440444418e-16
-6.56227841376e-17
-4.78818461533e-17
-7.90598609771e-17
-1.07011773117e-16
-1.11524667651e-16
-8.14470341593e-17
-2.89689460078e-18
7.58794187734e-17
1.71959583088e-16
3.14692043537e-16
6.63939396048e-16
7.08322873925e-16
8.69368660654e-16
7.31020068104e-16
4.41737108148e-16
6.21645950182e-16
9.84580548629e-16
1.45743294954e-15
1.51419000884e-15
1.48578306712e-15
1.48582568114e-15
1.49429251139e-15
2.12219367837e-16
2.27317468656e-16
2.43962170377e-16
3.92186476692e-16
4.21720256065e-16
3.914166005e-16
3.29858262073e-16
2.4846194596e-16
1.55008451673e-16
5.53041468818e-17
-2.51891830561e-17
-9.2383262068e-17
-1.36651390985e-16
-1.6009482592e-16
-1.68817414993e-16
-1.61444538258e-16
-1.37238522777e-16
-7.69650871947e-17
8.4232543329e-18
1.10184786631e-16
2.28558056062e-16
3.32910465728e-16
4.40692420907e-16
5.43528171858e-16
6.77809806038e-16
9.27712266553e-16
1.40776456901e-15
1.57474959781e-15
1.63051508421e-15
1.72562793392e-15
1.82883613403e-15
1.94243014973e-15
2.69748313612e-17
2.42695725088e-17
1.58567073927e-17
-2.86771114332e-17
-3.00235089496e-17
-1.52981427366e-17
-4.28022772877e-18
-2.14164899976e-18
-9.76782367982e-18
-2.51696062194e-17
-4.83355841853e-17
-8.99938886232e-17
-9.11527596422e-17
-8.35579796292e-17
-8.95618242686e-17
-1.025634169e-16
-1.57543803943e-16
-1.29330799344e-16
-9.73210109269e-17
-8.23501308993e-17
-1.21072811613e-16
-8.64916177025e-17
-8.2394898948e-17
-9.64589654446e-18
6.397965923e-17
1.24347645632e-16
1.45995403921e-16
2.49172581911e-16
3.60201016422e-16
5.00958613016e-16
6.64331222569e-16
9.61421787755e-16
1.53130135721e-17
1.09979482747e-17
-4.42014123067e-19
-5.23459655217e-17
-5.25117577545e-17
-3.56628469767e-17
-2.25635203026e-17
-1.80998505003e-17
-2.29227896653e-17
-3.70858352966e-17
-5.91368805833e-17
-1.02938252656e-16
-1.00599179411e-16
-9.36367406584e-17
-1.00911770299e-16
-1.21364099264e-16
-1.84830761426e-16
-1.57686663814e-16
-1.25962973625e-16
-1.20017900615e-16
-1.70508989081e-16
-1.3811855002e-16
-1.38692758709e-16
-5.70080718051e-17
2.09256746687e-17
7.54777323476e-17
8.20963938283e-17
1.97280635329e-16
3.36507294668e-16
4.92559597876e-16
6.85031310318e-16
9.94193376446e-16
)
;
    }
    procBoundary1to0
    {
        type            processor;
        value           nonuniform List<scalar> 
27
(
-4.89678878418e-08
-1.47298301884e-07
-2.45156552074e-07
-2.94131101961e-07
-2.1196532196e-05
-2.81531744327e-05
-3.88886599016e-05
-5.71240601618e-05
-8.47200895752e-05
-0.000125582075323
-0.000177424151419
-1.08316745858e-06
-1.68894767335e-06
-2.39058958586e-06
-3.16490831411e-06
-3.97975720388e-06
-4.85640936597e-06
-5.84544946868e-06
-6.70010975551e-06
-7.40863458825e-06
-8.24343085361e-06
-9.60200516068e-06
-1.19843814095e-05
-6.20162304856e-06
-1.50463244161e-05
-3.67904425469e-05
-3.39456605605e-05
)
;
    }
}


// ************************************************************************* //
