/*--------------------------------*- C++ -*----------------------------------*\
  =========                 |
  \\      /  F ield         | OpenFOAM: The Open Source CFD Toolbox
   \\    /   O peration     | Website:  https://openfoam.org
    \\  /    A nd           | Version:  7
     \\/     M anipulation  |
\*---------------------------------------------------------------------------*/
FoamFile
{
    version     2.0;
    format      ascii;
    class       surfaceScalarField;
    location    "0.04";
    object      phi;
}
// * * * * * * * * * * * * * * * * * * * * * * * * * * * * * * * * * * * * * //

dimensions      [1 0 -1 0 0 0 0];

internalField   nonuniform List<scalar> 
1572
(
2.58424194273e-08
2.76159345161e-08
1.0467689961e-07
8.48175873378e-08
1.41878764517e-07
2.36647348949e-07
1.48367736175e-08
3.06320113641e-08
6.00341007545e-08
9.41343359014e-08
1.58206474019e-07
1.34472044099e-07
7.11543769107e-09
3.24464689199e-08
2.95048001206e-08
9.89308067564e-08
1.66796324885e-07
6.65428472659e-08
4.1396677175e-11
3.78685444429e-08
3.7207451577e-10
1.15101172874e-07
1.94023576342e-07
8.39531175267e-10
-2.9900243069e-09
4.46099682557e-08
-1.20742528676e-08
1.35429030762e-07
2.28013302737e-07
-2.72636835237e-08
-4.55256815626e-09
5.18465111503e-08
-1.83281976426e-08
1.57321880365e-07
2.64478573254e-07
-4.11628612475e-08
-4.79366663801e-09
5.89810177985e-08
-1.93302744475e-08
1.7886516027e-07
3.00480120973e-07
-4.3563206356e-08
-4.59319923973e-09
6.5767408496e-08
-1.83453753937e-08
1.9924683791e-07
3.34665710857e-07
-4.13738477911e-08
-4.26483113222e-09
7.22442168226e-08
-1.70211217876e-08
2.18594168669e-07
3.66992020509e-07
-3.82705646011e-08
-4.09839401554e-09
7.84468870225e-08
-1.58663563015e-08
2.36756257258e-07
3.97232297329e-07
-3.53253574819e-08
-3.2475075786e-09
8.37547841528e-08
-1.33003235482e-08
2.53028914329e-07
4.24320948497e-07
-2.99020364584e-08
-3.49403135557e-09
8.92054353398e-08
-1.33553028641e-08
2.68828067617e-07
4.50432832681e-07
-2.94343759457e-08
-2.57237097807e-09
9.36513324576e-08
-1.06795460907e-08
2.82662381014e-07
4.73678249294e-07
-2.42214386871e-08
-2.59832672311e-09
9.80839274702e-08
-1.05374125169e-08
2.96118186663e-07
4.96115173877e-07
-2.36362937379e-08
-2.54305287016e-09
1.02444702571e-07
-1.01081931703e-08
3.09205672893e-07
5.17915184947e-07
-2.25617141613e-08
-2.14579268283e-09
1.06449804214e-07
-9.08902170479e-09
3.2170379614e-07
5.38786264507e-07
-2.05907251175e-08
-2.72814482077e-09
1.10861473561e-07
-1.02434591984e-08
3.34303576437e-07
5.59453431325e-07
-2.23309094646e-08
-2.50495768353e-09
1.1487792752e-07
-9.65866106255e-09
3.46027577924e-07
5.78761752011e-07
-2.1263365456e-08
-2.4647823102e-09
1.18677579188e-07
-9.56746292482e-09
3.57163576171e-07
5.97090302205e-07
-2.11109119612e-08
-2.57359259947e-09
1.22344231783e-07
-9.87550966914e-09
3.6776487227e-07
6.14510658832e-07
-2.17646397985e-08
-2.45390657532e-09
1.25513824895e-07
-9.83716594754e-09
3.77351951766e-07
6.30414121424e-07
-2.20519289194e-08
-2.57019329575e-09
1.28479944403e-07
-1.05127125161e-08
3.86464971271e-07
6.45520803372e-07
-2.36968519922e-08
-3.18714025574e-09
1.31776436536e-07
-1.22933762441e-08
3.95894604315e-07
6.61131119207e-07
-2.74236220245e-08
-3.65134278789e-09
1.35221965133e-07
-1.41911706522e-08
4.05812605851e-07
6.77608526424e-07
-3.17723653422e-08
-4.34882774942e-09
1.39040101284e-07
-1.71439436328e-08
4.17006316569e-07
6.95880674844e-07
-3.81398128691e-08
-4.82921054849e-09
1.43087360287e-07
-1.93293406523e-08
4.29169609511e-07
7.16016524875e-07
-4.34059369884e-08
-4.93722573463e-09
1.47256872109e-07
-2.01912430779e-08
4.42117632391e-07
7.37757255601e-07
-4.58424618897e-08
-4.56659530722e-09
1.51203024435e-07
-1.92128717442e-08
4.54892018452e-07
7.59265021516e-07
-4.39025759528e-08
-4.37707964691e-09
1.55436722849e-07
-1.7242361e-08
4.67253043254e-07
7.79744083878e-07
-3.87285376638e-08
-3.04148946497e-09
1.58508747584e-07
-1.18453383421e-08
4.76163355514e-07
7.93999764117e-07
-2.5981251235e-08
-1.16754756579e-09
-4.9097786083e-09
-1.08297900958e-08
1.70009712316e-07
3.93830895801e-07
1.90637953001e-07
2.21534893792e-07
2.01903008252e-07
1.10126446812e-07
2.34804214712e-07
1.31802294511e-09
2.75654445089e-07
-4.55522507419e-08
3.19415688652e-07
-6.8433759994e-08
3.6253936885e-07
-7.24709772524e-08
4.03546780478e-07
-6.88192858754e-08
4.42239223236e-07
-6.35826996074e-08
4.78031582329e-07
-5.79616271158e-08
5.10930038953e-07
-5.00507838379e-08
5.41546346729e-07
-4.77871738492e-08
5.70090302045e-07
-4.08852341366e-08
5.97169405607e-07
-3.93204631939e-08
6.23348040416e-07
-3.73088737199e-08
6.48761841741e-07
-3.46051405924e-08
6.72934924909e-07
-3.60432647426e-08
6.95756412676e-07
-3.47025001419e-08
7.17435924901e-07
-3.45527490082e-08
7.37917199172e-07
-3.55621327214e-08
7.56927259591e-07
-3.66162027396e-08
7.75043968687e-07
-3.9574706895e-08
7.93279893276e-07
-4.51830872473e-08
8.12608314189e-07
-5.25482859371e-08
8.34140218859e-07
-6.30711673806e-08
8.58120326963e-07
-7.22318348598e-08
8.84401231026e-07
-7.69304786069e-08
9.11017039929e-07
-7.44377808797e-08
9.35011835868e-07
-6.40737786344e-08
9.51533489644e-07
-4.24137805747e-08
-1.79639201585e-08
6.7264441573e-06
2.7153323757e-05
3.22983725618e-06
3.72677234818e-05
7.55649973241e-07
5.34731391415e-05
1.82175845755e-06
8.37371178758e-05
4.47241719827e-06
0.000127899692957
1.01159916897e-06
0.000171174581449
0.000179425535153
-5.52846277094e-07
9.62050954289e-07
6.30334319232e-07
1.78335804941e-06
1.00389426184e-06
2.81035646272e-06
1.47316225408e-06
3.95570442904e-06
2.05833578088e-06
5.12652717808e-06
2.78806110482e-06
6.32020714201e-06
3.61615652389e-06
7.26799167566e-06
4.80878099602e-06
8.06684166223e-06
6.42690507067e-06
8.5613676098e-06
8.58810430566e-06
8.50194926804e-06
1.14687578694e-05
7.5653990303e-06
1.52487987561e-05
5.62555025044e-06
2.00605856441e-05
2.92816898981e-06
2.62716628879e-05
-3.46215213959e-07
3.47854496839e-05
-3.46564271091e-06
4.75013295889e-05
-5.46976307046e-06
6.80405404912e-05
-3.16542743871e-06
0.000101990112048
-2.43528366279e-07
0.000143625784778
-1.26382649729e-06
0.000176891824919
0.000177398543204
-2.12181048299e-07
5.21694296545e-07
7.16624339138e-07
9.52112394203e-07
1.16239045631e-06
1.51392894833e-06
1.73086026905e-06
2.21494238603e-06
2.43492735941e-06
2.98911014909e-06
3.37555326862e-06
3.61574397321e-06
4.62345555796e-06
4.09132822053e-06
6.26322832056e-06
4.2942228948e-06
8.40847932974e-06
4.03972444892e-06
1.11771449369e-05
3.18925032198e-06
1.47051383669e-05
1.72146836087e-06
1.91929040911e-05
-3.42211345441e-07
2.49827733366e-05
-2.99036351431e-06
3.26891480087e-05
-6.07971713091e-06
4.33976021948e-05
-8.91922128129e-06
5.90060478222e-05
-1.0184390069e-05
8.29062826415e-05
-7.15877399577e-06
0.000117313722081
-4.06950781915e-06
0.000154850340863
-2.7461024305e-06
0.000178302547602
0.000174216151403
-2.64407755782e-08
2.66650842136e-07
7.63312974587e-07
4.92682528327e-07
1.2605728313e-06
7.66086699837e-07
1.9275479099e-06
1.01652279297e-06
2.81825935446e-06
1.20983957894e-06
3.99884949298e-06
1.28773874016e-06
5.54675966498e-06
1.16784220715e-06
7.55867593673e-06
7.76809486725e-07
1.01469618696e-05
4.94958082337e-08
1.34573691176e-05
-1.09176231646e-06
1.76874111911e-05
-2.70318159878e-06
2.31222117044e-05
-4.80904323338e-06
3.01916567937e-05
-7.35051953345e-06
3.96053678764e-05
-1.00321385631e-05
5.24571136617e-05
-1.2338804767e-05
7.06115617347e-05
-1.25836776226e-05
9.5964239961e-05
-9.96161372046e-06
0.000129083997249
-6.56311313609e-06
0.000161094993582
-3.67089480222e-06
0.000176903325393
0.000171053958929
7.07107264798e-08
1.43175155929e-09
8.87476519982e-07
-6.44757619254e-09
1.46675216501e-06
-3.61093235555e-08
2.24433247048e-06
-1.10844679089e-07
3.28324668985e-06
-2.64758012501e-07
4.66155436601e-06
-5.43112176835e-07
6.47174623397e-06
-9.96668324883e-07
8.82661873406e-06
-1.68218621819e-06
1.18645016463e-05
-2.65610670375e-06
1.57645091642e-05
-3.96146660956e-06
2.0761590888e-05
-5.61926270655e-06
2.71926987541e-05
-7.61022826316e-06
3.5548592435e-05
-9.82341245169e-06
4.65762268755e-05
-1.20364310619e-05
6.13618744281e-05
-1.35156201282e-05
8.1198450499e-05
-1.33830890444e-05
0.000107036306231
-1.11391251822e-05
0.000137861901707
-7.73729886084e-06
0.000163978966562
-4.31931263847e-06
0.000174520604865
0.000168193705245
-1.28772929567e-08
-1.13966049259e-07
1.03983723763e-06
-2.25652582105e-07
1.71282696672e-06
-3.95324928688e-07
2.61156110318e-06
-6.42993383254e-07
3.80758065929e-06
-9.95067467708e-07
5.39088519743e-06
-1.48279288453e-06
7.46774860457e-06
-2.14228179865e-06
1.01706480807e-05
-3.00945532465e-06
1.36608904748e-05
-4.11518987698e-06
1.81469464293e-05
-5.48145335867e-06
2.39026442513e-05
-7.10671005058e-06
3.13047137217e-05
-8.94586495964e-06
4.08761147848e-05
-1.08493748849e-05
5.33301401703e-05
-1.24911041041e-05
6.95646629812e-05
-1.33530935353e-05
9.0410957133e-05
-1.28983741638e-05
0.00011592609453
-1.06900980957e-05
0.000143917988546
-7.57376836537e-06
0.000165216231618
-4.12758258543e-06
0.000172368738721
0.000166182139768
-9.91656820911e-08
-1.69038294093e-07
1.20257342196e-06
-3.28204099665e-07
1.97371954182e-06
-5.60089924517e-07
2.9977289312e-06
-8.81525830578e-07
4.35355036669e-06
-1.31363326704e-06
6.1425923129e-06
-1.88032337502e-06
8.48437751386e-06
-2.60790371145e-06
1.15299664639e-05
-3.52043145338e-06
1.54621946785e-05
-4.63433686595e-06
2.05154132954e-05
-5.94974100207e-06
2.6990651481e-05
-7.4361479137e-06
3.52856260594e-05
-9.01077232057e-06
4.59203480635e-05
-1.05119495108e-05
5.95453266546e-05
-1.16707904715e-05
7.68572808162e-05
-1.21277516394e-05
9.82411697199e-05
-1.17321385595e-05
0.000123225472353
-9.81801249131e-06
0.000148306447159
-7.18755049293e-06
0.000165896929827
-3.80525264588e-06
0.000170571131063
0.000164763191342
-1.53662215725e-07
-1.79967859125e-07
1.36401388151e-06
-3.49429691261e-07
2.23286535981e-06
-5.94964543431e-07
3.38193416046e-06
-9.31721844167e-07
4.8964444766e-06
-1.37767996573e-06
6.88823685288e-06
-1.95259778542e-06
9.48946689552e-06
-2.6755390256e-06
1.28665929261e-05
-3.56159445135e-06
1.72213841045e-05
-4.6143874121e-06
2.28075117581e-05
-5.81742004346e-06
2.99431687921e-05
-7.12174038233e-06
3.90319957577e-05
-8.43028295842e-06
5.05696781557e-05
-9.58484513891e-06
6.51207778968e-05
-1.03530294549e-05
8.3168457079e-05
-1.05279978758e-05
0.000104772819239
-9.82328782115e-06
0.000128836700485
-8.27467671901e-06
0.000151717250157
-6.06729824973e-06
0.000166512402741
-3.11728115215e-06
0.000169373239513
0.000163898857516
-9.32974340176e-08
-1.70761006736e-07
1.51763019298e-06
-3.31419028622e-07
2.47993274873e-06
-5.62527140756e-07
3.74749780051e-06
-8.77732443319e-07
5.41285297432e-06
-1.2910460665e-06
7.59566027145e-06
-1.81761630381e-06
1.0439772392e-05
-2.47088739877e-06
1.41249393278e-05
-3.25888758977e-06
1.88682004144e-05
-4.17725842953e-06
2.49372699466e-05
-5.20172396851e-06
3.26602627064e-05
-6.27783956536e-06
4.24359051348e-05
-7.31314513862e-06
5.47262639324e-05
-8.17533091938e-06
7.00073727513e-05
-8.70955902998e-06
8.85900878775e-05
-8.80705153321e-06
0.000110280407531
-8.31883721789e-06
0.000133552101692
-7.02946911642e-06
0.000154460193697
-5.00309042899e-06
0.000166999897527
-2.38655109903e-06
0.000168502175457
0.000163443121755
-3.46823181805e-08
-1.56614740925e-07
1.66164488281e-06
-3.03039300381e-07
2.71179442423e-06
-5.12790025953e-07
4.09047429987e-06
-7.97174177355e-07
5.89684453997e-06
-1.16721540619e-06
8.25746946671e-06
-1.63453557771e-06
1.13266420856e-05
-2.20708763522e-06
1.52938690797e-05
-2.88726422477e-06
2.03882840364e-05
-3.66528857394e-06
2.68867226179e-05
-4.51212706062e-06
3.51192598558e-05
-5.3725567391e-06
4.54716317793e-05
-6.16240191808e-06
5.83658214655e-05
-6.77560849019e-06
7.41964793354e-05
-7.10661978705e-06
9.31364468567e-05
-7.08396424362e-06
0.000114795894428
-6.62739973898e-06
0.000137373475186
-5.53348289429e-06
0.00015671480936
-3.75177329834e-06
0.000167447587518
-1.61692835555e-06
0.000167946705427
0.000163295684214
4.41857436819e-08
-1.40425503132e-07
1.79438385625e-06
-2.69476170758e-07
2.92524006392e-06
-4.5313868656e-07
4.40578931182e-06
-7.00300281229e-07
6.34111472223e-06
-1.01879287171e-06
8.86328540578e-06
-1.4157869278e-06
1.21346429359e-05
-1.89548867295e-06
1.63529462967e-05
-2.45649905068e-06
2.17555810072e-05
-3.08696734078e-06
2.86238275793e-05
-3.76074264157e-06
3.72859545894e-05
-4.4320543419e-06
4.81097436672e-05
-5.03908247675e-06
6.14800573657e-05
-5.5094425655e-06
7.77209345425e-05
-5.78375170684e-06
9.69068851901e-05
-5.81556865326e-06
0.000118504139031
-5.44862555166e-06
0.000140434868962
-4.39996650786e-06
0.000158394158898
-2.71851141435e-06
0.000167626391698
-9.16965112568e-07
0.000167422808771
0.000163262727889
2.00148173367e-07
-1.2374953722e-07
1.91679249221e-06
-2.38658387015e-07
3.12204600919e-06
-4.01047668752e-07
4.69604741216e-06
-6.17146628135e-07
6.74852416862e-06
-8.92304455002e-07
9.41653465709e-06
-1.23019852997e-06
1.2868132441e-05
-1.6313409664e-06
1.7306627806e-05
-2.0914454029e-06
2.297432405e-05
-2.59762290774e-06
3.01526029069e-05
-3.12543515185e-06
3.91623539694e-05
-3.63859401808e-06
5.03525376124e-05
-4.0905010923e-06
6.40717216852e-05
-4.43595601794e-06
8.05943702574e-05
-4.65003134548e-06
9.9939562685e-05
-4.68351448624e-06
0.000121456925342
-4.37186454353e-06
0.000142854219772
-3.40912613358e-06
0.000159634066628
-1.84615862042e-06
0.000167539402561
-3.74633343828e-07
0.000166869123459
0.000163226027137
2.86798238706e-07
-1.14234095649e-07
2.0302184801e-06
-2.17028467808e-07
3.30396216317e-06
-3.6134038271e-07
4.96396071796e-06
-5.51695973967e-07
7.12358916225e-06
-7.91106589676e-07
9.92347494616e-06
-1.08049546757e-06
1.35355368775e-05
-1.41817250857e-06
1.81667549713e-05
-1.79743174372e-06
2.40600298856e-05
-2.2064073172e-06
3.14948325733e-05
-2.62585231236e-06
4.07820587007e-05
-3.02895476752e-06
5.22502100779e-05
-3.38875706532e-06
6.62220091438e-05
-3.67786834138e-06
8.29336310034e-05
-3.87584224051e-06
0.00010236750424
-3.91781366457e-06
0.000123784505964
-3.59091290907e-06
0.000144680267133
-2.57891978106e-06
0.000160350380393
-1.09306895246e-06
0.000167113908355
8.38585615498e-08
0.000166199018562
0.000163041300361
3.53618838724e-07
-1.0230139848e-07
2.13718296534e-06
-1.96855905702e-07
3.4752391552e-06
-3.28429863693e-07
5.21530830635e-06
-4.9993215224e-07
7.47356537569e-06
-7.12629683204e-07
1.03933492388e-05
-9.65904244473e-07
1.41491696762e-05
-1.25509064597e-06
1.89478464335e-05
-1.5729903592e-06
2.50318487041e-05
-1.90744234451e-06
3.26739803876e-05
-2.24335189232e-06
4.21746927199e-05
-2.56523650585e-06
5.3846647066e-05
-2.8559536354e-06
6.79876242537e-05
-3.10762526679e-06
8.48177653104e-05
-3.30815784164e-06
0.00010429673849
-3.34914321191e-06
0.000125574434021
-2.97467626283e-06
0.000145949187526
-1.88930164976e-06
0.000160514605187
-4.3497258136e-07
0.00016623901798
5.24638914226e-07
0.00016522834746
0.000162589530486
4.23950868212e-07
-9.64693332492e-08
2.23800297244e-06
-1.84043966275e-07
3.63629861573e-06
-3.05104309374e-07
5.4508151345e-06
-4.61549131185e-07
7.7997220688e-06
-6.534586556e-07
1.08279435918e-05
-8.78381617891e-07
1.47102179072e-05
-1.13135359068e-06
1.96525089455e-05
-1.40443157042e-06
2.58929254474e-05
-1.6875785529e-06
3.36969047927e-05
-1.97096869785e-06
4.33541839571e-05
-2.2450831261e-06
5.516134725e-05
-2.50671370753e-06
6.94039158798e-05
-2.75151899957e-06
8.62874372176e-05
-2.96727362357e-06
0.000105763937018
-3.03424232266e-06
0.000126878000883
-2.59782579483e-06
0.000146635199891
-1.38083994483e-06
0.000160007023088
-2.9869405879e-08
0.000164898612818
7.23098702419e-07
0.000163852254712
0.000161524030411
4.96205816608e-07
-9.08543015127e-08
2.33523357346e-06
-1.72380306318e-07
3.79096509705e-06
-2.8428394254e-07
5.6757367846e-06
-4.27746258545e-07
8.10904725093e-06
-6.01683086266e-07
1.12357116323e-05
-8.03198005233e-07
1.52298064249e-05
-1.02645502607e-06
2.02933354316e-05
-1.26457877196e-06
2.66590183421e-05
-1.51006410409e-06
3.45828119105e-05
-1.75683237086e-06
4.43424314124e-05
-2.00477183693e-06
5.62245055827e-05
-2.25843703113e-06
7.05059478086e-05
-2.52900364825e-06
8.73965124592e-05
-2.78595343227e-06
0.000106819188292
-2.86228476132e-06
0.000127692304481
-2.3509957058e-06
0.000146709461307
-1.05430853911e-06
0.000158825458388
3.14155670792e-07
0.00016293175477
9.48304183174e-07
0.000161897594491
0.000159844635968
5.3148953901e-07
-8.55081758496e-08
2.42947993331e-06
-1.62821676071e-07
3.94034493767e-06
-2.68219116972e-07
5.89137068965e-06
-4.0233985771e-07
8.40281729123e-06
-5.63867218812e-07
1.16184820241e-05
-7.49707278124e-07
1.57101479245e-05
-9.54656702369e-07
2.0874481107e-05
-1.17301030691e-06
2.73369667837e-05
-1.40036014608e-06
3.53439024984e-05
-1.63781443128e-06
4.51648764277e-05
-1.89017585325e-06
5.70768713922e-05
-2.16976954704e-06
7.13572427244e-05
-2.48469409366e-06
8.8216097998e-05
-2.79278711987e-06
0.000107540918944
-2.86055109095e-06
0.000128062315226
-2.20575601126e-06
0.000146139500346
-8.0801558542e-07
0.000156963204286
5.1289653089e-07
0.000160382853731
1.00267201518e-06
0.000159343452819
0.00015746421157
4.84075715362e-07
-8.51451325687e-08
2.51822598777e-06
-1.59507058599e-07
4.08013673362e-06
-2.60747603134e-07
6.09160239632e-06
-3.89522232172e-07
8.67278588978e-06
-5.44628555372e-07
1.1965270247e-05
-7.23672556217e-07
1.61375086446e-05
-9.23009481044e-07
2.13799927652e-05
-1.13958637687e-06
2.79106965653e-05
-1.37231208606e-06
3.59667792755e-05
-1.62461973882e-06
4.58104345934e-05
-1.90634725101e-06
5.77161585569e-05
-2.22988024398e-06
7.19625681954e-05
-2.60797741077e-06
8.87697717339e-05
-2.95367196934e-06
0.000107939434968
-3.00020560123e-06
0.000128013850343
-2.17264133338e-06
0.000144937936835
-6.77919535973e-07
0.000154459740632
5.5562212354e-07
0.000157321642807
9.71675139789e-07
0.000156180442417
0.000154301051569
4.61372449327e-07
-8.31139239435e-08
2.60198714546e-06
-1.56393059248e-07
4.21109648804e-06
-2.56238077351e-07
6.27729171778e-06
-3.83414997293e-07
8.91969610658e-06
-5.37395494471e-07
1.22770075457e-05
-7.1677265066e-07
1.65132782413e-05
-9.19660762916e-07
2.18123107796e-05
-1.14554273278e-06
2.83847543173e-05
-1.39722286646e-06
3.64605658973e-05
-1.68336982192e-06
4.62979144304e-05
-2.01642677793e-06
5.81692432374e-05
-2.41807061742e-06
7.23645052822e-05
-2.88144589229e-06
8.90856695873e-05
-3.28406176107e-06
0.00010802749266
-3.27115637395e-06
0.000127485205586
-2.25847921855e-06
0.000143053613611
-6.89991429493e-07
0.00015130199508
5.31046990145e-07
0.000153632382438
8.79849569371e-07
0.000152370524198
0.000150306124588
4.1703804945e-07
-8.31663750591e-08
2.68137029585e-06
-1.56848944526e-07
4.3341150496e-06
-2.57637523929e-07
6.44971991901e-06
-3.86751821101e-07
9.14544328925e-06
-5.4468201203e-07
1.25566121802e-05
-7.31498020706e-07
1.68423624276e-05
-9.47700384545e-07
2.21801349735e-05
-1.19595363679e-06
2.87742237814e-05
-1.48245376848e-06
3.68486060307e-05
-1.81827094638e-06
4.66582139271e-05
-2.22443237366e-06
5.84816303974e-05
-2.71604268798e-06
7.26059967201e-05
-3.27233087134e-06
8.92059597404e-05
-3.73915813176e-06
0.000107846402689
-3.61918126936e-06
0.000126462928747
-2.4161174729e-06
0.000140508265903
-8.14756627673e-07
0.000147556439638
3.23715234264e-07
0.000149388227577
6.63462189488e-07
0.000147880090318
0.000145449701379
2.98222792719e-07
-8.56067781794e-08
2.7560375475e-06
-1.6178674418e-07
4.44866517925e-06
-2.66845004484e-07
6.60820909901e-06
-4.029345202e-07
9.34938896155e-06
-5.72178479374e-07
1.28040113639e-05
-7.76763671606e-07
1.7126145776e-05
-1.02028802945e-06
2.24878578075e-05
-1.30860442188e-06
2.90878606978e-05
-1.65196101648e-06
3.71466725888e-05
-2.06638042174e-06
4.69190360709e-05
-2.57431966562e-06
5.86880655869e-05
-3.18199206315e-06
7.27283365541e-05
-3.84961003179e-06
8.91741663631e-05
-4.37028603429e-06
0.000107423172867
-4.09613705951e-06
0.00012495115417
-2.72344954051e-06
0.000137378297236
-1.13985776591e-06
0.000143336930604
-1.13379673806e-07
0.000144678873048
2.75191294721e-07
0.000142721964316
0.000139646718776
1.75669005456e-07
-8.98189361469e-08
2.8251959576e-06
-1.71472643711e-07
4.55370701635e-06
-2.85341913741e-07
6.75154180884e-06
-4.35103183103e-07
9.53058101622e-06
-6.25038129396e-07
1.30192045946e-05
-8.60106320534e-07
1.73667812109e-05
-1.14732054126e-06
2.27410696838e-05
-1.49657554623e-06
2.93369100769e-05
-1.92234531345e-06
3.73733078657e-05
-2.44416877364e-06
4.71060709763e-05
-3.08397935305e-06
5.88203708039e-05
-3.85351757458e-06
7.27838455985e-05
-4.65728144982e-06
8.9026017101e-05
-5.19759056854e-06
0.000106741320285
-4.74135802894e-06
0.000122942937173
-3.24344524121e-06
0.000133722537533
-1.71321392973e-06
0.000138701616513
-7.60754051925e-07
0.000139526359151
-3.52444562997e-07
0.000136973757425
0.000132873537319
-7.15989258255e-08
-9.78796827773e-08
2.89089109451e-06
-1.88233731666e-07
4.65276702435e-06
-3.15819723375e-07
6.8853712202e-06
-4.86446964189e-07
9.69790099978e-06
-7.07079141499e-07
1.32155740026e-05
-9.86205038472e-07
1.75839533834e-05
-1.33533096259e-06
2.29680931164e-05
-1.76849857334e-06
2.95596239333e-05
-2.30577781781e-06
3.75790025765e-05
-2.97290335495e-06
4.72851757451e-05
-3.7951767143e-06
5.89633633024e-05
-4.75178508131e-06
7.28372231858e-05
-5.7210409998e-06
8.88352153353e-05
-6.264227563e-06
0.000105837084528
-5.62757804384e-06
0.000120487977361
-4.11458415316e-06
0.000129689652917
-2.75984860843e-06
0.000133821052745
-1.85769561301e-06
0.000133975127163
-1.26062962326e-06
0.00013056099169
0.000125047238237
-4.33855341957e-07
-1.10751738121e-07
2.95701741959e-06
-2.13098204295e-07
4.75214940334e-06
-3.59761212169e-07
7.01988846461e-06
-5.58652141801e-07
9.86621125329e-06
-8.20609183465e-07
1.34148245755e-05
-1.15781133007e-06
1.78075853717e-05
-1.58722681045e-06
2.32091473455e-05
-2.12863700868e-06
2.98091495006e-05
-2.80861241553e-06
3.78311621296e-05
-3.65852669637e-06
4.75371661758e-05
-4.6995490907e-06
5.9202675653e-05
-5.89739310847e-06
7.29971293589e-05
-7.06740139158e-06
8.87004504904e-05
-7.58171257383e-06
0.000104758387143
-6.83415808959e-06
0.000117734143106
-5.43937387528e-06
0.000125509394409
-4.2849299729e-06
0.000128852313454
-3.44626214953e-06
0.000128207080324
-2.56611750569e-06
0.000123596689363
0.000116100912907
-9.07346584072e-07
-1.29521820059e-07
3.02729587207e-06
-2.50705549894e-07
4.85844366791e-06
-4.26095778586e-07
7.16524583676e-06
-6.66737413253e-07
1.00511168374e-05
-9.8734457096e-07
1.36393523041e-05
-1.40495240067e-06
1.80697143045e-05
-1.94194218753e-06
2.35079667656e-05
-2.6258266098e-06
3.01451243076e-05
-3.4904651858e-06
3.82084195966e-05
-4.57346849335e-06
4.79622625003e-05
-5.87604635218e-06
5.96459213038e-05
-7.35290936327e-06
7.33837364587e-05
-8.71804277738e-06
8.87246007421e-05
-9.18587070712e-06
0.000103619023319
-8.45108612285e-06
0.000114930348385
-7.32837513756e-06
0.000121489957332
-6.43053359978e-06
0.000124044405898
-5.58558317369e-06
0.000122376501745
-4.26035916672e-06
0.000116168361622
0.000105987180488
-1.48802132481e-06
-1.54851091544e-07
3.10519078837e-06
-3.00589941096e-07
4.97788372101e-06
-5.12352634623e-07
7.33065317799e-06
-8.05549273672e-07
1.02668400656e-05
-1.19819542561e-06
1.39088723317e-05
-1.71332978017e-06
1.83978234991e-05
-2.3797162584e-06
2.39019572105e-05
-3.23180825369e-06
3.06150673211e-05
-4.3167894958e-06
3.8775224788e-05
-5.65767173706e-06
4.86218964494e-05
-7.26271287528e-06
6.03809961355e-05
-9.03889872663e-06
7.40835522788e-05
-1.05538712108e-05
8.89660403654e-05
-1.09806566759e-05
0.00010255062412
-1.04066701428e-05
0.000112358339184
-9.65476384529e-06
0.000117915905926
-9.04030750586e-06
0.000119659309236
-8.18519661235e-06
0.000116755097447
-6.30731175784e-06
0.000108448161083
9.46840444859e-05
-2.1908245628e-06
-1.79153659178e-07
3.19295678459e-06
-3.4947574442e-07
5.11380155915e-06
-5.98377120631e-07
7.52206483658e-06
-9.44581593486e-07
1.05215408386e-05
-1.41077425097e-06
1.42357503021e-05
-2.02505850424e-06
1.88081986359e-05
-2.82286740564e-06
2.44121669425e-05
-3.84636761467e-06
3.12461735673e-05
-5.1330319084e-06
3.95425654169e-05
-6.71216188893e-06
4.95332166705e-05
-8.59946800927e-06
6.14371618945e-05
-1.06246586542e-05
7.5126853758e-05
-1.22035390324e-05
8.94703540719e-05
-1.26545139016e-05
0.000101763304636
-1.24003469845e-05
0.000110349241641
-1.20936246735e-05
0.000115088067515
-1.17629852648e-05
0.000115962767707
-1.08442329031e-05
0.000111574922791
-8.40020489234e-06
0.000100685798714
8.22863632441e-05
-2.8560802698e-06
-1.93266217467e-07
3.29032117743e-06
-3.789190343e-07
5.26572460218e-06
-6.51593274512e-07
7.73890109818e-06
-1.03193349839e-06
1.08138963444e-05
-1.54799795352e-06
1.46189880541e-05
-2.232030782e-06
1.92993349426e-05
-3.12435758868e-06
2.50342060257e-05
-4.26216062232e-06
3.20175085368e-05
-5.6833469432e-06
4.04824246521e-05
-7.42753384743e-06
5.06673476895e-05
-9.48357741631e-06
6.27622887863e-05
-1.15948109738e-05
7.64607737604e-05
-1.30909391423e-05
9.0261508917e-05
-1.35894423841e-05
0.000101463668748
-1.36835761066e-05
0.000109156924199
-1.3770167926e-05
0.000113218324937
-1.36519025302e-05
0.000113165536004
-1.26539120665e-05
0.000107094607574
-9.8494341341e-06
9.3323621055e-05
6.9294605272e-05
-3.26064789132e-06
-1.89431524468e-07
3.38981405576e-06
-3.73408324541e-07
5.42212187828e-06
-6.44005324351e-07
7.9637895567e-06
-1.02363273919e-06
1.11215147009e-05
-1.53883948383e-06
1.50254766787e-05
-2.21966682286e-06
1.98223386238e-05
-3.09658145644e-06
2.56898867046e-05
-4.21262636665e-06
3.28333909156e-05
-5.61697133542e-06
4.14929283225e-05
-7.3424620839e-06
5.19004705497e-05
-9.33794908257e-06
6.42067478681e-05
-1.12727888232e-05
7.79520986504e-05
-1.2512618433e-05
9.13494004654e-05
-1.30076160059e-05
0.000101808119749
-1.33125011327e-05
0.000108890262811
-1.35387958374e-05
0.000112312692972
-1.34817526654e-05
0.000111361777907
-1.27071749086e-05
0.000103837094126
-9.86767628866e-06
8.68620375695e-05
5.67606858769e-05
-3.11657600972e-06
-1.61084677616e-07
3.4806332864e-06
-3.16995599994e-07
5.5653917037e-06
-5.47263560253e-07
8.17002144209e-06
-8.68552615209e-07
1.14006835763e-05
-1.30275662038e-06
1.53903024054e-05
-1.87566375626e-06
2.02877965424e-05
-2.62093857936e-06
2.62771898972e-05
-3.57536482086e-06
3.35670380311e-05
-4.78413231748e-06
4.24098747975e-05
-6.27623370833e-06
5.30408673694e-05
-7.96931362052e-06
6.55763217788e-05
-9.42031721825e-06
7.93971452353e-05
-1.00038672488e-05
9.2506018291e-05
-1.00766564966e-05
0.000102581063693
-1.01720353402e-05
0.000109328074908
-1.04933090792e-05
0.000112510105634
-1.06958508546e-05
0.000110916569167
-1.01451312924e-05
0.000101907021989
-7.78552024036e-06
8.18747027502e-05
4.62818168912e-05
-2.20920573854e-06
-1.03376734765e-07
3.5412747498e-06
-1.99996967099e-07
5.65968576855e-06
-3.40320321821e-07
8.30336485023e-06
-5.34521810708e-07
1.15795230054e-05
-7.92783708835e-07
1.56195492729e-05
-1.12895981944e-06
2.05749117703e-05
-1.5599688779e-06
2.66312420746e-05
-2.10553053485e-06
3.39996883387e-05
-2.78220122881e-06
4.29328556377e-05
-3.61024122081e-06
5.36899807244e-05
-4.54177152581e-06
6.6412869429e-05
-5.38471439951e-06
8.06331743818e-05
-5.60290584644e-06
9.40427678294e-05
-5.51866930099e-06
0.000104163264255
-5.52207072599e-06
0.000110721361892
-5.73834028987e-06
0.000113674586275
-5.71884582818e-06
0.000111251032855
-5.44863855808e-06
0.000101146603809
-3.6395974431e-06
7.83041673253e-05
3.98066299142e-05
-7.16278822805e-07
-4.42890456815e-08
-8.62001527603e-08
-1.45479878798e-07
-2.26322647154e-07
-3.30984627829e-07
-4.64877765017e-07
-6.28412273429e-07
-8.29198638102e-07
-1.05988380073e-06
-1.33015304897e-06
-1.58991107158e-06
-1.71096858468e-06
-1.19239572329e-06
-3.78858232237e-07
3.13192780203e-07
4.49407361593e-07
6.02333805922e-07
1.66266153239e-07
6.53765368594e-07
7.08177354532e-07
-3.86301701415e-07
2.72086223995e-05
2.36339564108e-05
-6.7606072893e-08
2.81789749928e-05
2.49220405291e-05
1.35260305855e-07
2.9000899726e-05
2.62631922767e-05
2.12511978497e-07
2.97289530133e-05
2.75525396189e-05
2.14477944371e-07
3.03174570155e-05
2.87563168093e-05
1.28893665346e-07
3.08524392133e-05
2.97904759533e-05
9.55285058053e-08
3.12997838356e-05
3.07004518273e-05
9.58980942494e-08
3.17204868687e-05
3.15006552387e-05
9.24365761003e-08
3.20934274962e-05
3.2174367774e-05
1.17685481472e-07
3.24092684347e-05
3.27509061211e-05
1.94421186743e-07
3.26837905356e-05
3.32771257957e-05
1.94094720287e-07
3.29339550444e-05
3.36799968837e-05
2.48895380017e-07
3.30701751961e-05
3.40116655162e-05
2.65109277034e-07
3.311768425e-05
3.42062136377e-05
2.9424093653e-07
3.30401602268e-05
3.42611549012e-05
3.14178007952e-07
3.28007108365e-05
3.41478330903e-05
2.71226004406e-07
3.23736650615e-05
3.38081189802e-05
2.69116053896e-07
3.17518879695e-05
3.32828621019e-05
2.41619711954e-07
3.09316806479e-05
3.25503672136e-05
1.68434742594e-07
2.98936607774e-05
3.15640169085e-05
1.02128477923e-07
2.86385560507e-05
3.0352784886e-05
-2.41814863765e-08
2.71294687452e-05
2.88765315585e-05
-2.18028387207e-07
2.53318312305e-05
2.70951664496e-05
-4.60080935928e-07
2.32311383256e-05
2.50069732125e-05
-7.54917717812e-07
2.08153204504e-05
2.26082061027e-05
-1.08598909412e-06
1.80424095722e-05
1.99079244629e-05
-1.38500229209e-06
1.4956646677e-05
1.69770691342e-05
-1.53967292238e-06
1.16938509577e-05
1.39846043495e-05
-1.40882544206e-06
8.56828365569e-06
1.12200811245e-05
-9.31321908893e-07
6.03250970432e-06
9.01103975141e-06
-1.87533801862e-07
4.46618483595e-06
7.64546834776e-06
4.23649338061e-07
)
;

boundaryField
{
    inletfuel
    {
        type            calculated;
        value           nonuniform 0();
    }
    inletair
    {
        type            calculated;
        value           nonuniform 0();
    }
    outlet
    {
        type            calculated;
        value           nonuniform List<scalar> 
26
(
1.59673476831e-07
4.79859301953e-07
7.99844261949e-07
9.58522601666e-07
3.56684681846e-06
5.69946952836e-06
8.35798345531e-06
1.16515049166e-05
1.57095039249e-05
2.06866478195e-05
2.6764389913e-05
3.41625327795e-05
4.31233105133e-05
5.39397177224e-05
6.6770677078e-05
8.13762008625e-05
9.53239296938e-05
0.000105717615152
0.000112004557093
0.000114868105506
0.000111658856959
0.000101333900519
7.6814928181e-05
3.79051467356e-05
3.92916594644e-06
7.2230182558e-06
)
;
    }
    axis
    {
        type            empty;
        value           nonuniform 0();
    }
    leftside
    {
        type            calculated;
        value           uniform 0;
    }
    burnerwall
    {
        type            calculated;
        value           nonuniform 0();
    }
    front
    {
        type            wedge;
        value           nonuniform List<scalar> 
815
(
-2.71008743543e-17
-8.31271922264e-17
-2.69947713292e-16
-1.81988819367e-16
-2.01049251344e-16
-2.72436797873e-17
-1.24058913053e-17
-2.71461943799e-18
8.61727596935e-17
-2.31516442322e-17
1.15483759973e-16
-4.22592280908e-17
-8.34180129316e-17
-2.51461897853e-16
-1.01478265642e-16
1.64643267695e-17
-7.74427146137e-17
-8.15608833007e-17
-2.45793580087e-17
4.18720789545e-16
3.3570297916e-16
2.81360615163e-17
-1.7192948874e-17
-1.97982532702e-17
-1.77047745937e-17
-6.97371527962e-16
-1.23715721572e-16
1.98061742126e-16
-6.40010479882e-16
2.06947507318e-16
-5.62967040692e-16
-7.57982760253e-17
-2.36171864899e-16
-2.76953077781e-16
-1.08129336906e-16
-2.15932724536e-16
-6.3940072437e-17
-3.54501689515e-17
-1.05462057381e-17
2.18903855072e-16
-6.77191278969e-17
-1.1675836127e-16
-1.41276712514e-16
-2.30034885232e-16
-6.83482367616e-16
-2.85269353434e-16
2.96263848831e-17
-2.23458612463e-16
-2.33498920302e-16
-8.20485566481e-17
1.12515292283e-15
8.73616467178e-16
6.19998399617e-17
-5.15927055945e-17
-5.63237642991e-17
-4.71468746915e-17
-3.46810162442e-16
-2.47814574804e-16
-7.62051128611e-16
-2.6033961711e-16
6.87750118845e-16
1.81454503614e-15
-1.08064580048e-16
-3.94760029872e-16
-2.82418052987e-16
-3.42630713649e-16
-2.30333623829e-16
-9.63277775828e-17
-6.03697318043e-17
-3.27241831411e-17
5.43983960811e-17
-1.34048991156e-16
-3.35656267729e-16
-2.33061556157e-16
-3.41859603623e-16
-7.93701759266e-16
-4.38043802254e-16
-3.70642849987e-16
-4.08076117551e-16
-3.97220864232e-16
-2.02622093789e-16
8.67947753864e-16
2.64717455886e-16
-5.3690342044e-17
-1.02342420793e-16
-9.4798437779e-17
-6.36482011552e-17
-5.32153109534e-17
-3.55226308195e-16
-7.04025498488e-16
2.10948631361e-16
-3.66656287563e-16
1.79481409656e-15
-1.01371604866e-16
-2.73653124148e-16
-2.59081281003e-16
-2.98934888265e-16
-2.42303110895e-16
-1.07787329627e-16
-7.40163180305e-17
-5.26878018289e-17
-3.14787849769e-17
-1.57057941466e-16
-2.8397743851e-16
-2.4454974837e-16
-3.51654881709e-16
-6.55868688839e-16
-4.78376235292e-16
-5.975487813e-16
-4.91484270537e-16
-4.8308990257e-16
-3.14073452202e-16
1.93902255291e-16
-1.98888036964e-16
-1.37241479877e-16
-1.32371345585e-16
-1.13594911639e-16
-6.26530491922e-17
1.43742310682e-16
-4.5036014836e-16
-6.92901207429e-16
-1.16304452067e-16
-1.63358503896e-16
9.63605209099e-16
-2.31141660443e-16
-5.98985000623e-16
-7.39146210116e-16
-7.90290373291e-16
-8.61216146244e-16
-3.67844749705e-16
-2.74659759935e-16
-2.41343790731e-16
-2.57323647501e-16
-5.42209455529e-16
-7.73300035536e-16
-7.64796875796e-16
-1.0378536897e-15
-1.7817010275e-15
-1.5948229734e-15
-2.5905565222e-15
-1.76459149887e-15
-1.83004993066e-15
-1.40229924831e-15
-9.74915549969e-16
-1.96285196471e-15
-6.00443887996e-16
-4.95457247255e-16
-4.17433854902e-16
-2.03190646785e-16
1.24932012617e-15
-2.03149464397e-15
-2.51258276076e-15
-1.04669449863e-15
9.02370374275e-17
2.69056603397e-15
-1.45594158166e-16
-8.49110450185e-16
-9.73236709888e-16
-9.07065433078e-16
-5.72268890754e-16
-4.14765524308e-16
-3.76779372056e-16
-3.79542343448e-16
-2.87796279846e-16
-7.63860069605e-16
-1.15427728787e-15
-9.2970730249e-16
-1.06454563899e-15
-1.39575694321e-15
-1.67187997467e-15
-1.88244307347e-15
-1.962799313e-15
-2.78523491829e-15
-1.84155646121e-15
-1.15085502625e-15
-4.33980342792e-16
3.18919267228e-16
-4.91560691593e-16
-5.84420048004e-16
-4.71257360572e-16
-1.29510939634e-16
-1.94501694978e-15
-3.14120178548e-16
-6.02350595321e-16
2.20477855866e-15
7.52464099266e-16
-1.52465747535e-16
-2.36263993235e-16
-4.63449792261e-16
-5.32645324948e-16
-4.30522707809e-16
-4.12840579125e-16
-4.61498829469e-16
-6.02674238267e-16
-9.34914377417e-16
-9.87404290994e-16
-9.79652890733e-16
-9.51502372379e-16
-1.04300664512e-15
-1.28543274445e-15
-1.98815771669e-15
-1.60992275636e-15
-1.78595378696e-15
-1.88036391319e-15
-1.67217752907e-15
-5.85413546763e-16
-1.96314623602e-15
-1.13894719692e-15
-1.01047754992e-15
-8.99192955794e-16
-6.98627463651e-16
-1.93531299367e-16
-1.06710396184e-15
-8.1459773298e-16
-1.27660960299e-15
-9.3217868926e-16
-3.94770362879e-15
-1.79225052817e-16
-3.45133230965e-16
-1.70792425842e-16
-4.7543166121e-16
-3.17304818201e-16
-3.33568411649e-16
-4.1667555432e-16
-5.89451105176e-16
-8.73704655198e-16
-1.31069002529e-15
-9.75916352753e-16
-9.08198951855e-16
-8.99712145146e-16
-9.32643164419e-16
-1.08771502046e-15
-1.15502728868e-15
-1.79739568413e-15
-1.47346835942e-15
-1.84426942309e-15
-6.35467816642e-16
-1.87011226989e-15
-1.30488690946e-15
-1.1130405699e-15
-9.78196805006e-16
-6.89045589184e-16
8.57831507718e-16
-1.74243547453e-15
-1.24306848036e-15
-2.77346298413e-15
-2.01961919197e-15
-4.31553872435e-15
-1.27175158473e-16
-1.59097383396e-16
-1.44028992026e-16
-1.75307889789e-16
-1.8590005239e-16
-2.27123052485e-16
-3.16058506581e-16
-4.7656362291e-16
-7.05477907796e-16
-8.21288300618e-16
-8.78482950696e-16
-7.84487885e-16
-6.90511820048e-16
-5.43948494214e-16
-5.45148514561e-16
-4.67100316874e-16
-6.6441433786e-16
-7.17772175364e-16
-8.24708417507e-16
-7.28892437122e-16
-9.20988062682e-16
-8.80943698042e-16
-8.57914922e-16
-8.17406214685e-16
-7.31214724228e-16
-5.15118366478e-16
-8.45729588097e-16
-8.7124026633e-16
-1.13406752531e-15
-8.54395079867e-16
-9.34344131043e-16
-9.48011579559e-17
-8.96901130717e-17
-6.05254653833e-17
-1.55336306548e-17
-8.88102665334e-17
-1.33833151101e-16
-2.2287364695e-16
-4.00677523012e-16
-8.01397027629e-16
-6.83225927504e-16
-9.9437235668e-16
-6.40814775523e-16
-4.39397656348e-16
3.27123169653e-17
-1.4514346087e-16
2.42465405644e-16
-1.77886827399e-16
-4.06451761162e-16
-4.74755792313e-16
-5.79547283719e-16
-6.48309106911e-16
-6.48206372953e-16
-6.5420049652e-16
-6.41332153549e-16
-6.55746337458e-16
-8.71696855392e-16
-8.57612992037e-16
-8.82411294396e-16
-7.6059102881e-16
7.37608655821e-16
1.78139515471e-15
-7.8233556687e-17
-9.83422140004e-17
-5.93307317997e-17
1.90348819581e-16
-5.11153173038e-17
-8.37071780308e-17
-1.11935284785e-16
-1.64912404149e-16
-2.48315097619e-16
-3.03535367909e-16
-4.12130855491e-16
-3.4604057516e-16
-3.22403247757e-16
-3.36770498375e-16
-2.75586618155e-16
-2.20885585118e-16
-3.36010680819e-16
-7.80010389743e-16
-6.19755416295e-16
-8.26483798571e-16
-7.4806261181e-16
-5.42649353601e-16
-5.54096753682e-16
-5.19021001301e-16
-5.69950026581e-16
-1.56961009571e-15
-1.04913846007e-15
-1.06457414271e-15
-7.64282483857e-16
-5.41546749778e-16
-3.64469486919e-16
-1.70071071108e-16
-2.52795680589e-16
-3.62672268901e-16
-8.09270537127e-17
-9.04515855709e-17
-7.95733239984e-17
-7.31447150368e-17
-7.60134570392e-17
-9.13164551859e-17
-1.33947032026e-16
-3.3357851241e-16
-1.23926436797e-16
-1.06980564066e-16
-5.17348781499e-16
-2.5150469549e-16
-2.16158097668e-16
-2.28339578273e-16
-3.20578761015e-16
-5.37991533783e-16
-1.53384423468e-15
-8.44908370417e-16
1.64419612182e-16
-2.64349919186e-16
-2.60377741062e-16
-9.15108053309e-17
-3.97557135584e-16
-4.73169998771e-16
-1.25899106645e-15
1.05621361198e-16
-1.6140607837e-16
-2.03721943423e-16
-3.38452577721e-16
-1.86222383499e-16
-1.48280147144e-16
5.41341996634e-17
-5.77335588063e-17
-5.92813330234e-17
-4.77051878982e-17
-3.14222199524e-17
7.59168605617e-18
1.09278411157e-16
3.87648048673e-16
2.85316766493e-16
4.72840145994e-16
-8.44873162725e-17
3.79124070631e-17
-7.95849844762e-17
-6.0686984706e-17
-1.02849915779e-16
-2.87547550091e-16
-1.07539237728e-15
-4.84702884094e-16
-2.96403779535e-16
-2.07907069705e-16
-2.08095358077e-17
7.17637203475e-16
-4.4016352059e-16
-2.77054931086e-16
-1.71749154977e-16
2.48236897354e-17
9.5599001611e-17
2.51272764918e-16
-1.60421241812e-16
-1.48742697626e-16
-3.01627277706e-16
-2.28640395665e-16
-7.54935644618e-17
-5.59698668226e-17
-4.61185008302e-17
-2.98176665342e-17
1.40033323119e-17
1.22351280348e-16
1.77038504626e-16
2.15717482576e-16
2.73407078339e-16
2.69778272529e-16
1.81309259521e-16
-3.96803080378e-16
2.59565812782e-18
9.28455733819e-17
2.12424928276e-17
1.19945391551e-16
7.41055850962e-16
4.0363408678e-16
3.49401870313e-16
3.69558556727e-16
4.37299171926e-16
3.60599742902e-16
-2.56324716475e-16
4.53079096456e-16
8.63370635157e-16
1.07752308732e-15
2.93010714888e-15
7.44128567945e-17
1.99989729635e-16
5.5504164557e-17
1.25719458797e-16
4.4235939402e-17
-1.058923714e-17
-2.1360437626e-17
-1.68231240924e-17
3.74053258205e-17
3.47536090218e-16
3.47790211006e-16
3.29787273525e-16
3.93006169487e-16
5.17975153757e-16
5.35726661129e-16
6.18585343146e-16
6.44916062176e-16
6.76832018027e-16
1.00183471152e-16
5.01937140344e-16
1.31353473132e-16
4.83971912657e-16
5.87948768184e-16
6.22410891343e-16
6.80187672633e-16
9.26342599914e-16
9.82715248113e-16
2.26795422724e-15
2.98757956934e-15
2.3648697643e-15
2.38730563045e-15
1.57044087244e-16
-1.56651049634e-18
-9.23787197997e-17
-2.27657501599e-16
1.03451855525e-17
-5.46655491994e-17
-6.41837269345e-17
-7.74772752388e-17
-1.09975871451e-16
1.65601094705e-16
6.42350135791e-16
4.25761560974e-16
4.78002831436e-16
9.06603562507e-16
7.51571866053e-16
1.20852774709e-15
1.05155783949e-15
1.60091765795e-15
1.33809338322e-15
1.82766088836e-15
1.84027085605e-15
1.38134636297e-15
1.13693202876e-15
9.54051724275e-16
9.17883234984e-16
1.81178065816e-15
1.11324974425e-15
7.23364084814e-16
7.31299061831e-16
6.81656570006e-16
6.26085653161e-16
-1.44368290627e-16
-3.98318777847e-17
-4.25206599758e-17
-1.49630561039e-16
-1.51595860768e-16
-5.94306465777e-18
2.6365330752e-17
-8.59065858445e-18
-2.83552395237e-16
3.87549207271e-16
3.67551260862e-16
3.34485536211e-16
3.02786727629e-16
-9.87956558451e-17
2.03993823595e-16
3.40536641775e-16
4.76609701042e-16
9.99914972426e-16
8.08096516948e-16
7.79039856369e-16
1.81736746238e-16
3.94054160315e-16
3.42644439153e-16
2.55244853292e-16
2.02881939929e-16
1.86595712875e-16
5.4033020451e-17
-8.20336260554e-16
-2.75750897991e-16
-3.74448538989e-16
-1.55524325418e-15
1.84223532151e-17
1.89484338515e-17
1.58656008858e-17
5.42895880381e-17
1.38542557536e-16
1.02969505265e-16
1.13236844063e-16
1.31308652541e-16
1.51836211183e-16
1.75259550453e-16
2.76233105332e-16
6.84607021478e-16
5.05917254491e-16
4.90361300961e-16
5.47222189855e-16
5.50273454148e-16
5.85506513362e-16
4.97347509078e-16
4.74923452327e-16
4.54192127404e-16
8.6586093731e-16
7.43166684095e-17
1.207460453e-16
-9.79178396481e-17
-1.68802110687e-16
-1.08077168221e-16
-2.0021132391e-16
-1.04865835034e-16
-2.60304868031e-16
1.6019703156e-16
-4.61828411893e-16
-7.68224676454e-16
1.46481295071e-16
1.2019513727e-16
1.22992463163e-17
5.69222191204e-17
2.76895351965e-16
1.16573879081e-16
9.53774024344e-17
1.18075424814e-16
1.64683967028e-16
2.08512929242e-16
2.45628881256e-16
2.90569073902e-16
3.12028484574e-16
3.49127445598e-16
7.59019912634e-16
6.28897809301e-16
8.59156207702e-16
1.88891955501e-16
6.99230880979e-17
-2.90278267832e-16
5.84604710343e-16
9.42206214019e-17
-2.04552633861e-16
-9.69488352754e-16
-6.3152814455e-16
2.22456169676e-17
-4.54067763915e-16
1.02400597963e-17
-4.91856956487e-16
-1.13159819906e-15
-1.6512000146e-15
-2.22676313037e-15
-9.12322579694e-17
-8.86985518494e-17
-7.29541415591e-17
1.83129723105e-17
6.11803303254e-19
9.51041563695e-18
3.55429025137e-17
8.4770654532e-17
2.13014983072e-16
3.02193907975e-16
3.2485656976e-16
3.48231380563e-16
3.10635255592e-16
2.15185739599e-17
2.62778305125e-16
2.78690123904e-16
2.32648792641e-16
-1.43821926054e-17
-8.28299144182e-16
-1.08266640246e-15
-5.45837002565e-16
-3.60545506675e-16
-3.89345693765e-16
-5.84480993307e-16
-1.06316854846e-15
-7.92951321593e-16
-1.2559758463e-15
-7.64653408252e-16
-7.7780481661e-16
-9.87335111072e-16
-1.36987635324e-15
-2.28062170377e-15
-1.06215969404e-16
-1.23125687079e-16
-1.22759469118e-16
9.77423626935e-17
-3.32834309149e-17
-4.23223847094e-17
-5.88295924908e-18
7.57601311751e-17
4.23037073934e-16
5.80821995951e-16
4.35972713782e-16
4.22828177337e-16
4.27736459778e-16
4.62620901986e-16
6.5999873081e-16
3.92482509821e-16
2.1552880194e-16
1.08366330279e-16
-5.5416238183e-17
-1.49541623432e-16
-6.96515312423e-17
2.56667939052e-16
-1.47622375009e-16
-3.21644735891e-16
-5.41867373695e-16
-7.55881943738e-16
-1.24775579469e-15
-9.3488793527e-16
-9.09182320268e-16
-1.00436856128e-15
-1.29078401433e-15
-2.05504108714e-15
-9.25970909352e-17
-1.53974424036e-16
-1.81492323609e-16
-2.05692465191e-16
-1.97032333958e-16
-1.00574611528e-16
-2.22333769859e-17
1.93244664985e-17
8.76445064598e-17
1.44086258328e-16
1.34782757379e-16
1.60932577802e-16
1.68853490725e-16
1.54828371133e-16
8.99973470835e-17
-1.029748046e-16
-4.80976983505e-16
-2.28847882544e-16
-2.42094517696e-16
-3.01829095539e-16
-3.44598600426e-16
-3.08546788867e-16
-3.69658630855e-16
-3.60738859257e-16
-4.4054018864e-16
-6.73126146055e-16
-9.17893112483e-16
-9.82190852311e-16
-9.57722360481e-16
-9.83948635874e-16
-1.06850926959e-15
-1.19049056219e-15
-1.07631011129e-16
-3.56634163366e-16
-2.94850166888e-16
-3.01056851269e-16
-2.12978525144e-16
1.06788904103e-16
2.40220779834e-16
1.68658293902e-16
2.18498021316e-16
2.95665380737e-16
9.76996398039e-18
1.17147053741e-16
1.2250359269e-16
1.04645431549e-16
6.58936171207e-17
-4.87995094854e-18
-1.01532538875e-16
-1.81399288846e-16
-3.22436478791e-16
-5.18641779538e-16
-8.23602206204e-16
-6.28348107064e-16
-7.51213065556e-16
-4.0852419582e-16
-2.7203824409e-16
-7.80873880869e-16
-1.06219901206e-15
-1.30536644079e-15
-1.05437604404e-15
-1.03360242273e-15
-1.0372755965e-15
-1.04671892338e-15
-2.58373890886e-16
-2.60008133677e-16
-3.03186369718e-16
-4.78915462697e-16
-3.2593021517e-16
-2.19281278418e-16
-1.23086359355e-16
-3.71870391145e-17
3.91128167553e-17
9.5866315697e-17
1.23169027209e-16
1.49064859372e-16
1.52828360637e-16
1.50821516545e-16
1.40692154251e-16
1.14330373472e-16
6.48033861856e-17
-1.72301192972e-17
-1.05312209465e-16
-1.99805052478e-16
-2.95656962154e-16
-3.71327134486e-16
-4.66893687933e-16
-5.77812822443e-16
-7.73398032711e-16
-1.07704146622e-15
-1.41960621384e-15
-1.2897190084e-15
-1.31967157772e-15
-1.38899953051e-15
-1.43148757287e-15
-1.48305381124e-15
-1.25697564797e-17
-5.4199520881e-18
1.13339451337e-17
3.74042139008e-17
4.47598840814e-18
4.25625307557e-19
5.58922468914e-18
1.62137230788e-17
3.21882615589e-17
5.10353967205e-17
7.28155919927e-17
9.39668761663e-17
7.07826180247e-17
7.55847144758e-17
9.28051083575e-17
1.10498417605e-16
1.38176027212e-16
7.20977588079e-17
6.89695224484e-17
7.62678061832e-17
1.03469542662e-16
3.19430709077e-17
2.71761927908e-17
-7.11561276034e-17
-1.14473933529e-16
-1.57810596024e-16
-1.91609074463e-16
-3.26257263548e-16
-4.2509134891e-16
-5.77691131972e-16
-7.42324701696e-16
-9.60029644444e-16
3.51877291876e-19
1.19630805601e-17
3.44319370416e-17
6.3403023233e-17
2.34774900851e-17
1.51628488866e-17
1.59359448846e-17
2.37224269833e-17
3.80497234456e-17
5.83606617088e-17
8.14565185009e-17
1.04877130404e-16
7.80492764377e-17
8.62291871017e-17
1.06920865288e-16
1.33114445414e-16
1.64759361088e-16
9.78648228193e-17
9.92425357924e-17
1.16725019167e-16
1.49026452572e-16
7.52128409556e-17
7.17525966331e-17
-3.84724123568e-17
-7.77078998622e-17
-1.12555672711e-16
-1.43537794471e-16
-3.09696555609e-16
-4.34723084658e-16
-5.94176113206e-16
-7.84948514727e-16
-1.01082582439e-15
)
;
    }
    back
    {
        type            wedge;
        value           nonuniform List<scalar> 
815
(
2.71329722726e-17
8.31425863082e-17
2.69957756118e-16
1.81988680615e-16
2.01044721834e-16
2.72363859682e-17
1.23985166065e-17
2.70755870135e-18
-8.61793212907e-17
2.31454110011e-17
-1.15488438355e-16
4.22538051828e-17
8.34133379989e-17
2.51457386562e-16
1.01473692772e-16
-1.64686946372e-17
7.74379492376e-17
8.15561406342e-17
2.45746020856e-17
-4.18725521746e-16
-3.35707585598e-16
-2.81409949818e-17
1.71875763167e-17
1.97923815447e-17
1.76981775632e-17
6.97364618346e-16
1.23708287983e-16
-1.98068132454e-16
6.40004128862e-16
-2.0695223521e-16
5.62965303158e-16
7.58667013974e-17
2.36196503655e-16
2.76964107531e-16
1.08128187242e-16
2.1591846285e-16
6.39232247311e-17
3.54333392643e-17
1.05301387555e-17
-2.18917570342e-16
6.77050134177e-17
1.16745190124e-16
1.41264003387e-16
2.30023467873e-16
6.83473556885e-16
2.85257694924e-16
-2.96336791668e-17
2.2344550567e-16
2.33485760619e-16
8.20350065014e-17
-1.12516131506e-15
-8.73624628632e-16
-6.20141166119e-17
5.15778188135e-17
5.63082174392e-17
4.71300053004e-17
3.4679324062e-16
2.47796613066e-16
7.62036446767e-16
2.60325183898e-16
-6.87760061778e-16
-1.81454887075e-15
1.08288840418e-16
3.9490126943e-16
2.82452231278e-16
3.42625632379e-16
2.3028635555e-16
9.62725684194e-17
6.03147660485e-17
3.26712609018e-17
-5.44474680059e-17
1.34003294147e-16
3.35620849339e-16
2.33020169656e-16
3.41821782797e-16
7.93672953523e-16
4.38005142381e-16
3.7060499651e-16
4.08031469271e-16
3.97175899876e-16
2.02576549065e-16
-8.67974084115e-16
-2.6476239756e-16
5.36415718951e-17
1.02290596569e-16
9.47443996772e-17
6.35909711023e-17
5.31563311388e-17
3.55165864344e-16
7.0397032621e-16
-2.10992099374e-16
3.66625315876e-16
-1.79482610544e-15
1.01449437958e-16
2.73679625215e-16
2.59086401989e-16
2.98922067059e-16
2.42281904837e-16
1.0776525974e-16
7.39941711814e-17
5.26669449476e-17
3.145909385e-17
1.57039534238e-16
2.83959647499e-16
2.44532953879e-16
3.51638584755e-16
6.55851755196e-16
4.78359550553e-16
5.97531107943e-16
4.91466316521e-16
4.83071502344e-16
3.14054614095e-16
-1.93922002847e-16
1.98868164984e-16
1.37221273781e-16
1.32350334695e-16
1.13573611621e-16
6.26300921628e-17
-1.43766742118e-16
4.50336216886e-16
6.9287886557e-16
1.16285485065e-16
1.63345577739e-16
-9.63610342419e-16
2.2891598655e-16
5.98647778994e-16
7.39395632954e-16
7.90863802354e-16
8.61689238665e-16
3.68593610964e-16
2.75399320643e-16
2.42040684981e-16
2.57991766541e-16
5.42833298182e-16
7.73909394832e-16
7.65389166636e-16
1.03844732471e-15
1.78208920037e-15
1.595457442e-15
2.59090549193e-15
1.76532417458e-15
1.8308409586e-15
1.40306184659e-15
9.75659265588e-16
1.9632051816e-15
6.01198596674e-16
4.96234335478e-16
4.18248738067e-16
2.04064028375e-16
-1.2486931636e-15
2.03217247911e-15
2.51324779185e-15
1.04737359504e-15
-8.97594124618e-17
-2.69041388283e-15
1.51839750926e-16
8.52060153492e-16
9.74468090842e-16
9.06811235391e-16
5.7082986922e-16
4.13355569494e-16
3.7539039093e-16
3.78225518859e-16
2.86667844777e-16
7.62680721828e-16
1.15337064321e-15
9.28590614406e-16
1.06341576906e-15
1.3946045646e-15
1.67067254429e-15
1.88117267445e-15
1.96145017542e-15
2.78459049791e-15
1.8400886498e-15
1.14943193442e-15
4.33311983582e-16
-3.19593715573e-16
4.90110856781e-16
5.82942084906e-16
4.69702316873e-16
1.27853010197e-16
1.94373671547e-15
3.12793657803e-16
6.01078739471e-16
-2.20550308714e-15
-7.52855746987e-16
1.54202037908e-16
2.38001832475e-16
4.6280967449e-16
5.31919788869e-16
4.29683306952e-16
4.12007332459e-16
4.60679572859e-16
6.01899572017e-16
9.34263234346e-16
9.86707543062e-16
9.78977906707e-16
9.5084101079e-16
1.04234081818e-15
1.2847538008e-15
1.98776315057e-15
1.60916885513e-15
1.78514477367e-15
1.87950941198e-15
1.67134848221e-15
5.85045929905e-16
1.96275832546e-15
1.1381354826e-15
1.00964641399e-15
8.98321756295e-16
6.97714729593e-16
1.92570135352e-16
1.06614429003e-15
8.13707190819e-16
1.27584857034e-15
9.31638780686e-16
3.94753326433e-15
1.76986091303e-16
3.43071441557e-16
1.69889965718e-16
4.7572663548e-16
3.18493689493e-16
3.34746983597e-16
4.1782539113e-16
5.90541336177e-16
8.74737823295e-16
1.3114906788e-15
9.76859396847e-16
9.09121478886e-16
9.00641394901e-16
9.3359275933e-16
1.08870495768e-15
1.15606380961e-15
1.79790515277e-15
1.47460707359e-15
1.84477118627e-15
6.35966216166e-16
1.87064555339e-15
1.30600311537e-15
1.11418099965e-15
9.79365254866e-16
6.9029206325e-16
-8.56863168686e-16
1.74349709517e-15
1.24431153741e-15
2.77439614939e-15
2.02038919084e-15
4.31575230699e-15
1.30501764269e-16
1.59583271233e-16
1.42602712957e-16
1.73252378051e-16
1.83697194099e-16
2.24938126018e-16
3.13910652785e-16
4.74525671033e-16
7.03543484169e-16
8.19461598497e-16
8.76725523537e-16
7.82767921127e-16
6.88784687815e-16
5.42177233539e-16
5.43298657487e-16
4.65154285555e-16
6.62377001175e-16
7.15681353699e-16
8.22656671033e-16
7.26885317425e-16
9.18997964389e-16
8.78933243298e-16
8.55848667395e-16
8.15234195241e-16
7.28913817119e-16
5.12690029984e-16
8.43281255294e-16
8.68938554087e-16
1.13210475965e-15
8.52998253934e-16
9.33696094702e-16
7.58589021845e-17
8.2468620149e-17
6.27129468241e-17
2.32196931717e-17
9.91662477255e-17
1.44493057638e-16
2.3329388919e-16
4.10543636859e-16
8.09161027576e-16
6.92044949564e-16
1.00053306183e-15
6.49131443331e-16
4.47839492048e-16
-2.84890624178e-17
1.53201007924e-16
-2.3866540529e-16
1.86032234165e-16
4.1515725928e-16
4.8355365968e-16
5.8853616593e-16
6.57438972443e-16
6.57504395167e-16
6.63865403726e-16
6.51542947606e-16
6.66720298792e-16
8.83535221241e-16
8.6966449018e-16
8.9370297855e-16
7.69873717356e-16
-7.32522336372e-16
-1.77965465289e-15
8.78296454306e-17
1.00614086951e-16
5.63106327332e-17
-1.92897486131e-16
4.37785926742e-17
7.61863442626e-17
1.04510192753e-16
1.5784011377e-16
2.41607996512e-16
2.97222125968e-16
4.0612612226e-16
3.40147370111e-16
3.16517459695e-16
3.30854545047e-16
2.69690829787e-16
2.1505781595e-16
3.29975323904e-16
7.77451237579e-16
6.13516717819e-16
8.20201926566e-16
7.41814096211e-16
5.36331200773e-16
5.47457121492e-16
5.11953389404e-16
5.62299100434e-16
1.5635497618e-15
1.04085655121e-15
1.05681658816e-15
7.57820895927e-16
5.37113179882e-16
3.62209854979e-16
1.69012746494e-16
2.52926653989e-16
3.62565088683e-16
8.2120461647e-17
9.17512366124e-17
8.09025759205e-17
7.44731175203e-17
7.72918137306e-17
9.25349164748e-17
1.35078783944e-16
3.34258876545e-16
1.24995609619e-16
1.08018096891e-16
5.17840350767e-16
2.52540019966e-16
2.17198172968e-16
2.29380069841e-16
3.21621989668e-16
5.39012394353e-16
1.53428140634e-15
8.45924336438e-16
-1.63902826367e-16
2.65430975645e-16
2.61556014927e-16
9.28174930526e-17
3.98913350861e-16
4.74557955151e-16
1.26016189653e-15
-1.04644187356e-16
1.62215676644e-16
2.04092423262e-16
3.33157696968e-16
1.87091017159e-16
1.51028439735e-16
-5.22874425668e-17
6.18116220569e-17
6.35040707448e-17
5.1948068137e-17
3.55351421567e-17
-3.6567297448e-18
-1.0564922582e-16
-3.85615174264e-16
-2.82131328612e-16
-4.71266149639e-16
8.58039080055e-17
-3.49178893044e-17
8.26168553053e-17
6.36371431922e-17
1.05843150133e-16
2.90667568435e-16
1.07666895973e-15
4.87763463945e-16
2.99565117913e-16
2.11279640015e-16
2.42857728081e-17
-7.148133527e-16
4.43485291511e-16
2.81573433389e-16
1.75953735917e-16
-2.13620582348e-17
-9.32022527026e-17
-2.49923855428e-16
1.69197954059e-16
1.47325981681e-16
2.98817822153e-16
2.20037690673e-16
5.98431685638e-17
3.95165088585e-17
2.97533706647e-17
1.44767197238e-17
-2.81959991779e-17
-1.35814736035e-16
-1.89548556407e-16
-2.27412560712e-16
-2.8453171963e-16
-2.8028263034e-16
-1.90893101307e-16
3.92683470528e-16
-1.07402617838e-17
-1.01293838336e-16
-2.91356661428e-17
-1.28747483884e-16
-7.46402620007e-16
-4.14254021778e-16
-3.60879322626e-16
-3.82452194362e-16
-4.51958139841e-16
-3.76486663356e-16
2.41982387792e-16
-4.69194892613e-16
-8.76730431688e-16
-1.08618008443e-15
-2.93190843928e-15
-7.42369288091e-17
-1.99594574615e-16
-5.72401021485e-17
-1.27125344702e-16
-4.67712439834e-17
7.91847055873e-18
1.86949768496e-17
1.42663860416e-17
-3.97867420899e-17
-3.48816054536e-16
-3.49707283726e-16
-3.31573672437e-16
-3.94693009969e-16
-5.19596842762e-16
-5.37319415853e-16
-6.20151272803e-16
-6.4646056909e-16
-6.78384299292e-16
-1.00796825145e-16
-5.0349068964e-16
-1.32156709442e-16
-4.85639191052e-16
-5.89758019473e-16
-6.24412759155e-16
-6.8240411266e-16
-9.2876163774e-16
-9.85214786949e-16
-2.27018169741e-15
-2.98954639674e-15
-2.3664270049e-15
-2.38806222441e-15
-1.48292746534e-16
-3.65498866946e-18
8.02885565213e-17
2.15579120727e-16
-2.42524150026e-17
3.57236390699e-17
4.57128585986e-17
6.03095465252e-17
9.41922774656e-17
-1.80284718053e-16
-6.49897054968e-16
-4.38471860997e-16
-4.89900621641e-16
-9.1149626107e-16
-7.62721922046e-16
-1.21291092389e-15
-1.06270713657e-15
-1.60545504758e-15
-1.34951603539e-15
-1.83293947024e-15
-1.84628133478e-15
-1.39394580985e-15
-1.15057133234e-15
-9.69191276625e-16
-9.34895201068e-16
-1.82662409251e-15
-1.13233600086e-15
-7.40912316573e-16
-7.45518366579e-16
-6.90313745537e-16
-6.29233567199e-16
1.28977626801e-16
5.99747848875e-17
8.54028724824e-17
1.98116417956e-16
2.05924948346e-16
6.69742415083e-17
3.1026909835e-17
5.98874120905e-17
3.19643810647e-16
-3.57077261096e-16
-3.29309682024e-16
-3.01070352053e-16
-2.73441456402e-16
1.13658969511e-16
-1.79775050511e-16
-3.15653851667e-16
-4.5066114137e-16
-9.838267936e-16
-7.78831105568e-16
-7.48519689115e-16
-1.58735881325e-16
-3.60682329722e-16
-3.05715947525e-16
-2.13006240539e-16
-1.53729707486e-16
-1.30558832493e-16
5.43082755075e-18
8.78455902926e-16
3.23532611715e-16
4.04519163493e-16
1.56686973301e-15
-1.55886666691e-17
-2.21787499656e-17
-2.46149054485e-17
-6.7540506152e-17
-1.5476872721e-16
-1.20100985623e-16
-1.30205530995e-16
-1.47417805193e-16
-1.66609720473e-16
-1.8856457143e-16
-2.88443518183e-16
-6.89988754544e-16
-5.15946504423e-16
-4.99505408946e-16
-5.55874138751e-16
-5.58604795754e-16
-5.93759362005e-16
-5.05344945445e-16
-4.82892976802e-16
-4.62228594399e-16
-8.69991796048e-16
-7.92293411187e-17
-1.29076983553e-16
8.88417108151e-17
1.58315904961e-16
9.65505419596e-17
1.87342938406e-16
9.19140309875e-17
2.48108265719e-16
-1.69232587094e-16
4.5610389248e-16
7.66627684772e-16
-1.39493667748e-16
-1.26668330067e-16
-3.42923576819e-17
-8.65112404935e-17
-3.01970629602e-16
-1.50336129602e-16
-1.27248562696e-16
-1.47699678792e-16
-1.9187057111e-16
-2.33009650549e-16
-2.67603925104e-16
-3.10262265234e-16
-3.29736479289e-16
-3.65476738397e-16
-7.66589333092e-16
-6.44507896619e-16
-8.66096385899e-16
-1.95586413335e-16
-8.1568738167e-17
2.82563723799e-16
-5.93182370788e-16
-1.07066404334e-16
1.89542979982e-16
9.55808576067e-16
6.11965809e-16
-4.1494229117e-17
4.30805266788e-16
-3.39951068036e-17
4.69074074307e-16
1.1137610947e-15
1.64123207108e-15
2.22545331201e-15
9.6513481583e-17
1.05498065088e-16
9.85468769946e-17
1.14956437237e-17
3.12914788164e-17
2.19947044597e-17
-5.87586334673e-18
-5.6841796763e-17
-1.86036830224e-16
-2.77682656837e-16
-3.0299611904e-16
-3.28991892913e-16
-2.93890208669e-16
-1.46517965732e-17
-2.49046914168e-16
-2.65824291809e-16
-2.20673232491e-16
2.46087932107e-17
8.34392708002e-16
1.08918857866e-15
5.58266116951e-16
3.72240723717e-16
4.01368176358e-16
5.97940681309e-16
1.0759870427e-15
8.10423962839e-16
1.27551854889e-15
7.86071323857e-16
7.98576711645e-16
1.00394045017e-15
1.37859189959e-15
2.27859651338e-15
9.69808221402e-17
1.00182595993e-16
8.88481356517e-17
-1.27540512667e-16
-9.01704638543e-18
-1.77846163885e-19
-3.50861770768e-17
-1.14132796311e-16
-4.49467612661e-16
-6.03172516177e-16
-4.65788880548e-16
-4.4857067843e-16
-4.50133927124e-16
-4.82573964279e-16
-6.68562056981e-16
-4.07911247486e-16
-2.28184543401e-16
-1.18906539127e-16
4.63308058717e-17
1.40736456724e-16
6.220334606e-17
-2.62714169295e-16
1.38967106015e-16
3.10423952924e-16
5.26252449295e-16
7.34958687721e-16
1.21992387363e-15
9.04631579081e-16
8.7880524912e-16
9.79722840249e-16
1.27811674938e-15
2.05369089307e-15
8.85743513049e-17
1.39885535044e-16
1.59717107345e-16
1.77651172813e-16
1.66614274924e-16
7.22983385914e-17
-3.52633498472e-18
-4.23993659608e-17
-1.09141749794e-16
-1.63096863027e-16
-1.50798917348e-16
-1.74669043091e-16
-1.8033606801e-16
-1.64165447391e-16
-9.7059881467e-17
9.68757086416e-17
4.80411380622e-16
2.24088831212e-16
2.37887737501e-16
2.97906504931e-16
3.40834089751e-16
3.04893335749e-16
3.65148163377e-16
3.54818274697e-16
4.31699938308e-16
6.60257039689e-16
9.00599061969e-16
9.61572788585e-16
9.36672580914e-16
9.67406750003e-16
1.06138287642e-15
1.19340180764e-15
1.12632239877e-16
3.68828379711e-16
3.32261704557e-16
3.47510492585e-16
2.6107531544e-16
-7.49738301735e-17
-2.09263128425e-16
-1.32981684716e-16
-1.86880854007e-16
-2.79409484526e-16
5.47652842125e-19
-1.02393271755e-16
-1.11568660505e-16
-9.72028617075e-17
-6.08916180467e-17
7.44361094356e-18
1.03910967923e-16
1.8348195872e-16
3.24199161941e-16
5.20594508333e-16
8.22415210313e-16
6.30826813108e-16
7.56178240763e-16
4.16001482192e-16
2.91579655393e-16
8.04991854606e-16
1.09686919627e-15
1.34919508987e-15
1.10000399457e-15
1.0702278339e-15
1.05440474474e-15
1.0484822945e-15
2.44177642221e-16
2.43289095908e-16
2.85754833844e-16
4.70991357006e-16
3.10838397029e-16
2.05964294685e-16
1.11799919729e-16
2.83040031473e-17
-4.67638023011e-17
-1.02646183139e-16
-1.28702273549e-16
-1.53691791026e-16
-1.56335009729e-16
-1.53583659541e-16
-1.42662140471e-16
-1.15579786583e-16
-6.5365103995e-17
1.71945130538e-17
1.05188170424e-16
1.99568000101e-16
2.95158895173e-16
3.70323034776e-16
4.64734973324e-16
5.73901616195e-16
7.66496384669e-16
1.06617746156e-15
1.40616182924e-15
1.27112894871e-15
1.30266091929e-15
1.37732827586e-15
1.42963012601e-15
1.49022602051e-15
1.31018653429e-17
5.97503847272e-18
-1.07527007942e-17
-3.74201743318e-17
-3.89829920156e-18
1.21210208982e-19
-5.07823098782e-18
-1.57528031246e-17
-3.1894669819e-17
-5.07011315264e-17
-7.26924215189e-17
-9.40010696975e-17
-7.07350589323e-17
-7.54772118329e-17
-9.28192719208e-17
-1.1047991849e-16
-1.38251145911e-16
-7.21198317597e-17
-6.90122955299e-17
-7.63140452918e-17
-1.03504007882e-16
-3.19574256783e-17
-2.71135718488e-17
7.12926481383e-17
1.14668753173e-16
1.58103372988e-16
1.91993115468e-16
3.26681163819e-16
4.25468568127e-16
5.77896055466e-16
7.42335682694e-16
9.6002476778e-16
-1.22292104872e-19
-1.17321335041e-17
-3.42095089229e-17
-6.33277895569e-17
-2.33162999813e-17
-1.50146646671e-17
-1.578381791e-17
-2.35846014178e-17
-3.79385942485e-17
-5.82869830027e-17
-8.14111121543e-17
-1.04880976206e-16
-7.80376547423e-17
-8.62324113927e-17
-1.06938141216e-16
-1.33144157314e-16
-1.64803026141e-16
-9.7908239096e-17
-9.92904777458e-17
-1.16775978715e-16
-1.49062935957e-16
-7.52592002266e-17
-7.17513987551e-17
3.84736114988e-17
7.77693913147e-17
1.12675695015e-16
1.43719039032e-16
3.09927443141e-16
4.34966217693e-16
5.9438274711e-16
7.84917646832e-16
1.01054414046e-15
)
;
    }
    procBoundary1to0
    {
        type            processor;
        value           nonuniform List<scalar> 
27
(
-2.36841870665e-08
-7.29139998495e-08
-1.21717888952e-07
-1.44961283488e-07
-2.0364682158e-05
-2.87717745742e-05
-4.13290077244e-05
-6.538112594e-05
-0.00010970255255
-0.000159038979742
-0.000178687933239
-5.30991300733e-07
-8.11866020733e-07
-1.12971402949e-06
-1.50085452793e-06
-1.94875600252e-06
-2.48365463275e-06
-3.10806082974e-06
-4.1609732575e-06
-5.64236747927e-06
-7.744733959e-06
-1.070694178e-05
-1.47828424016e-05
-9.58668875114e-06
-2.02013421747e-05
-2.61920378477e-05
-2.25269399254e-05
)
;
    }
}


// ************************************************************************* //
